mass_A
t	x	y
0.000000000E0	-5.052584682E-1	1.560830412E-1
1.000000000E-2	-5.045822937E-1	1.561593975E-1
2.000000000E-2	-5.041123461E-1	1.555256068E-1
3.000000000E-2	-5.029488868E-1	1.550212241E-1
4.000000000E-2	-5.016730174E-1	1.539982114E-1
5.000000000E-2	-5.000591321E-1	1.529720843E-1
6.000000000E-2	-4.982804299E-1	1.516310189E-1
7.000000000E-2	-4.962706286E-1	1.504093793E-1
8.000000000E-2	-4.938241493E-1	1.485819129E-1
9.000000000E-2	-4.909123126E-1	1.470592002E-1
1.000000000E-1	-4.878866745E-1	1.451488329E-1
1.100000000E-1	-4.847547512E-1	1.430399276E-1
1.200000000E-1	-4.810594831E-1	1.407968168E-1
1.300000000E-1	-4.773858218E-1	1.383166024E-1
1.400000000E-1	-4.732613458E-1	1.359511304E-1
1.500000000E-1	-4.689825862E-1	1.331797850E-1
1.600000000E-1	-4.643829475E-1	1.307631165E-1
1.700000000E-1	-4.591501947E-1	1.295530557E-1
1.800000000E-1	-4.535944627E-1	1.271072658E-1
1.900000000E-1	-4.477937203E-1	1.231626219E-1
2.000000000E-1	-4.423872293E-1	1.191707566E-1
2.100000000E-1	-4.364463235E-1	1.155517623E-1
2.200000000E-1	-4.300330036E-1	1.120443306E-1
2.300000000E-1	-4.232944003E-1	1.086418665E-1
2.400000000E-1	-4.160969210E-1	1.054532304E-1
2.500000000E-1	-4.088148798E-1	1.018481608E-1
2.600000000E-1	-4.013426200E-1	9.863155366E-2
2.700000000E-1	-3.936172516E-1	9.525013518E-2
2.800000000E-1	-3.857687328E-1	9.185913430E-2
2.900000000E-1	-3.776261758E-1	8.841909904E-2
3.000000000E-1	-3.693881785E-1	8.531753896E-2
3.100000000E-1	-3.611032964E-1	8.214792712E-2
3.200000000E-1	-3.526362789E-1	7.927623315E-2
3.300000000E-1	-3.440047669E-1	7.634450430E-2
3.400000000E-1	-3.352003701E-1	7.339914347E-2
3.500000000E-1	-3.263160242E-1	7.063987835E-2
3.600000000E-1	-3.173172047E-1	6.772919209E-2
3.700000000E-1	-3.081880758E-1	6.472307263E-2
3.800000000E-1	-2.986923829E-1	6.219998495E-2
3.900000000E-1	-2.890638076E-1	5.974665768E-2
4.000000000E-1	-2.796062995E-1	5.757113793E-2
4.100000000E-1	-2.697412007E-1	5.677449068E-2
4.200000000E-1	-2.597015551E-1	5.333722625E-2
4.300000000E-1	-2.497301923E-1	5.015143059E-2
4.400000000E-1	-2.393037746E-1	4.784274414E-2
4.500000000E-1	-2.288726848E-1	4.549557758E-2
4.600000000E-1	-2.187445807E-1	4.346405007E-2
4.700000000E-1	-2.081295552E-1	4.131899158E-2
4.800000000E-1	-1.975709967E-1	3.925976917E-2
4.900000000E-1	-1.869023985E-1	3.739097376E-2
5.000000000E-1	-1.759348522E-1	3.588701954E-2
5.100000000E-1	-1.648421684E-1	3.417696860E-2
5.200000000E-1	-1.537843854E-1	3.256587870E-2
5.300000000E-1	-1.427633231E-1	3.108737262E-2
5.400000000E-1	-1.317064014E-1	3.001869703E-2
5.500000000E-1	-1.205914782E-1	2.905465024E-2
5.600000000E-1	-1.095472474E-1	2.789265369E-2
5.700000000E-1	-9.851597426E-2	2.696936774E-2
5.800000000E-1	-8.744214364E-2	2.754395201E-2
5.900000000E-1	-7.647035597E-2	2.788661912E-2
6.000000000E-1	-6.502069127E-2	2.562600786E-2
6.100000000E-1	-5.344643097E-2	2.537646175E-2
6.200000000E-1	-4.187495001E-2	2.484289883E-2
6.300000000E-1	-3.074940401E-2	2.449058033E-2
6.400000000E-1	-1.954707345E-2	2.445644542E-2
6.500000000E-1	-8.474736763E-3	2.442880410E-2
6.600000000E-1	2.295945991E-3	2.448633216E-2
6.700000000E-1	1.335487629E-2	2.447448937E-2
6.800000000E-1	2.437330779E-2	2.453354611E-2
6.900000000E-1	3.548476650E-2	2.451216538E-2
7.000000000E-1	4.659941852E-2	2.470210345E-2
7.100000000E-1	5.776443171E-2	2.482598757E-2
7.200000000E-1	6.860156290E-2	2.483894831E-2
7.300000000E-1	7.966810368E-2	2.505211713E-2
7.400000000E-1	9.056764460E-2	2.494018266E-2
7.500000000E-1	1.012268818E-1	2.600837562E-2
7.600000000E-1	1.118229741E-1	2.778006846E-2
7.700000000E-1	1.228082983E-1	2.662612262E-2
7.800000000E-1	1.336517958E-1	2.679038845E-2
7.900000000E-1	1.446761235E-1	2.769669949E-2
8.000000000E-1	1.552920102E-1	2.861645926E-2
8.100000000E-1	1.659517495E-1	2.982781447E-2
8.200000000E-1	1.765917843E-1	3.113476169E-2
8.300000000E-1	1.869169226E-1	3.263711095E-2
8.400000000E-1	1.972069764E-1	3.393882624E-2
8.500000000E-1	2.074035279E-1	3.543430751E-2
8.600000000E-1	2.173767605E-1	3.736585539E-2
8.700000000E-1	2.272253020E-1	3.920691592E-2
8.800000000E-1	2.367152171E-1	4.108658962E-2
8.900000000E-1	2.462860201E-1	4.313147878E-2
9.000000000E-1	2.554307637E-1	4.529777614E-2
9.100000000E-1	2.646706856E-1	4.740736087E-2
9.200000000E-1	2.737983347E-1	4.967466691E-2
9.300000000E-1	2.828092511E-1	5.207055073E-2
9.400000000E-1	2.910710088E-1	5.525577619E-2
9.500000000E-1	2.996676214E-1	5.774694923E-2
9.600000000E-1	3.081916014E-1	5.905116627E-2
9.700000000E-1	3.165246291E-1	6.108586964E-2
9.800000000E-1	3.246645489E-1	6.325847840E-2
9.900000000E-1	3.325303090E-1	6.556211986E-2
1.000000000E0	3.398231626E-1	6.777262992E-2
1.010000000E0	3.470374997E-1	7.002767005E-2
1.020000000E0	3.539264851E-1	7.223040989E-2
1.030000000E0	3.609651235E-1	7.437500614E-2
1.040000000E0	3.678619686E-1	7.670670299E-2
1.050000000E0	3.745194759E-1	7.903721271E-2
1.060000000E0	3.810762927E-1	8.126322269E-2
1.070000000E0	3.874464650E-1	8.350751393E-2
1.080000000E0	3.933580350E-1	8.590371984E-2
1.090000000E0	3.991119466E-1	8.856376680E-2
1.100000000E0	4.045667596E-1	9.090350269E-2
1.110000000E0	4.099375444E-1	9.308354602E-2
1.120000000E0	4.150160638E-1	9.519903684E-2
1.130000000E0	4.198997752E-1	9.739253507E-2
1.140000000E0	4.243902957E-1	9.966282017E-2
1.150000000E0	4.287486587E-1	1.018388366E-1
1.160000000E0	4.329097283E-1	1.038397920E-1
1.170000000E0	4.365501072E-1	1.059257093E-1
1.180000000E0	4.401730914E-1	1.078840673E-1
1.190000000E0	4.432758965E-1	1.095203934E-1
1.200000000E0	4.464299245E-1	1.110090829E-1
1.210000000E0	4.490729937E-1	1.126837005E-1
1.220000000E0	4.516458877E-1	1.141065303E-1
1.230000000E0	4.540922807E-1	1.152691389E-1
1.240000000E0	4.562106489E-1	1.162653012E-1
1.250000000E0	4.579560869E-1	1.172344330E-1
1.260000000E0	4.595898453E-1	1.177463514E-1
1.270000000E0	4.608075818E-1	1.184969176E-1
1.280000000E0	4.619452316E-1	1.190243787E-1
1.290000000E0	4.628502405E-1	1.193586771E-1
1.300000000E0	4.633164837E-1	1.196705377E-1
1.310000000E0	4.638234697E-1	1.196794063E-1
