mass_A
t	x	y
0.000000000E0	1.014123112E-3	1.340173759E-1
1.000000000E-2	1.265922870E-3	1.338170800E-1
2.000000000E-2	2.038866940E-3	1.333038531E-1
3.000000000E-2	3.212688110E-3	1.326121199E-1
4.000000000E-2	4.430703446E-3	1.316611768E-1
5.000000000E-2	5.932244787E-3	1.304424455E-1
6.000000000E-2	7.737979943E-3	1.293644043E-1
7.000000000E-2	9.960330807E-3	1.276598867E-1
8.000000000E-2	1.277861401E-2	1.263874252E-1
9.000000000E-2	1.543416583E-2	1.245055196E-1
1.000000000E-1	1.864958262E-2	1.222703870E-1
1.100000000E-1	2.251874784E-2	1.196711512E-1
1.200000000E-1	2.663472172E-2	1.172579287E-1
1.300000000E-1	3.096733115E-2	1.148596682E-1
1.400000000E-1	3.542724558E-2	1.122608908E-1
1.500000000E-1	4.063669975E-2	1.100984959E-1
1.600000000E-1	4.622953040E-2	1.088792708E-1
1.700000000E-1	5.185598056E-2	1.066250141E-1
1.800000000E-1	5.749624216E-2	1.031261383E-1
1.900000000E-1	6.376344841E-2	9.939269311E-2
2.000000000E-1	6.975076085E-2	9.477192466E-2
2.100000000E-1	7.624737623E-2	9.195166845E-2
2.200000000E-1	8.294709096E-2	8.880597073E-2
2.300000000E-1	9.007537382E-2	8.585575999E-2
2.400000000E-1	9.717089442E-2	8.249716577E-2
2.500000000E-1	1.046705323E-1	7.934969380E-2
2.600000000E-1	1.120163580E-1	7.604203948E-2
2.700000000E-1	1.195325340E-1	7.309134572E-2
2.800000000E-1	1.272822993E-1	6.992097614E-2
2.900000000E-1	1.356066417E-1	6.726004738E-2
3.000000000E-1	1.437371337E-1	6.417271181E-2
3.100000000E-1	1.522348558E-1	6.125930761E-2
3.200000000E-1	1.605980450E-1	5.801972059E-2
3.300000000E-1	1.691558852E-1	5.486897791E-2
3.400000000E-1	1.781716901E-1	5.205229707E-2
3.500000000E-1	1.869511213E-1	4.909100116E-2
3.600000000E-1	1.959473857E-1	4.620210757E-2
3.700000000E-1	2.046825434E-1	4.364964467E-2
3.800000000E-1	2.136956165E-1	4.080051942E-2
3.900000000E-1	2.226342355E-1	3.892217328E-2
4.000000000E-1	2.320925820E-1	3.695185191E-2
4.100000000E-1	2.414400512E-1	3.474384385E-2
4.200000000E-1	2.516653046E-1	3.212459509E-2
4.300000000E-1	2.615973901E-1	2.982129524E-2
4.400000000E-1	2.719517241E-1	2.785361435E-2
4.500000000E-1	2.820236869E-1	2.589572715E-2
4.600000000E-1	2.922660541E-1	2.386191737E-2
4.700000000E-1	3.026587824E-1	2.159217608E-2
4.800000000E-1	3.130207418E-1	1.987675028E-2
4.900000000E-1	3.234700237E-1	1.823581526E-2
5.000000000E-1	3.338856684E-1	1.665084645E-2
5.100000000E-1	3.445490763E-1	1.534886742E-2
5.200000000E-1	3.552180823E-1	1.385096741E-2
5.300000000E-1	3.658251726E-1	1.250774254E-2
5.400000000E-1	3.767855302E-1	1.123962546E-2
5.500000000E-1	3.876986015E-1	1.028075804E-2
5.600000000E-1	3.987983712E-1	9.314504716E-3
5.700000000E-1	4.095923391E-1	8.994983691E-3
5.800000000E-1	4.205481758E-1	8.237684362E-3
5.900000000E-1	4.313141056E-1	7.423787098E-3
6.000000000E-1	4.425236337E-1	6.908698721E-3
6.100000000E-1	4.533261597E-1	6.599194720E-3
6.200000000E-1	4.643590348E-1	6.603741678E-3
6.300000000E-1	4.752193909E-1	6.032588794E-3
6.400000000E-1	4.861880270E-1	5.785144572E-3
6.500000000E-1	4.972742857E-1	5.776454302E-3
6.600000000E-1	5.083015411E-1	6.035299383E-3
6.700000000E-1	5.192595067E-1	5.788927255E-3
6.800000000E-1	5.302560220E-1	6.053922324E-3
6.900000000E-1	5.410186118E-1	5.898287431E-3
7.000000000E-1	5.521322971E-1	6.028248454E-3
7.100000000E-1	5.627453852E-1	6.019311965E-3
7.200000000E-1	5.733607603E-1	6.323669517E-3
7.300000000E-1	5.839297044E-1	6.308574630E-3
7.400000000E-1	5.944236982E-1	6.829923723E-3
7.500000000E-1	6.052023411E-1	7.251167399E-3
7.600000000E-1	6.155520584E-1	7.403299178E-3
7.700000000E-1	6.265343862E-1	7.669890653E-3
7.800000000E-1	6.372321581E-1	8.095180634E-3
7.900000000E-1	6.479342814E-1	9.165452980E-3
8.000000000E-1	6.583864101E-1	9.933534007E-3
8.100000000E-1	6.685882262E-1	1.086478412E-2
8.200000000E-1	6.786129694E-1	1.231958049E-2
8.300000000E-1	6.885682566E-1	1.367880894E-2
8.400000000E-1	6.984911517E-1	1.511822681E-2
8.500000000E-1	7.083217703E-1	1.671087046E-2
8.600000000E-1	7.181936883E-1	1.827629646E-2
8.700000000E-1	7.276071488E-1	2.008689856E-2
8.800000000E-1	7.370718497E-1	2.212820990E-2
8.900000000E-1	7.465991022E-1	2.427341830E-2
9.000000000E-1	7.556896382E-1	2.624571790E-2
9.100000000E-1	7.647584667E-1	2.809619556E-2
9.200000000E-1	7.736499689E-1	2.997970648E-2
9.300000000E-1	7.822165011E-1	3.249554727E-2
9.400000000E-1	7.903566235E-1	3.541201236E-2
9.500000000E-1	7.986156514E-1	3.757466213E-2
9.600000000E-1	8.066745691E-1	3.936764523E-2
9.700000000E-1	8.145763786E-1	4.123548240E-2
9.800000000E-1	8.224698488E-1	4.336519312E-2
9.900000000E-1	8.304024384E-1	4.586771949E-2
1.000000000E0	8.377712836E-1	4.811954219E-2
1.010000000E0	8.453079113E-1	5.029138576E-2
1.020000000E0	8.522170081E-1	5.265165714E-2
1.030000000E0	8.591547308E-1	5.470774713E-2
1.040000000E0	8.657975271E-1	5.686102670E-2
1.050000000E0	8.721336973E-1	5.902678062E-2
1.060000000E0	8.785290640E-1	6.118831539E-2
1.070000000E0	8.845162419E-1	6.340636941E-2
1.080000000E0	8.904171413E-1	6.564275527E-2
1.090000000E0	8.961371170E-1	6.776784783E-2
1.100000000E0	9.015387188E-1	7.003639835E-2
1.110000000E0	9.065569021E-1	7.222621275E-2
1.120000000E0	9.115427571E-1	7.432788444E-2
1.130000000E0	9.160921946E-1	7.602747114E-2
1.140000000E0	9.205049445E-1	7.811765275E-2
1.150000000E0	9.247229494E-1	7.989658201E-2
1.160000000E0	9.286254803E-1	8.138723727E-2
1.170000000E0	9.324606308E-1	8.306930084E-2
1.180000000E0	9.360362867E-1	8.476521071E-2
1.190000000E0	9.393343233E-1	8.644885336E-2
1.200000000E0	9.425935311E-1	8.784165453E-2
1.210000000E0	9.453797231E-1	8.933237019E-2
1.220000000E0	9.481244339E-1	9.065546618E-2
1.230000000E0	9.504673367E-1	9.198013282E-2
1.240000000E0	9.526703257E-1	9.311010764E-2
1.250000000E0	9.548231248E-1	9.419096345E-2
1.260000000E0	9.565503869E-1	9.503695116E-2
1.270000000E0	9.582226708E-1	9.564425925E-2
1.280000000E0	9.594896520E-1	9.642104003E-2
1.290000000E0	9.605445304E-1	9.678494321E-2
1.300000000E0	9.614749818E-1	9.737423456E-2
1.310000000E0	9.623420510E-1	9.766172815E-2
1.320000000E0	9.626618587E-1	9.782041820E-2
1.330000000E0	9.627770902E-1	9.803572660E-2
1.340000000E0	9.626908560E-1	9.783507216E-2
1.350000000E0	9.625766016E-1	9.766723212E-2
1.360000000E0	9.621806743E-1	9.749672982E-2
1.370000000E0	9.614994208E-1	9.709241091E-2
1.380000000E0	9.604893216E-1	9.668735180E-2
1.390000000E0	9.592966954E-1	9.615266161E-2
1.400000000E0	9.580381495E-1	9.539032471E-2
1.410000000E0	9.562729910E-1	9.448831184E-2
1.420000000E0	9.545424563E-1	9.337527664E-2
1.430000000E0	9.525311605E-1	9.227990524E-2
1.440000000E0	9.502597876E-1	9.113609766E-2
1.450000000E0	9.474463812E-1	8.991493604E-2
1.460000000E0	9.447935569E-1	8.852713936E-2
1.470000000E0	9.416447943E-1	8.713735875E-2
1.480000000E0	9.383662082E-1	8.557764877E-2
1.490000000E0	9.349944099E-1	8.403158770E-2
1.500000000E0	9.315099389E-1	8.232219876E-2
1.510000000E0	9.273989275E-1	8.064168191E-2
1.520000000E0	9.233057323E-1	7.885037537E-2
1.530000000E0	9.191586743E-1	7.695690748E-2
1.540000000E0	9.146548138E-1	7.515146401E-2
1.550000000E0	9.099246423E-1	7.327992509E-2
1.560000000E0	9.050872314E-1	7.121467202E-2
1.570000000E0	8.998232055E-1	6.929694895E-2
1.580000000E0	8.944068730E-1	6.724006234E-2
1.590000000E0	8.887524918E-1	6.542099580E-2
1.600000000E0	8.830386757E-1	6.344559778E-2
1.610000000E0	8.772912015E-1	6.140524840E-2
1.620000000E0	8.710478745E-1	5.924778528E-2
1.630000000E0	8.650206300E-1	5.702427582E-2
1.640000000E0	8.586643407E-1	5.475710774E-2
1.650000000E0	8.520687692E-1	5.237550131E-2
1.660000000E0	8.453996414E-1	5.021412247E-2
1.670000000E0	8.386775557E-1	4.803223111E-2
1.680000000E0	8.317272523E-1	4.600486175E-2
1.690000000E0	8.244597199E-1	4.336110068E-2
1.700000000E0	8.170221579E-1	4.113348522E-2
1.710000000E0	8.097652336E-1	3.928038412E-2
1.720000000E0	8.022541470E-1	3.727680891E-2
1.730000000E0	7.946544469E-1	3.652240331E-2
1.740000000E0	7.869233830E-1	3.364955038E-2
1.750000000E0	7.791163917E-1	3.124923233E-2
1.760000000E0	7.713888035E-1	2.902092868E-2
1.770000000E0	7.630150438E-1	2.733475888E-2
1.780000000E0	7.545832005E-1	2.519912437E-2
1.790000000E0	7.461230308E-1	2.337843252E-2
1.800000000E0	7.373837118E-1	2.164830133E-2
1.810000000E0	7.285352110E-1	1.992435988E-2
1.820000000E0	7.196389298E-1	1.821594786E-2
1.830000000E0	7.107052981E-1	1.659174124E-2
1.840000000E0	7.017090032E-1	1.498276293E-2
1.850000000E0	6.926814188E-1	1.364605087E-2
1.860000000E0	6.837572607E-1	1.253609472E-2
1.870000000E0	6.743749841E-1	1.140216292E-2
1.880000000E0	6.652342148E-1	1.032549841E-2
1.890000000E0	6.557428488E-1	9.466361649E-3
1.900000000E0	6.464176412E-1	8.497358407E-3
1.910000000E0	6.365862135E-1	7.677633494E-3
1.920000000E0	6.270502353E-1	7.484219523E-3
1.930000000E0	6.174166871E-1	7.579073564E-3
1.940000000E0	6.080189065E-1	7.856170642E-3
1.950000000E0	5.988237113E-1	8.058144568E-3
1.960000000E0	5.894227576E-1	7.464598978E-3
1.970000000E0	5.800878373E-1	6.828088887E-3
1.980000000E0	5.707543678E-1	6.688509431E-3
1.990000000E0	5.613738705E-1	6.628483228E-3
2.000000000E0	5.519319127E-1	6.499056292E-3
2.010000000E0	5.425612086E-1	6.278144650E-3
2.020000000E0	5.332605333E-1	6.004653152E-3
2.030000000E0	5.239008612E-1	5.907252030E-3
2.040000000E0	5.147853151E-1	6.006498775E-3
2.050000000E0	5.052287513E-1	5.935029803E-3
2.060000000E0	4.961017945E-1	5.964476971E-3
2.070000000E0	4.870734615E-1	5.912903949E-3
2.080000000E0	4.776039638E-1	6.147866332E-3
2.090000000E0	4.685626006E-1	6.072271684E-3
2.100000000E0	4.595609146E-1	6.199482158E-3
2.110000000E0	4.502273693E-1	6.535087874E-3
2.120000000E0	4.410195608E-1	6.640015158E-3
2.130000000E0	4.318483248E-1	7.388491582E-3
2.140000000E0	4.230887845E-1	7.846283226E-3
2.150000000E0	4.143726592E-1	8.502682975E-3
2.160000000E0	4.054853349E-1	8.977607370E-3
2.170000000E0	3.967136667E-1	9.267114096E-3
2.180000000E0	3.878884328E-1	9.815229559E-3
2.190000000E0	3.791533864E-1	1.082568042E-2
2.200000000E0	3.704999539E-1	1.144264565E-2
2.210000000E0	3.620415872E-1	1.221032459E-2
2.220000000E0	3.536314582E-1	1.326909564E-2
2.230000000E0	3.452340861E-1	1.442457136E-2
2.240000000E0	3.369915579E-1	1.548316986E-2
2.250000000E0	3.289254114E-1	1.666861774E-2
2.260000000E0	3.209545908E-1	1.810736493E-2
2.270000000E0	3.127755178E-1	1.911560568E-2
2.280000000E0	3.049854580E-1	2.040471648E-2
2.290000000E0	2.972457520E-1	2.161412543E-2
2.300000000E0	2.895380157E-1	2.298646234E-2
2.310000000E0	2.821056980E-1	2.464853270E-2
2.320000000E0	2.749333729E-1	2.579627967E-2
2.330000000E0	2.674978857E-1	2.711832947E-2
2.340000000E0	2.603887557E-1	2.824991569E-2
2.350000000E0	2.538436175E-1	2.993310830E-2
2.360000000E0	2.467298921E-1	3.205663193E-2
2.370000000E0	2.400411747E-1	3.484156092E-2
2.380000000E0	2.338285873E-1	3.616128465E-2
2.390000000E0	2.275513521E-1	3.712649508E-2
2.400000000E0	2.212613357E-1	3.861449108E-2
2.410000000E0	2.154552503E-1	3.990493769E-2
2.420000000E0	2.096890051E-1	4.134782079E-2
2.430000000E0	2.040947433E-1	4.303069173E-2
2.440000000E0	1.986986711E-1	4.449934381E-2
2.450000000E0	1.932700634E-1	4.627866575E-2
2.460000000E0	1.879978800E-1	4.793298392E-2
2.470000000E0	1.831944100E-1	4.923947426E-2
2.480000000E0	1.782370428E-1	5.086220884E-2
2.490000000E0	1.734894014E-1	5.219336751E-2
2.500000000E0	1.690005230E-1	5.360608485E-2
2.510000000E0	1.645871966E-1	5.524962980E-2
2.520000000E0	1.604218674E-1	5.679758209E-2
2.530000000E0	1.567006862E-1	5.781611245E-2
2.540000000E0	1.527181340E-1	5.955235369E-2
2.550000000E0	1.491539053E-1	6.074431857E-2
2.560000000E0	1.458030397E-1	6.212792962E-2
2.570000000E0	1.425693724E-1	6.323533385E-2
2.580000000E0	1.394896053E-1	6.445022660E-2
2.590000000E0	1.368916012E-1	6.535860450E-2
2.600000000E0	1.342705292E-1	6.605269959E-2
2.610000000E0	1.318114112E-1	6.749173794E-2
2.620000000E0	1.294937969E-1	6.853641609E-2
2.630000000E0	1.276550872E-1	6.899485315E-2
2.640000000E0	1.258940144E-1	6.998323519E-2
2.650000000E0	1.240756441E-1	7.091333701E-2
2.660000000E0	1.226635746E-1	7.133478818E-2
2.670000000E0	1.214431022E-1	7.187914682E-2
2.680000000E0	1.203981202E-1	7.215727385E-2
2.690000000E0	1.194619484E-1	7.271931928E-2
2.700000000E0	1.189682676E-1	7.295116357E-2
2.710000000E0	1.183997415E-1	7.317601617E-2
2.720000000E0	1.181725865E-1	7.314586267E-2
2.730000000E0	1.181611261E-1	7.320968600E-2
2.740000000E0	1.181962274E-1	7.315573536E-2
2.750000000E0	1.183947934E-1	7.311903652E-2
2.760000000E0	1.190022028E-1	7.281102713E-2
2.770000000E0	1.195015114E-1	7.247039749E-2
2.780000000E0	1.204064008E-1	7.210873158E-2
2.790000000E0	1.215004775E-1	7.184599820E-2
2.800000000E0	1.226982114E-1	7.113071574E-2
2.810000000E0	1.241089563E-1	7.074948728E-2
2.820000000E0	1.258771483E-1	6.992870192E-2
2.830000000E0	1.280077121E-1	6.902730752E-2
2.840000000E0	1.302144266E-1	6.821134036E-2
2.850000000E0	1.323785745E-1	6.744305654E-2
2.860000000E0	1.348187364E-1	6.644563818E-2
2.870000000E0	1.374582708E-1	6.556731487E-2
2.880000000E0	1.403033218E-1	6.441647553E-2
2.890000000E0	1.434741924E-1	6.325814539E-2
2.900000000E0	1.467544426E-1	6.200197036E-2
2.910000000E0	1.502005528E-1	6.088288482E-2
2.920000000E0	1.536988035E-1	5.993952936E-2
2.930000000E0	1.576382024E-1	5.852362306E-2
2.940000000E0	1.614020663E-1	5.760772148E-2
2.950000000E0	1.656224266E-1	5.613621677E-2
2.960000000E0	1.700051377E-1	5.452590045E-2
2.970000000E0	1.744312455E-1	5.324600645E-2
2.980000000E0	1.789392212E-1	5.203026557E-2
2.990000000E0	1.835025215E-1	5.077719705E-2
3.000000000E0	1.884862936E-1	4.901398345E-2
3.010000000E0	1.934330253E-1	4.784091430E-2
3.020000000E0	1.986831685E-1	4.629531408E-2
3.030000000E0	2.040981751E-1	4.467889775E-2
3.040000000E0	2.093202997E-1	4.337947898E-2
3.050000000E0	2.147261862E-1	4.195128927E-2
3.060000000E0	2.204297370E-1	4.012432488E-2
3.070000000E0	2.264222183E-1	3.880116734E-2
3.080000000E0	2.322580554E-1	3.727084408E-2
3.090000000E0	2.384449043E-1	3.583228653E-2
3.100000000E0	2.445357194E-1	3.416348896E-2
3.110000000E0	2.511084000E-1	3.275381463E-2
3.120000000E0	2.574784898E-1	3.104620602E-2
3.130000000E0	2.642142738E-1	3.004423378E-2
3.140000000E0	2.712500132E-1	2.806575080E-2
3.150000000E0	2.783554399E-1	2.682840682E-2
3.160000000E0	2.850548357E-1	2.552312958E-2
3.170000000E0	2.921556832E-1	2.429890082E-2
3.180000000E0	2.993259013E-1	2.275037189E-2
3.190000000E0	3.063380177E-1	2.162876628E-2
3.200000000E0	3.136628180E-1	2.019942581E-2
3.210000000E0	3.211654680E-1	1.887058740E-2
3.220000000E0	3.284512605E-1	1.791568390E-2
3.230000000E0	3.359265689E-1	1.692844272E-2
3.240000000E0	3.435871051E-1	1.567242664E-2
3.250000000E0	3.513533730E-1	1.474944719E-2
3.260000000E0	3.591263148E-1	1.372714974E-2
3.270000000E0	3.669220885E-1	1.275361833E-2
3.280000000E0	3.747942008E-1	1.218548904E-2
3.290000000E0	3.825937421E-1	1.160150742E-2
3.300000000E0	3.907160485E-1	1.060622887E-2
3.310000000E0	3.988680232E-1	1.000531471E-2
3.320000000E0	4.068150234E-1	9.825178058E-3
3.330000000E0	4.150070276E-1	9.045960210E-3
3.340000000E0	4.229614087E-1	8.709363866E-3
3.350000000E0	4.309277283E-1	8.384873972E-3
3.360000000E0	4.392329142E-1	8.071147060E-3
3.370000000E0	4.472534763E-1	7.527443878E-3
3.380000000E0	4.555843524E-1	7.659998842E-3
3.390000000E0	4.639082574E-1	7.388535214E-3
3.400000000E0	4.718115168E-1	7.009086860E-3
3.410000000E0	4.799454353E-1	7.020719516E-3
3.420000000E0	4.881913231E-1	6.876226471E-3
3.430000000E0	4.962881850E-1	7.100750540E-3
3.440000000E0	5.045293168E-1	6.876673218E-3
3.450000000E0	5.126705989E-1	6.886459739E-3
3.460000000E0	5.206714735E-1	6.985672670E-3
3.470000000E0	5.287432927E-1	6.955893925E-3
3.480000000E0	5.367164907E-1	6.778766597E-3
3.490000000E0	5.447223336E-1	7.078051505E-3
3.500000000E0	5.526088804E-1	7.477770812E-3
3.510000000E0	5.603652341E-1	7.838743754E-3
3.520000000E0	5.682078504E-1	8.075495506E-3
3.530000000E0	5.760206584E-1	8.011596460E-3
3.540000000E0	5.837838052E-1	8.224900914E-3
3.550000000E0	5.914264422E-1	8.173953761E-3
3.560000000E0	5.992370107E-1	8.284442254E-3
3.570000000E0	6.069721550E-1	8.540880791E-3
3.580000000E0	6.144570116E-1	8.868755396E-3
3.590000000E0	6.222648709E-1	8.790697700E-3
3.600000000E0	6.300732988E-1	9.321282127E-3
3.610000000E0	6.380186693E-1	9.623827958E-3
3.620000000E0	6.457181109E-1	1.013487547E-2
3.630000000E0	6.532313320E-1	1.061371147E-2
3.640000000E0	6.605882053E-1	1.079725367E-2
3.650000000E0	6.681978235E-1	1.155120339E-2
3.660000000E0	6.753970224E-1	1.291139574E-2
3.670000000E0	6.827430941E-1	1.340467461E-2
3.680000000E0	6.897067965E-1	1.456906679E-2
3.690000000E0	6.970178078E-1	1.498710542E-2
3.700000000E0	7.039510900E-1	1.618337988E-2
3.710000000E0	7.106454763E-1	1.752451653E-2
3.720000000E0	7.173912144E-1	1.892527323E-2
3.730000000E0	7.239652625E-1	2.021484423E-2
3.740000000E0	7.305394373E-1	2.129622715E-2
3.750000000E0	7.369761282E-1	2.237202488E-2
3.760000000E0	7.427411670E-1	2.424084626E-2
3.770000000E0	7.484741548E-1	2.572009085E-2
3.780000000E0	7.544850274E-1	2.645524945E-2
3.790000000E0	7.602469674E-1	2.794039893E-2
3.800000000E0	7.657963527E-1	2.917369012E-2
3.810000000E0	7.712397983E-1	3.069257040E-2
3.820000000E0	7.766165970E-1	3.188509432E-2
3.830000000E0	7.814919787E-1	3.400838310E-2
3.840000000E0	7.865495863E-1	3.511972293E-2
3.850000000E0	7.914014555E-1	3.695492876E-2
3.860000000E0	7.960765332E-1	3.804047332E-2
3.870000000E0	8.004585625E-1	3.929775600E-2
3.880000000E0	8.047471770E-1	4.067812153E-2
3.890000000E0	8.089883643E-1	4.200667880E-2
3.900000000E0	8.132047419E-1	4.294535475E-2
3.910000000E0	8.174830551E-1	4.412615929E-2
3.920000000E0	8.212658512E-1	4.551399442E-2
3.930000000E0	8.251904876E-1	4.646760556E-2
3.940000000E0	8.288629205E-1	4.776509241E-2
3.950000000E0	8.322171562E-1	4.919333371E-2
3.960000000E0	8.353873239E-1	4.979009718E-2
3.970000000E0	8.386781731E-1	5.029264102E-2
3.980000000E0	8.416995743E-1	5.083646621E-2
3.990000000E0	8.443776555E-1	5.226917537E-2
4.000000000E0	8.474100524E-1	5.243305946E-2
4.010000000E0	8.497979394E-1	5.343107267E-2
4.020000000E0	8.520137258E-1	5.434830028E-2
4.030000000E0	8.542683162E-1	5.495199310E-2
4.040000000E0	8.563051302E-1	5.551417877E-2
4.050000000E0	8.577849188E-1	5.667681629E-2
4.060000000E0	8.596572948E-1	5.663619091E-2
4.070000000E0	8.609082294E-1	5.750068845E-2
4.080000000E0	8.621546208E-1	5.797731260E-2
4.090000000E0	8.631470572E-1	5.843430064E-2
4.100000000E0	8.641814493E-1	5.872357151E-2
4.110000000E0	8.651891301E-1	5.874166386E-2
4.120000000E0	8.654851856E-1	5.960483099E-2
4.130000000E0	8.663698939E-1	5.928388798E-2
4.140000000E0	8.664409783E-1	5.969463946E-2
4.150000000E0	8.664753442E-1	5.985978903E-2
4.160000000E0	8.664563070E-1	5.989970474E-2
4.170000000E0	8.663589120E-1	5.971441201E-2
4.180000000E0	8.662689628E-1	5.913941720E-2
4.190000000E0	8.654932605E-1	5.933792942E-2
4.200000000E0	8.648706342E-1	5.834611107E-2
4.210000000E0	8.640956296E-1	5.847201151E-2
4.220000000E0	8.630915995E-1	5.816713145E-2
4.230000000E0	8.619161256E-1	5.762227803E-2
4.240000000E0	8.606866903E-1	5.682057234E-2
4.250000000E0	8.587646319E-1	5.679144056E-2
4.260000000E0	8.574369270E-1	5.567145484E-2
4.270000000E0	8.553479141E-1	5.539537831E-2
4.280000000E0	8.532759544E-1	5.483882483E-2
4.290000000E0	8.509765891E-1	5.429960700E-2
4.300000000E0	8.486971274E-1	5.327803223E-2
4.310000000E0	8.463484951E-1	5.221824159E-2
4.320000000E0	8.433694012E-1	5.197582240E-2
4.330000000E0	8.408772952E-1	5.041265162E-2
4.340000000E0	8.376925298E-1	4.990064694E-2
4.350000000E0	8.345180767E-1	4.909155248E-2
4.360000000E0	8.311782578E-1	4.804366860E-2
4.370000000E0	8.277338936E-1	4.678883820E-2
4.380000000E0	8.242257990E-1	4.547792189E-2
4.390000000E0	8.204493109E-1	4.461946796E-2
4.400000000E0	8.164499410E-1	4.309834656E-2
4.410000000E0	8.123400866E-1	4.223836912E-2
4.420000000E0	8.081659531E-1	4.120848764E-2
4.430000000E0	8.039017920E-1	4.014480078E-2
4.440000000E0	7.993699997E-1	3.902663499E-2
4.450000000E0	7.947576632E-1	3.806760773E-2
4.460000000E0	7.901646675E-1	3.675474627E-2
4.470000000E0	7.854596654E-1	3.532532143E-2
4.480000000E0	7.805250273E-1	3.457506070E-2
4.490000000E0	7.755706769E-1	3.289812586E-2
4.500000000E0	7.703939982E-1	3.171716659E-2
4.510000000E0	7.651815150E-1	3.044391407E-2
4.520000000E0	7.596008173E-1	2.920136388E-2
4.530000000E0	7.539818394E-1	2.782502490E-2
4.540000000E0	7.482951576E-1	2.665416198E-2
4.550000000E0	7.425960782E-1	2.520664106E-2
4.560000000E0	7.369462531E-1	2.371939185E-2
4.570000000E0	7.308280939E-1	2.283555265E-2
4.580000000E0	7.248049772E-1	2.118183694E-2
4.590000000E0	7.183986553E-1	2.033629830E-2
4.600000000E0	7.120665945E-1	1.912066986E-2
4.610000000E0	7.055252893E-1	1.804482021E-2
4.620000000E0	6.992545879E-1	1.653993856E-2
4.630000000E0	6.927552968E-1	1.564376448E-2
4.640000000E0	6.861570289E-1	1.461072384E-2
4.650000000E0	6.795006866E-1	1.359837153E-2
4.660000000E0	6.729085994E-1	1.297629847E-2
4.670000000E0	6.662130682E-1	1.184575310E-2
4.680000000E0	6.590918305E-1	1.131839945E-2
4.690000000E0	6.521603062E-1	1.085994099E-2
4.700000000E0	6.453302917E-1	9.989700502E-3
4.710000000E0	6.381632218E-1	9.626663885E-3
4.720000000E0	6.308412548E-1	9.026076539E-3
4.730000000E0	6.235901590E-1	8.983571264E-3
4.740000000E0	6.165439765E-1	8.822889525E-3
4.750000000E0	6.097837686E-1	8.415601500E-3
4.760000000E0	6.025340915E-1	8.989446607E-3
4.770000000E0	5.956076985E-1	8.877104810E-3
4.780000000E0	5.886289709E-1	7.889171585E-3
4.790000000E0	5.816454853E-1	8.214149623E-3
4.800000000E0	5.746071638E-1	7.695785504E-3
4.810000000E0	5.676432712E-1	7.512382211E-3
4.820000000E0	5.605233905E-1	7.799151464E-3
4.830000000E0	5.535978911E-1	7.775330832E-3
4.840000000E0	5.467255432E-1	7.582041630E-3
4.850000000E0	5.396053612E-1	7.607439253E-3
4.860000000E0	5.326762316E-1	7.647375853E-3
4.870000000E0	5.258845362E-1	7.581240781E-3
4.880000000E0	5.189775218E-1	6.938113259E-3
4.890000000E0	5.119966224E-1	7.281623699E-3
4.900000000E0	5.050058203E-1	7.070734283E-3
4.910000000E0	4.981791844E-1	6.823740397E-3
4.920000000E0	4.913017321E-1	6.703897840E-3
4.930000000E0	4.843902189E-1	7.153041080E-3
4.940000000E0	4.773802489E-1	7.017206493E-3
4.950000000E0	4.706686762E-1	7.011877582E-3
4.960000000E0	4.638946893E-1	6.945989992E-3
4.970000000E0	4.571504684E-1	6.904017087E-3
4.980000000E0	4.500879104E-1	7.587576305E-3
4.990000000E0	4.431183749E-1	7.798735041E-3
5.000000000E0	4.364491018E-1	7.924431972E-3
5.010000000E0	4.297060179E-1	8.354015088E-3
5.020000000E0	4.231013690E-1	8.688794818E-3
5.030000000E0	4.166347158E-1	9.245364662E-3
5.040000000E0	4.099948009E-1	9.554156862E-3
5.050000000E0	4.034609966E-1	9.890790065E-3
5.060000000E0	3.969035329E-1	1.056937989E-2
5.070000000E0	3.903542091E-1	1.103574314E-2
5.080000000E0	3.842445977E-1	1.129734028E-2
5.090000000E0	3.779344406E-1	1.208189478E-2
5.100000000E0	3.718193891E-1	1.274102125E-2
5.110000000E0	3.654996381E-1	1.317105984E-2
5.120000000E0	3.593579375E-1	1.427326579E-2
5.130000000E0	3.534315146E-1	1.465007047E-2
5.140000000E0	3.476338389E-1	1.528964051E-2
5.150000000E0	3.416306061E-1	1.646407022E-2
5.160000000E0	3.359796610E-1	1.705913517E-2
5.170000000E0	3.303691956E-1	1.785970977E-2
5.180000000E0	3.248425454E-1	1.869268902E-2
5.190000000E0	3.193274936E-1	1.976404214E-2
5.200000000E0	3.139167762E-1	2.078082258E-2
5.210000000E0	3.087508510E-1	2.169651309E-2
5.220000000E0	3.036407834E-1	2.226847445E-2
5.230000000E0	2.984751945E-1	2.341683402E-2
5.240000000E0	2.938074860E-1	2.413859311E-2
5.250000000E0	2.892027117E-1	2.492310982E-2
5.260000000E0	2.841888812E-1	2.606473656E-2
5.270000000E0	2.796499513E-1	2.687956181E-2
5.280000000E0	2.751741639E-1	2.783324748E-2
5.290000000E0	2.707680333E-1	2.881666926E-2
5.300000000E0	2.664205978E-1	2.980896366E-2
5.310000000E0	2.622156885E-1	3.087565820E-2
5.320000000E0	2.580561300E-1	3.158312658E-2
5.330000000E0	2.545026002E-1	3.216117832E-2
5.340000000E0	2.506363139E-1	3.316966493E-2
5.350000000E0	2.467105888E-1	3.395976584E-2
5.360000000E0	2.432580861E-1	3.467463935E-2
5.370000000E0	2.398140135E-1	3.563398407E-2
5.380000000E0	2.365693101E-1	3.652726589E-2
5.390000000E0	2.334417396E-1	3.726064643E-2
5.400000000E0	2.307344109E-1	3.787334497E-2
5.410000000E0	2.277371912E-1	3.872754234E-2
5.420000000E0	2.252894760E-1	3.919554244E-2
5.430000000E0	2.225232484E-1	3.995574898E-2
5.440000000E0	2.200143046E-1	4.055370378E-2
5.450000000E0	2.177513769E-1	4.089630653E-2
5.460000000E0	2.156300636E-1	4.134037836E-2
5.470000000E0	2.134916879E-1	4.213886292E-2
5.480000000E0	2.118792101E-1	4.227979391E-2
5.490000000E0	2.100501788E-1	4.295138451E-2
5.500000000E0	2.086311980E-1	4.333212218E-2
5.510000000E0	2.072846462E-1	4.356828751E-2
5.520000000E0	2.059999934E-1	4.421513481E-2
5.530000000E0	2.046706063E-1	4.440072289E-2
5.540000000E0	2.037720243E-1	4.446924358E-2
5.550000000E0	2.030635534E-1	4.453342736E-2
5.560000000E0	2.022307267E-1	4.480076721E-2
5.570000000E0	2.019156078E-1	4.473691145E-2
5.580000000E0	2.013744731E-1	4.491646905E-2
5.590000000E0	2.011104171E-1	4.472327920E-2
5.600000000E0	2.010627111E-1	4.469439209E-2
5.610000000E0	2.010755066E-1	4.459752744E-2
5.620000000E0	2.012376607E-1	4.458658207E-2
5.630000000E0	2.017008333E-1	4.429908773E-2
5.640000000E0	2.022644331E-1	4.438272968E-2
5.650000000E0	2.031253368E-1	4.419168776E-2
5.660000000E0	2.039891683E-1	4.361621268E-2
5.670000000E0	2.051143855E-1	4.313439380E-2
5.680000000E0	2.063334937E-1	4.290146093E-2
5.690000000E0	2.076969821E-1	4.280676709E-2
5.700000000E0	2.089258549E-1	4.244621641E-2
5.710000000E0	2.106790649E-1	4.143434508E-2
5.720000000E0	2.122476808E-1	4.147891709E-2
5.730000000E0	2.142645264E-1	4.072787399E-2
5.740000000E0	2.164137501E-1	4.012971157E-2
5.750000000E0	2.186113404E-1	3.969069448E-2
5.760000000E0	2.209386337E-1	3.914543879E-2
5.770000000E0	2.232728530E-1	3.875536960E-2
5.780000000E0	2.261681856E-1	3.770969297E-2
5.790000000E0	2.287887778E-1	3.748937741E-2
5.800000000E0	2.318171390E-1	3.699198790E-2
5.810000000E0	2.346275418E-1	3.677007398E-2
5.820000000E0	2.376385485E-1	3.589322696E-2
5.830000000E0	2.409391180E-1	3.479358298E-2
5.840000000E0	2.443061961E-1	3.410758444E-2
5.850000000E0	2.480101594E-1	3.346180155E-2
5.860000000E0	2.516843348E-1	3.225089419E-2
5.870000000E0	2.553872314E-1	3.145032458E-2
5.880000000E0	2.594295524E-1	3.054294110E-2
5.890000000E0	2.637217486E-1	2.945876060E-2
5.900000000E0	2.675301397E-1	2.876077531E-2
5.910000000E0	2.718275317E-1	2.779079514E-2
5.920000000E0	2.761802409E-1	2.693656473E-2
5.930000000E0	2.805950359E-1	2.598869793E-2
5.940000000E0	2.850551404E-1	2.514234681E-2
5.950000000E0	2.894639686E-1	2.423645462E-2
5.960000000E0	2.940366061E-1	2.357856841E-2
5.970000000E0	2.985849778E-1	2.298180728E-2
5.980000000E0	3.037613959E-1	2.176720755E-2
5.990000000E0	3.083647574E-1	2.112075139E-2
6.000000000E0	3.136325491E-1	2.003271450E-2
6.010000000E0	3.185041648E-1	1.969606281E-2
6.020000000E0	3.237984821E-1	1.890597849E-2
6.030000000E0	3.292286100E-1	1.790006763E-2
6.040000000E0	3.346980631E-1	1.692191183E-2
6.050000000E0	3.402494137E-1	1.626946926E-2
6.060000000E0	3.458346033E-1	1.572567119E-2
6.070000000E0	3.514113581E-1	1.498491500E-2
6.080000000E0	3.570538173E-1	1.434693931E-2
6.090000000E0	3.629230481E-1	1.385010253E-2
6.100000000E0	3.688480824E-1	1.258689858E-2
6.110000000E0	3.745753233E-1	1.234734364E-2
6.120000000E0	3.803287472E-1	1.178631576E-2
6.130000000E0	3.863652913E-1	1.095565722E-2
6.140000000E0	3.923173798E-1	1.080418396E-2
6.150000000E0	3.985005089E-1	1.020063781E-2
6.160000000E0	4.044081128E-1	1.015028995E-2
6.170000000E0	4.103316111E-1	1.009225878E-2
6.180000000E0	4.165348296E-1	9.258159059E-3
6.190000000E0	4.222945950E-1	9.089004891E-3
6.200000000E0	4.284803373E-1	8.975090633E-3
6.210000000E0	4.345664373E-1	8.959547205E-3
6.220000000E0	4.407880450E-1	8.553134408E-3
6.230000000E0	4.468879076E-1	8.445023177E-3
6.240000000E0	4.532273900E-1	8.017614654E-3
6.250000000E0	4.595823956E-1	7.626567178E-3
6.260000000E0	4.660526545E-1	7.378802902E-3
6.270000000E0	4.719954361E-1	7.413440589E-3
6.280000000E0	4.784310113E-1	6.990752233E-3
6.290000000E0	4.847556518E-1	6.630248324E-3
6.300000000E0	4.907745478E-1	7.046037896E-3
6.310000000E0	4.972042132E-1	6.838697672E-3
6.320000000E0	5.032242580E-1	7.215392176E-3
6.330000000E0	5.094197592E-1	6.929013047E-3
6.340000000E0	5.155714583E-1	6.539152443E-3
6.350000000E0	5.216609963E-1	7.083001049E-3
6.360000000E0	5.279207505E-1	6.786623804E-3
6.370000000E0	5.338125061E-1	7.015291398E-3
6.380000000E0	5.400340727E-1	6.768425647E-3
6.390000000E0	5.459596923E-1	7.123894253E-3
6.400000000E0	5.522139390E-1	6.795480208E-3
6.410000000E0	5.581155332E-1	7.006753106E-3
6.420000000E0	5.643736152E-1	6.885656024E-3
6.430000000E0	5.703115602E-1	7.309724203E-3
6.440000000E0	5.764652899E-1	6.894812108E-3
6.450000000E0	5.823866725E-1	7.586247913E-3
6.460000000E0	5.887960876E-1	7.372516983E-3
6.470000000E0	5.945485909E-1	7.866065150E-3
6.480000000E0	6.004487751E-1	8.256629370E-3
6.490000000E0	6.065228093E-1	7.805398266E-3
6.500000000E0	6.122055261E-1	8.647021247E-3
6.510000000E0	6.177928743E-1	8.822241204E-3
6.520000000E0	6.237730209E-1	9.231224950E-3
6.530000000E0	6.295583141E-1	8.976488484E-3
6.540000000E0	6.354253899E-1	9.311604045E-3
6.550000000E0	6.410756671E-1	9.721198180E-3
6.560000000E0	6.467075269E-1	1.038846030E-2
6.570000000E0	6.521331055E-1	1.113445858E-2
6.580000000E0	6.575350370E-1	1.138790075E-2
6.590000000E0	6.630310344E-1	1.182797646E-2
6.600000000E0	6.683550553E-1	1.205170505E-2
6.610000000E0	6.738520632E-1	1.252251244E-2
6.620000000E0	6.788102726E-1	1.389572500E-2
6.630000000E0	6.840138957E-1	1.433736265E-2
6.640000000E0	6.893160057E-1	1.473774657E-2
6.650000000E0	6.941098388E-1	1.587609490E-2
6.660000000E0	6.992933953E-1	1.607424255E-2
6.670000000E0	7.040269830E-1	1.722902846E-2
6.680000000E0	7.085930310E-1	1.814885054E-2
6.690000000E0	7.129739779E-1	1.913551907E-2
6.700000000E0	7.173740021E-1	1.992912106E-2
6.710000000E0	7.218366824E-1	2.057887075E-2
6.720000000E0	7.260523511E-1	2.117950676E-2
6.730000000E0	7.303925085E-1	2.165604175E-2
6.740000000E0	7.339613164E-1	2.298931401E-2
6.750000000E0	7.380913095E-1	2.348424265E-2
6.760000000E0	7.416287854E-1	2.463510399E-2
6.770000000E0	7.450602077E-1	2.554230062E-2
6.780000000E0	7.484104335E-1	2.641417673E-2
6.790000000E0	7.517415533E-1	2.719158823E-2
6.800000000E0	7.548819371E-1	2.767191949E-2
6.810000000E0	7.580815042E-1	2.813705712E-2
6.820000000E0	7.612471460E-1	2.846193218E-2
6.830000000E0	7.636934047E-1	2.959346275E-2
6.840000000E0	7.663144552E-1	3.047428945E-2
6.850000000E0	7.691223802E-1	3.064776815E-2
6.860000000E0	7.713980219E-1	3.133492050E-2
6.870000000E0	7.735647803E-1	3.194363030E-2
6.880000000E0	7.758167349E-1	3.246809040E-2
6.890000000E0	7.779785621E-1	3.286229749E-2
6.900000000E0	7.799803331E-1	3.311099102E-2
6.910000000E0	7.814494748E-1	3.433155134E-2
6.920000000E0	7.833419105E-1	3.436783005E-2
6.930000000E0	7.848061193E-1	3.508975935E-2
6.940000000E0	7.860228498E-1	3.570498612E-2
6.950000000E0	7.873738670E-1	3.615506933E-2
6.960000000E0	7.881429675E-1	3.640625332E-2
6.970000000E0	7.891652739E-1	3.670429532E-2
6.980000000E0	7.901647409E-1	3.675999044E-2
6.990000000E0	7.911317289E-1	3.672754354E-2
7.000000000E0	7.916462730E-1	3.728393425E-2
7.010000000E0	7.922275547E-1	3.682248713E-2
7.020000000E0	7.924995131E-1	3.716692360E-2
7.030000000E0	7.925039837E-1	3.744685654E-2
7.040000000E0	7.925463507E-1	3.758689470E-2
7.050000000E0	7.924599577E-1	3.764057284E-2
7.060000000E0	7.923880252E-1	3.765831626E-2
7.070000000E0	7.922473922E-1	3.743138892E-2
7.080000000E0	7.915796782E-1	3.768577558E-2
7.090000000E0	7.912359218E-1	3.720359408E-2
7.100000000E0	7.903063494E-1	3.699154164E-2
7.110000000E0	7.895596504E-1	3.698021346E-2
7.120000000E0	7.885434039E-1	3.626001876E-2
7.130000000E0	7.877769880E-1	3.598601912E-2
7.140000000E0	7.866261808E-1	3.553035526E-2
7.150000000E0	7.854639532E-1	3.489756700E-2
7.160000000E0	7.837647187E-1	3.503978964E-2
7.170000000E0	7.822939328E-1	3.418432368E-2
7.180000000E0	7.803203595E-1	3.418787224E-2
7.190000000E0	7.786616341E-1	3.309176769E-2
7.200000000E0	7.768366412E-1	3.305352816E-2
7.210000000E0	7.747091335E-1	3.257900479E-2
7.220000000E0	7.724643277E-1	3.204799589E-2
7.230000000E0	7.702326165E-1	3.144082580E-2
7.240000000E0	7.680007224E-1	3.055329535E-2
7.250000000E0	7.656134826E-1	2.948339743E-2
7.260000000E0	7.626445252E-1	2.929046532E-2
7.270000000E0	7.601031277E-1	2.803957417E-2
7.280000000E0	7.570134548E-1	2.773579453E-2
7.290000000E0	7.539713495E-1	2.721012218E-2
7.300000000E0	7.505399731E-1	2.666622164E-2
7.310000000E0	7.472345891E-1	2.582784432E-2
7.320000000E0	7.438611011E-1	2.494770501E-2
7.330000000E0	7.403378887E-1	2.426454706E-2
7.340000000E0	7.368720852E-1	2.332423599E-2
7.350000000E0	7.329068517E-1	2.281709705E-2
7.360000000E0	7.292363738E-1	2.146866317E-2
7.370000000E0	7.250033734E-1	2.119354039E-2
7.380000000E0	7.208676268E-1	2.059673567E-2
7.390000000E0	7.169149389E-1	1.914795228E-2
7.400000000E0	7.127129566E-1	1.849563901E-2
7.410000000E0	7.081591159E-1	1.756658028E-2
7.420000000E0	7.037849977E-1	1.689318442E-2
7.430000000E0	6.993089821E-1	1.581202904E-2
7.440000000E0	6.943531529E-1	1.588538686E-2
7.450000000E0	6.895607979E-1	1.476569115E-2
7.460000000E0	6.850215064E-1	1.372212755E-2
7.470000000E0	6.797655658E-1	1.355232377E-2
7.480000000E0	6.750483468E-1	1.232007991E-2
7.490000000E0	6.697927279E-1	1.217715206E-2
7.500000000E0	6.650541782E-1	1.121458817E-2
7.510000000E0	6.597634851E-1	1.102182760E-2
7.520000000E0	6.544692321E-1	1.078587573E-2
7.530000000E0	6.496922141E-1	1.010752867E-2
7.540000000E0	6.442675198E-1	9.769194995E-3
7.550000000E0	6.389572625E-1	9.487858375E-3
7.560000000E0	6.333774594E-1	9.256369555E-3
7.570000000E0	6.278950390E-1	8.936247620E-3
7.580000000E0	6.223885939E-1	8.867021230E-3
7.590000000E0	6.169325836E-1	8.856511597E-3
7.600000000E0	6.114531045E-1	8.750636732E-3
7.610000000E0	6.064758678E-1	8.322007447E-3
7.620000000E0	6.010658727E-1	8.359878513E-3
7.630000000E0	5.955766279E-1	8.167879200E-3
7.640000000E0	5.900855822E-1	7.986521420E-3
7.650000000E0	5.845698680E-1	7.922429193E-3
7.660000000E0	5.791048133E-1	7.987386051E-3
7.670000000E0	5.735395772E-1	7.918727814E-3
7.680000000E0	5.680311561E-1	7.817335007E-3
7.690000000E0	5.625929673E-1	7.666848752E-3
7.700000000E0	5.570196692E-1	7.616900000E-3
7.710000000E0	5.515680884E-1	7.739754069E-3
7.720000000E0	5.461390060E-1	7.712905634E-3
7.730000000E0	5.407356286E-1	7.797389166E-3
7.740000000E0	5.354405595E-1	7.545829908E-3
7.750000000E0	5.302868903E-1	7.570420466E-3
7.760000000E0	5.248879484E-1	7.470549637E-3
7.770000000E0	5.194682635E-1	7.692596593E-3
7.780000000E0	5.140217744E-1	7.888301855E-3
7.790000000E0	5.085960639E-1	7.949163466E-3
7.800000000E0	5.032478967E-1	7.978602529E-3
7.810000000E0	4.978177921E-1	7.994887587E-3
7.820000000E0	4.925231712E-1	7.786239802E-3
7.830000000E0	4.872717586E-1	7.922489716E-3
7.840000000E0	4.818835510E-1	8.170797452E-3
7.850000000E0	4.764283772E-1	8.077048022E-3
7.860000000E0	4.710533072E-1	8.364145706E-3
7.870000000E0	4.658212655E-1	8.060224232E-3
7.880000000E0	4.607320811E-1	8.331145401E-3
7.890000000E0	4.553476513E-1	8.318555744E-3
7.900000000E0	4.499864885E-1	8.310634446E-3
7.910000000E0	4.445420600E-1	8.549501029E-3
7.920000000E0	4.395353747E-1	8.348386955E-3
7.930000000E0	4.342887386E-1	8.606055993E-3
7.940000000E0	4.292774550E-1	8.989059467E-3
7.950000000E0	4.242783708E-1	9.098201276E-3
7.960000000E0	4.193373477E-1	9.610370397E-3
7.970000000E0	4.143521934E-1	9.553518040E-3
7.980000000E0	4.096687030E-1	9.634236670E-3
7.990000000E0	4.046383392E-1	1.021435336E-2
8.000000000E0	3.999166244E-1	1.038596366E-2
8.010000000E0	3.954560952E-1	1.049443643E-2
8.020000000E0	3.908737616E-1	1.056154110E-2
8.030000000E0	3.859024089E-1	1.134970277E-2
8.040000000E0	3.813117395E-1	1.154360957E-2
8.050000000E0	3.767620259E-1	1.199346958E-2
8.060000000E0	3.723732727E-1	1.237397784E-2
8.070000000E0	3.679853001E-1	1.287310920E-2
8.080000000E0	3.635175711E-1	1.338205315E-2
8.090000000E0	3.591846084E-1	1.387829637E-2
8.100000000E0	3.548362066E-1	1.448480224E-2
8.110000000E0	3.510096906E-1	1.456571317E-2
8.120000000E0	3.468435297E-1	1.531236841E-2
8.130000000E0	3.426476276E-1	1.605867037E-2
8.140000000E0	3.389627313E-1	1.621800276E-2
8.150000000E0	3.349073504E-1	1.705933658E-2
8.160000000E0	3.313435227E-1	1.719530846E-2
8.170000000E0	3.274158327E-1	1.802561091E-2
8.180000000E0	3.238196330E-1	1.819735095E-2
8.190000000E0	3.204067083E-1	1.872661180E-2
8.200000000E0	3.170933755E-1	1.926790819E-2
8.210000000E0	3.138650621E-1	2.005201896E-2
8.220000000E0	3.105969695E-1	2.051408261E-2
8.230000000E0	3.079886406E-1	2.061510855E-2
8.240000000E0	3.049355737E-1	2.132504105E-2
8.250000000E0	3.019869262E-1	2.226417619E-2
8.260000000E0	2.994030773E-1	2.238903897E-2
8.270000000E0	2.970313442E-1	2.243661723E-2
8.280000000E0	2.942565392E-1	2.344673399E-2
8.290000000E0	2.918454694E-1	2.370332445E-2
8.300000000E0	2.896209003E-1	2.396847627E-2
8.310000000E0	2.873329026E-1	2.441580402E-2
8.320000000E0	2.851494813E-1	2.477229789E-2
8.330000000E0	2.830089786E-1	2.536465900E-2
8.340000000E0	2.813608639E-1	2.534900090E-2
8.350000000E0	2.796423178E-1	2.596489695E-2
8.360000000E0	2.782596626E-1	2.584317068E-2
8.370000000E0	2.764407771E-1	2.677983871E-2
8.380000000E0	2.750808261E-1	2.673087558E-2
8.390000000E0	2.738507714E-1	2.678856906E-2
8.400000000E0	2.727644660E-1	2.686940995E-2
8.410000000E0	2.717179977E-1	2.710222393E-2
8.420000000E0	2.706607734E-1	2.715394931E-2
8.430000000E0	2.695765251E-1	2.757691965E-2
8.440000000E0	2.686029782E-1	2.788914669E-2
8.450000000E0	2.681518834E-1	2.757989020E-2
8.460000000E0	2.674511580E-1	2.797758906E-2
8.470000000E0	2.670658073E-1	2.773191079E-2
8.480000000E0	2.665689111E-1	2.825124681E-2
8.490000000E0	2.663070334E-1	2.806479085E-2
8.500000000E0	2.662047595E-1	2.801234453E-2
8.510000000E0	2.662083386E-1	2.792536902E-2
8.520000000E0	2.662291633E-1	2.791917317E-2
8.530000000E0	2.662795072E-1	2.793383912E-2
8.540000000E0	2.664082217E-1	2.799436820E-2
8.550000000E0	2.668749264E-1	2.766500149E-2
8.560000000E0	2.673979164E-1	2.783992601E-2
8.570000000E0	2.680961566E-1	2.749514648E-2
8.580000000E0	2.686030808E-1	2.778823615E-2
8.590000000E0	2.695161340E-1	2.755354887E-2
8.600000000E0	2.706136184E-1	2.706859027E-2
8.610000000E0	2.716139701E-1	2.671664902E-2
8.620000000E0	2.727911957E-1	2.666236489E-2
8.630000000E0	2.739565352E-1	2.657687017E-2
8.640000000E0	2.751807106E-1	2.655203201E-2
8.650000000E0	2.764278338E-1	2.639706065E-2
8.660000000E0	2.782552194E-1	2.563924203E-2
8.670000000E0	2.795889009E-1	2.568752601E-2
8.680000000E0	2.815270622E-1	2.493920642E-2
8.690000000E0	2.831787182E-1	2.493632351E-2
8.700000000E0	2.850510628E-1	2.442327098E-2
8.710000000E0	2.872314127E-1	2.393208634E-2
8.720000000E0	2.894215131E-1	2.331225411E-2
8.730000000E0	2.916034900E-1	2.308817190E-2
8.740000000E0	2.939650844E-1	2.281875144E-2
8.750000000E0	2.962333749E-1	2.242807124E-2
8.760000000E0	2.987004883E-1	2.224687479E-2
8.770000000E0	3.015578251E-1	2.136613110E-2
8.780000000E0	3.040314887E-1	2.118017085E-2
8.790000000E0	3.070840536E-1	2.041995563E-2
8.800000000E0	3.101219908E-1	1.984792675E-2
8.810000000E0	3.128652925E-1	1.998819667E-2
8.820000000E0	3.160758358E-1	1.931879684E-2
8.830000000E0	3.192929642E-1	1.867876899E-2
8.840000000E0	3.226877025E-1	1.818411037E-2
8.850000000E0	3.259731979E-1	1.789451713E-2
8.860000000E0	3.294016087E-1	1.748301561E-2
8.870000000E0	3.329025433E-1	1.716811713E-2
8.880000000E0	3.367941923E-1	1.587680382E-2
8.890000000E0	3.403660750E-1	1.573621261E-2
8.900000000E0	3.444860076E-1	1.479936027E-2
8.910000000E0	3.481229420E-1	1.474747636E-2
8.920000000E0	3.522902319E-1	1.360649836E-2
8.930000000E0	3.560198472E-1	1.360094447E-2
8.940000000E0	3.602228287E-1	1.260188723E-2
8.950000000E0	3.644157269E-1	1.189681428E-2
8.960000000E0	3.687566344E-1	1.126159568E-2
8.970000000E0	3.728170662E-1	1.178472795E-2
8.980000000E0	3.768749598E-1	1.111902680E-2
8.990000000E0	3.812703791E-1	1.050560263E-2
9.000000000E0	3.855790157E-1	1.006011931E-2
9.010000000E0	3.900604459E-1	9.458308607E-3
9.020000000E0	3.944015010E-1	9.156534409E-3
9.030000000E0	3.988006257E-1	8.767381743E-3
9.040000000E0	4.033376813E-1	8.485968683E-3
9.050000000E0	4.077936201E-1	8.251746603E-3
9.060000000E0	4.121911610E-1	8.131370996E-3
9.070000000E0	4.167225338E-1	8.004184104E-3
9.080000000E0	4.211186862E-1	7.734573542E-3
9.090000000E0	4.255697503E-1	7.553097567E-3
9.100000000E0	4.302043229E-1	7.652687450E-3
9.110000000E0	4.352061384E-1	7.071811071E-3
9.120000000E0	4.399487413E-1	7.295822088E-3
9.130000000E0	4.448283676E-1	6.854419860E-3
9.140000000E0	4.497753999E-1	6.964766939E-3
9.150000000E0	4.550991615E-1	6.279207311E-3
9.160000000E0	4.598374311E-1	6.249954047E-3
9.170000000E0	4.643017072E-1	6.622655559E-3
9.180000000E0	4.693766154E-1	5.830337193E-3
9.190000000E0	4.740935934E-1	5.993227481E-3
9.200000000E0	4.788192437E-1	6.186414601E-3
9.210000000E0	4.838072788E-1	5.705347111E-3
9.220000000E0	4.885146335E-1	6.665489353E-3
9.230000000E0	4.937606141E-1	5.970662881E-3
9.240000000E0	4.983361521E-1	5.870285705E-3
9.250000000E0	5.029616084E-1	5.902758682E-3
9.260000000E0	5.074273425E-1	6.511294214E-3
9.270000000E0	5.126100706E-1	5.904344911E-3
9.280000000E0	5.171763205E-1	5.872335903E-3
9.290000000E0	5.217621458E-1	6.126895941E-3
9.300000000E0	5.261884220E-1	6.545575660E-3
9.310000000E0	5.312151068E-1	5.789686166E-3
9.320000000E0	5.359300481E-1	5.980406818E-3
9.330000000E0	5.404772700E-1	6.200589496E-3
9.340000000E0	5.450009554E-1	6.192649344E-3
9.350000000E0	5.493908266E-1	6.376678834E-3
9.360000000E0	5.545434091E-1	5.905198194E-3
9.370000000E0	5.590969011E-1	6.477259436E-3
9.380000000E0	5.636115837E-1	6.729044171E-3
9.390000000E0	5.683165196E-1	7.131855245E-3
9.400000000E0	5.732664245E-1	6.479702826E-3
9.410000000E0	5.778785743E-1	6.999404938E-3
9.420000000E0	5.823913294E-1	7.024365026E-3
9.430000000E0	5.868996584E-1	7.260525873E-3
9.440000000E0	5.913616326E-1	7.614861406E-3
9.450000000E0	5.957654711E-1	7.920832472E-3
9.460000000E0	6.002804880E-1	8.041725656E-3
9.470000000E0	6.048363492E-1	8.136253039E-3
9.480000000E0	6.090959271E-1	8.022230010E-3
9.490000000E0	6.133832800E-1	8.214372956E-3
9.500000000E0	6.177627196E-1	8.435951351E-3
9.510000000E0	6.222203793E-1	8.570171489E-3
9.520000000E0	6.266436836E-1	8.381389470E-3
9.530000000E0	6.310238594E-1	8.552050438E-3
9.540000000E0	6.353401871E-1	8.814633918E-3
9.550000000E0	6.397864789E-1	9.016089789E-3
