mass_A
t	x	y
0.000000000E0	1.284225856E-3	1.379635020E-1
1.000000000E-2	1.766234079E-3	1.377388430E-1
2.000000000E-2	2.491936368E-3	1.370930258E-1
3.000000000E-2	3.568124710E-3	1.364133548E-1
4.000000000E-2	4.996245130E-3	1.350557752E-1
5.000000000E-2	6.750757126E-3	1.336995064E-1
6.000000000E-2	8.875998763E-3	1.322625710E-1
7.000000000E-2	1.125316218E-2	1.303758706E-1
8.000000000E-2	1.412528477E-2	1.283860392E-1
9.000000000E-2	1.724727002E-2	1.262285560E-1
1.000000000E-1	2.021011585E-2	1.240841854E-1
1.100000000E-1	2.354060205E-2	1.215253106E-1
1.200000000E-1	2.749730219E-2	1.190974779E-1
1.300000000E-1	3.201807276E-2	1.161464621E-1
1.400000000E-1	3.615300118E-2	1.134748803E-1
1.500000000E-1	4.093600329E-2	1.112706318E-1
1.600000000E-1	4.659628841E-2	1.101930950E-1
1.700000000E-1	5.255430574E-2	1.093719139E-1
1.800000000E-1	5.838722260E-2	1.067270060E-1
1.900000000E-1	6.446804449E-2	1.032578397E-1
2.000000000E-1	6.994911227E-2	9.644780520E-2
2.100000000E-1	7.665373825E-2	9.304774779E-2
2.200000000E-1	8.328260356E-2	8.960453066E-2
2.300000000E-1	9.067429055E-2	8.665128111E-2
2.400000000E-1	9.776192670E-2	8.331602896E-2
2.500000000E-1	1.051909755E-1	8.025703637E-2
2.600000000E-1	1.128153691E-1	7.716187641E-2
2.700000000E-1	1.206337927E-1	7.392283374E-2
2.800000000E-1	1.286264400E-1	7.041544018E-2
2.900000000E-1	1.369349779E-1	6.747641784E-2
3.000000000E-1	1.451853421E-1	6.409106868E-2
3.100000000E-1	1.539538379E-1	6.128769063E-2
3.200000000E-1	1.626367825E-1	5.832181766E-2
3.300000000E-1	1.713944177E-1	5.542598357E-2
3.400000000E-1	1.803652965E-1	5.272367315E-2
3.500000000E-1	1.893652755E-1	4.975065600E-2
3.600000000E-1	1.983370755E-1	4.699771376E-2
3.700000000E-1	2.072499902E-1	4.478464610E-2
3.800000000E-1	2.166110254E-1	4.280081198E-2
3.900000000E-1	2.258879551E-1	4.018232479E-2
4.000000000E-1	2.353184653E-1	3.921820851E-2
4.100000000E-1	2.448031968E-1	3.737228599E-2
4.200000000E-1	2.544962793E-1	3.365886222E-2
4.300000000E-1	2.646438499E-1	3.121648720E-2
4.400000000E-1	2.746668234E-1	2.931588186E-2
4.500000000E-1	2.847848640E-1	2.720502395E-2
4.600000000E-1	2.946509611E-1	2.507186061E-2
4.700000000E-1	3.051620580E-1	2.310593885E-2
4.800000000E-1	3.154725508E-1	2.112855802E-2
4.900000000E-1	3.258072068E-1	1.944250322E-2
5.000000000E-1	3.364498423E-1	1.775614202E-2
5.100000000E-1	3.471819794E-1	1.636170960E-2
5.200000000E-1	3.578508667E-1	1.483041614E-2
5.300000000E-1	3.686285660E-1	1.353712578E-2
5.400000000E-1	3.794345007E-1	1.246658690E-2
5.500000000E-1	3.902205533E-1	1.186093320E-2
5.600000000E-1	4.013741296E-1	1.059136540E-2
5.700000000E-1	4.119647556E-1	9.887015748E-3
5.800000000E-1	4.229212927E-1	9.866782114E-3
5.900000000E-1	4.338713927E-1	9.695130969E-3
6.000000000E-1	4.450247210E-1	8.318348008E-3
6.100000000E-1	4.560554190E-1	7.871833748E-3
6.200000000E-1	4.672010993E-1	7.613498658E-3
6.300000000E-1	4.782341044E-1	7.309694057E-3
6.400000000E-1	4.892132374E-1	7.132288135E-3
6.500000000E-1	5.002501221E-1	7.246837638E-3
6.600000000E-1	5.112752122E-1	7.350750567E-3
6.700000000E-1	5.222390318E-1	7.309274330E-3
6.800000000E-1	5.331036522E-1	7.296920248E-3
6.900000000E-1	5.440979662E-1	7.459699770E-3
7.000000000E-1	5.552724361E-1	7.572562415E-3
7.100000000E-1	5.660186303E-1	7.780344253E-3
7.200000000E-1	5.766719023E-1	8.143179061E-3
7.300000000E-1	5.875094258E-1	8.385080701E-3
7.400000000E-1	5.981043935E-1	8.500797675E-3
7.500000000E-1	6.086422334E-1	8.822418771E-3
7.600000000E-1	6.190361117E-1	9.927363079E-3
7.700000000E-1	6.295898442E-1	9.728220471E-3
7.800000000E-1	6.404701561E-1	9.826956562E-3
7.900000000E-1	6.511372306E-1	1.061996833E-2
8.000000000E-1	6.616966993E-1	1.179954481E-2
8.100000000E-1	6.718091064E-1	1.280591405E-2
8.200000000E-1	6.818515882E-1	1.384100672E-2
8.300000000E-1	6.919995948E-1	1.510600174E-2
8.400000000E-1	7.019611211E-1	1.652059460E-2
8.500000000E-1	7.117766458E-1	1.808862966E-2
8.600000000E-1	7.215767982E-1	1.975339027E-2
8.700000000E-1	7.312262103E-1	2.164890224E-2
8.800000000E-1	7.406075978E-1	2.328176050E-2
8.900000000E-1	7.502346846E-1	2.522878457E-2
9.000000000E-1	7.592487311E-1	2.720217878E-2
9.100000000E-1	7.682543882E-1	2.928724765E-2
9.200000000E-1	7.773527444E-1	3.146456009E-2
9.300000000E-1	7.857670934E-1	3.381844086E-2
9.400000000E-1	7.944409570E-1	3.639496632E-2
9.500000000E-1	8.026133619E-1	3.873440873E-2
9.600000000E-1	8.105520975E-1	4.068559545E-2
9.700000000E-1	8.187438318E-1	4.267323542E-2
9.800000000E-1	8.267026844E-1	4.462846517E-2
9.900000000E-1	8.345202791E-1	4.708759781E-2
1.000000000E0	8.422185638E-1	4.961591447E-2
1.010000000E0	8.497035122E-1	5.175119091E-2
1.020000000E0	8.567602365E-1	5.402617163E-2
1.030000000E0	8.639040039E-1	5.610863257E-2
1.040000000E0	8.708276336E-1	5.833457420E-2
1.050000000E0	8.774741313E-1	6.052697928E-2
1.060000000E0	8.839907526E-1	6.280234761E-2
1.070000000E0	8.900169910E-1	6.502133531E-2
1.080000000E0	8.962054800E-1	6.729705801E-2
1.090000000E0	9.019121104E-1	6.940615787E-2
1.100000000E0	9.074563122E-1	7.156948258E-2
1.110000000E0	9.129166282E-1	7.376519160E-2
1.120000000E0	9.177649050E-1	7.604309731E-2
1.130000000E0	9.227515509E-1	7.817222503E-2
1.140000000E0	9.273552252E-1	8.023951532E-2
1.150000000E0	9.317439257E-1	8.239908503E-2
1.160000000E0	9.359342109E-1	8.424461508E-2
1.170000000E0	9.396546086E-1	8.572557325E-2
1.180000000E0	9.431485236E-1	8.747551872E-2
1.190000000E0	9.464643056E-1	8.914014827E-2
1.200000000E0	9.495349892E-1	9.067149974E-2
1.210000000E0	9.526479566E-1	9.210043876E-2
1.220000000E0	9.551508751E-1	9.359917152E-2
1.230000000E0	9.576595507E-1	9.492252393E-2
1.240000000E0	9.598628261E-1	9.610006054E-2
1.250000000E0	9.618094252E-1	9.701046065E-2
1.260000000E0	9.638594184E-1	9.798384025E-2
1.270000000E0	9.654498642E-1	9.895399955E-2
1.280000000E0	9.668750283E-1	9.939142973E-2
1.290000000E0	9.681592645E-1	1.000717882E-1
1.300000000E0	9.692783971E-1	1.004497527E-1
1.310000000E0	9.699711838E-1	1.010603709E-1
1.320000000E0	9.705726235E-1	1.014175792E-1
1.330000000E0	9.709330878E-1	1.015799502E-1
1.340000000E0	9.711356858E-1	1.014470816E-1
1.350000000E0	9.713372416E-1	1.014163192E-1
1.360000000E0	9.709170768E-1	1.013790853E-1
1.370000000E0	9.704345235E-1	1.012432765E-1
1.380000000E0	9.695519984E-1	1.006012523E-1
1.390000000E0	9.684416709E-1	1.001732633E-1
1.400000000E0	9.672246533E-1	9.935566712E-2
1.410000000E0	9.659208935E-1	9.865391976E-2
1.420000000E0	9.640378302E-1	9.780364861E-2
1.430000000E0	9.620251946E-1	9.680264527E-2
1.440000000E0	9.597200288E-1	9.565753899E-2
1.450000000E0	9.573003042E-1	9.453704478E-2
1.460000000E0	9.549072673E-1	9.302126400E-2
1.470000000E0	9.518208931E-1	9.162940767E-2
1.480000000E0	9.487109665E-1	9.024711625E-2
1.490000000E0	9.453075623E-1	8.859784401E-2
1.500000000E0	9.418314222E-1	8.685832708E-2
1.510000000E0	9.383016165E-1	8.507790659E-2
1.520000000E0	9.341048209E-1	8.340691195E-2
1.530000000E0	9.298429951E-1	8.162122728E-2
1.540000000E0	9.253123564E-1	7.965222510E-2
1.550000000E0	9.207340448E-1	7.747270537E-2
1.560000000E0	9.160772076E-1	7.548791517E-2
1.570000000E0	9.109031794E-1	7.364808399E-2
1.580000000E0	9.056760544E-1	7.160077091E-2
1.590000000E0	9.002647677E-1	6.931444950E-2
1.600000000E0	8.948530898E-1	6.721789581E-2
1.610000000E0	8.889806066E-1	6.503323846E-2
1.620000000E0	8.830360798E-1	6.282781165E-2
1.630000000E0	8.767339483E-1	6.081517211E-2
1.640000000E0	8.705607428E-1	5.843446681E-2
1.650000000E0	8.641805595E-1	5.630222341E-2
1.660000000E0	8.575549053E-1	5.402211493E-2
1.670000000E0	8.508494661E-1	5.176606064E-2
1.680000000E0	8.440999086E-1	4.969033662E-2
1.690000000E0	8.367434462E-1	4.743334093E-2
1.700000000E0	8.293282937E-1	4.519160771E-2
1.710000000E0	8.219882313E-1	4.296077451E-2
1.720000000E0	8.143321645E-1	4.091566096E-2
1.730000000E0	8.067496889E-1	3.960116714E-2
1.740000000E0	7.990349803E-1	3.768607289E-2
1.750000000E0	7.912470387E-1	3.493171554E-2
1.760000000E0	7.833263586E-1	3.272864099E-2
1.770000000E0	7.754177039E-1	3.076881080E-2
1.780000000E0	7.669942820E-1	2.870567071E-2
1.790000000E0	7.585109427E-1	2.652145563E-2
1.800000000E0	7.501341879E-1	2.441744815E-2
1.810000000E0	7.413364418E-1	2.260737434E-2
1.820000000E0	7.325926448E-1	2.100325497E-2
1.830000000E0	7.237114214E-1	1.946995522E-2
1.840000000E0	7.147553439E-1	1.763300695E-2
1.850000000E0	7.057244750E-1	1.619403050E-2
1.860000000E0	6.964595928E-1	1.465871354E-2
1.870000000E0	6.872300363E-1	1.331068617E-2
1.880000000E0	6.778757537E-1	1.215121974E-2
1.890000000E0	6.685767377E-1	1.090412915E-2
1.900000000E0	6.594043785E-1	1.000586173E-2
1.910000000E0	6.497054786E-1	9.321005249E-3
1.920000000E0	6.399614287E-1	8.594668642E-3
1.930000000E0	6.303290726E-1	8.791562461E-3
1.940000000E0	6.209036920E-1	9.783663466E-3
1.950000000E0	6.116052637E-1	8.877979473E-3
1.960000000E0	6.021186581E-1	8.534769963E-3
1.970000000E0	5.927634034E-1	8.249931330E-3
1.980000000E0	5.832322325E-1	7.846992069E-3
1.990000000E0	5.736082800E-1	7.713644789E-3
2.000000000E0	5.643044292E-1	7.621019786E-3
2.010000000E0	5.547582583E-1	7.436185393E-3
2.020000000E0	5.455274121E-1	7.412571470E-3
2.030000000E0	5.358939365E-1	7.397818119E-3
2.040000000E0	5.265863390E-1	7.326925309E-3
2.050000000E0	5.170175306E-1	7.331324641E-3
2.060000000E0	5.077826146E-1	7.338347421E-3
2.070000000E0	4.984174791E-1	7.633285461E-3
2.080000000E0	4.891755950E-1	7.642558272E-3
2.090000000E0	4.799430559E-1	7.536221698E-3
2.100000000E0	4.711416840E-1	7.829239241E-3
2.110000000E0	4.616815885E-1	7.694883453E-3
2.120000000E0	4.525127469E-1	8.032726431E-3
2.130000000E0	4.432243255E-1	8.539323257E-3
2.140000000E0	4.339609726E-1	9.655832088E-3
2.150000000E0	4.251227001E-1	1.000842548E-2
2.160000000E0	4.161103832E-1	1.011907542E-2
2.170000000E0	4.072933025E-1	1.048256681E-2
2.180000000E0	3.983689048E-1	1.121462984E-2
2.190000000E0	3.895697297E-1	1.201394244E-2
2.200000000E0	3.808245078E-1	1.270563983E-2
2.210000000E0	3.720040376E-1	1.357513456E-2
2.220000000E0	3.633140172E-1	1.466221135E-2
2.230000000E0	3.549889740E-1	1.579085612E-2
2.240000000E0	3.464917829E-1	1.707536512E-2
2.250000000E0	3.381306587E-1	1.827600294E-2
2.260000000E0	3.299262527E-1	1.960356082E-2
2.270000000E0	3.220294067E-1	2.092893831E-2
2.280000000E0	3.140923323E-1	2.208958206E-2
2.290000000E0	3.063454267E-1	2.341582804E-2
2.300000000E0	2.987123562E-1	2.482967660E-2
2.310000000E0	2.911198678E-1	2.632503227E-2
2.320000000E0	2.835584095E-1	2.773080060E-2
2.330000000E0	2.762055962E-1	2.912210328E-2
2.340000000E0	2.688482546E-1	3.082282527E-2
2.350000000E0	2.616759856E-1	3.224997730E-2
2.360000000E0	2.545791892E-1	3.393276670E-2
2.370000000E0	2.479696506E-1	3.638355799E-2
2.380000000E0	2.413877378E-1	3.831497078E-2
2.390000000E0	2.348844332E-1	3.955207813E-2
2.400000000E0	2.285565741E-1	4.071565478E-2
2.410000000E0	2.224693780E-1	4.208001932E-2
2.420000000E0	2.165532748E-1	4.373555438E-2
2.430000000E0	2.106282046E-1	4.531268268E-2
2.440000000E0	2.049779952E-1	4.686798849E-2
2.450000000E0	1.995118166E-1	4.844428501E-2
2.460000000E0	1.941510522E-1	4.992366284E-2
2.470000000E0	1.891287830E-1	5.147721311E-2
2.480000000E0	1.839550318E-1	5.303891555E-2
2.490000000E0	1.793176627E-1	5.470312126E-2
2.500000000E0	1.747222484E-1	5.621150389E-2
2.510000000E0	1.703691105E-1	5.757941009E-2
2.520000000E0	1.661008401E-1	5.907544262E-2
2.530000000E0	1.618057663E-1	6.055018298E-2
2.540000000E0	1.578860927E-1	6.196970714E-2
2.550000000E0	1.541825664E-1	6.315962845E-2
2.560000000E0	1.506688178E-1	6.429130304E-2
2.570000000E0	1.473280337E-1	6.532146272E-2
2.580000000E0	1.441306279E-1	6.633719037E-2
2.590000000E0	1.415005410E-1	6.778275783E-2
2.600000000E0	1.385852180E-1	6.847639964E-2
2.610000000E0	1.362466257E-1	6.940800306E-2
2.620000000E0	1.340484480E-1	7.037081049E-2
2.630000000E0	1.318634385E-1	7.112768203E-2
2.640000000E0	1.297178021E-1	7.183502849E-2
2.650000000E0	1.282139866E-1	7.275104163E-2
2.660000000E0	1.264395785E-1	7.291000365E-2
2.670000000E0	1.252029400E-1	7.370043338E-2
2.680000000E0	1.240877926E-1	7.395552633E-2
2.690000000E0	1.230208693E-1	7.413588137E-2
2.700000000E0	1.223161038E-1	7.436550584E-2
2.710000000E0	1.218354808E-1	7.491941030E-2
2.720000000E0	1.215858972E-1	7.507400168E-2
2.730000000E0	1.215518373E-1	7.505325818E-2
2.740000000E0	1.217359143E-1	7.498836817E-2
2.750000000E0	1.218864806E-1	7.489237296E-2
2.760000000E0	1.224513940E-1	7.491751536E-2
2.770000000E0	1.231580790E-1	7.437054560E-2
2.780000000E0	1.240458879E-1	7.422709724E-2
2.790000000E0	1.251861648E-1	7.371938269E-2
2.800000000E0	1.263465421E-1	7.306838455E-2
2.810000000E0	1.279349799E-1	7.233850620E-2
2.820000000E0	1.295961324E-1	7.175878976E-2
2.830000000E0	1.316641521E-1	7.120830846E-2
2.840000000E0	1.338041420E-1	7.052595798E-2
2.850000000E0	1.362027334E-1	6.951835109E-2
2.860000000E0	1.385655691E-1	6.836366360E-2
2.870000000E0	1.412834466E-1	6.770435477E-2
2.880000000E0	1.442449181E-1	6.626150099E-2
2.890000000E0	1.473421733E-1	6.513306809E-2
2.900000000E0	1.506755890E-1	6.400347010E-2
2.910000000E0	1.540553837E-1	6.283863052E-2
2.920000000E0	1.577050143E-1	6.136282714E-2
2.930000000E0	1.616129460E-1	6.024303255E-2
2.940000000E0	1.652625591E-1	5.864729025E-2
2.950000000E0	1.694685491E-1	5.726685312E-2
2.960000000E0	1.738320599E-1	5.603176661E-2
2.970000000E0	1.782791746E-1	5.469774140E-2
2.980000000E0	1.828751131E-1	5.301466265E-2
2.990000000E0	1.877186763E-1	5.177367875E-2
3.000000000E0	1.927828953E-1	5.009548238E-2
3.010000000E0	1.980081410E-1	4.862441012E-2
3.020000000E0	2.031016663E-1	4.720413504E-2
3.030000000E0	2.084658783E-1	4.576594033E-2
3.040000000E0	2.139217655E-1	4.416052029E-2
3.050000000E0	2.195481771E-1	4.266500677E-2
3.060000000E0	2.254338073E-1	4.112718534E-2
3.070000000E0	2.314079704E-1	3.968538200E-2
3.080000000E0	2.378196985E-1	3.875623030E-2
3.090000000E0	2.438576773E-1	3.760903510E-2
3.100000000E0	2.502077896E-1	3.561052937E-2
3.110000000E0	2.567842266E-1	3.372752078E-2
3.120000000E0	2.635190608E-1	3.205375540E-2
3.130000000E0	2.702138437E-1	3.048686920E-2
3.140000000E0	2.771084494E-1	2.909634905E-2
3.150000000E0	2.841988971E-1	2.788351460E-2
3.160000000E0	2.912350614E-1	2.654068564E-2
3.170000000E0	2.985865160E-1	2.521857577E-2
3.180000000E0	3.058135585E-1	2.377157558E-2
3.190000000E0	3.132591065E-1	2.270565054E-2
3.200000000E0	3.208303943E-1	2.146249447E-2
3.210000000E0	3.284287151E-1	2.015166461E-2
3.220000000E0	3.362783962E-1	1.930898301E-2
3.230000000E0	3.440767975E-1	1.814907442E-2
3.240000000E0	3.518449253E-1	1.711928400E-2
3.250000000E0	3.596182232E-1	1.617285651E-2
3.260000000E0	3.675452355E-1	1.517784837E-2
3.270000000E0	3.753978994E-1	1.426013554E-2
3.280000000E0	3.834666983E-1	1.327512088E-2
3.290000000E0	3.914030752E-1	1.257766189E-2
3.300000000E0	3.996019548E-1	1.185459749E-2
3.310000000E0	4.076864044E-1	1.135825163E-2
3.320000000E0	4.158115957E-1	1.107677215E-2
3.330000000E0	4.240738880E-1	1.051652971E-2
3.340000000E0	4.321205488E-1	1.010335975E-2
3.350000000E0	4.404609764E-1	9.558165520E-3
3.360000000E0	4.489273327E-1	9.307774864E-3
3.370000000E0	4.571322923E-1	8.952555085E-3
3.380000000E0	4.657564954E-1	8.646617856E-3
3.390000000E0	4.739310390E-1	8.435379372E-3
3.400000000E0	4.821568589E-1	8.285581172E-3
3.410000000E0	4.904732784E-1	8.214617721E-3
3.420000000E0	4.989044382E-1	8.340171992E-3
3.430000000E0	5.069905995E-1	8.146544018E-3
3.440000000E0	5.154307566E-1	8.210246568E-3
3.450000000E0	5.235682309E-1	8.363218983E-3
3.460000000E0	5.317583224E-1	8.523931550E-3
3.470000000E0	5.400318103E-1	8.605903608E-3
3.480000000E0	5.480864026E-1	8.635481678E-3
3.490000000E0	5.563391032E-1	8.674921359E-3
3.500000000E0	5.644971389E-1	8.725678807E-3
3.510000000E0	5.723349720E-1	8.797627193E-3
3.520000000E0	5.805046498E-1	8.845359848E-3
3.530000000E0	5.886867147E-1	8.842438028E-3
3.540000000E0	5.966682132E-1	8.925235085E-3
3.550000000E0	6.044371081E-1	9.357140865E-3
3.560000000E0	6.125188377E-1	9.548029252E-3
3.570000000E0	6.202074147E-1	9.939273587E-3
3.580000000E0	6.279162069E-1	9.880314563E-3
3.590000000E0	6.360888498E-1	9.857665137E-3
3.600000000E0	6.440605462E-1	1.015180396E-2
3.610000000E0	6.520091475E-1	1.084524881E-2
3.620000000E0	6.597565048E-1	1.156891948E-2
3.630000000E0	6.674208789E-1	1.207194135E-2
3.640000000E0	6.750449862E-1	1.297105772E-2
3.650000000E0	6.826253292E-1	1.402002304E-2
3.660000000E0	6.899768517E-1	1.496418246E-2
3.670000000E0	6.972534912E-1	1.583639297E-2
3.680000000E0	7.046085471E-1	1.686185405E-2
3.690000000E0	7.117067948E-1	1.813448366E-2
3.700000000E0	7.185597598E-1	1.956512505E-2
3.710000000E0	7.256593713E-1	2.078512242E-2
3.720000000E0	7.325675840E-1	2.184717389E-2
3.730000000E0	7.392002551E-1	2.308270839E-2
3.740000000E0	7.457481979E-1	2.440260353E-2
3.750000000E0	7.522523110E-1	2.569122804E-2
3.760000000E0	7.583538569E-1	2.722405415E-2
3.770000000E0	7.645981911E-1	2.857590828E-2
3.780000000E0	7.704776582E-1	2.993217312E-2
3.790000000E0	7.765300740E-1	3.133153839E-2
3.800000000E0	7.822563712E-1	3.282710907E-2
3.810000000E0	7.877850862E-1	3.431277854E-2
3.820000000E0	7.933219491E-1	3.598755178E-2
3.830000000E0	7.983444720E-1	3.762993148E-2
3.840000000E0	8.033937942E-1	3.886607801E-2
3.850000000E0	8.083697282E-1	3.992788400E-2
3.860000000E0	8.131818459E-1	4.112197995E-2
3.870000000E0	8.177994365E-1	4.211203409E-2
3.880000000E0	8.222929897E-1	4.303132371E-2
3.890000000E0	8.266585197E-1	4.430538656E-2
3.900000000E0	8.309923114E-1	4.550984518E-2
3.910000000E0	8.352671511E-1	4.693080922E-2
3.920000000E0	8.390437165E-1	4.816241591E-2
3.930000000E0	8.429731427E-1	4.954595441E-2
3.940000000E0	8.465470520E-1	5.054335873E-2
3.950000000E0	8.499148522E-1	5.149959657E-2
3.960000000E0	8.532052837E-1	5.266102603E-2
3.970000000E0	8.563586928E-1	5.372374331E-2
3.980000000E0	8.590730186E-1	5.468290570E-2
3.990000000E0	8.619810577E-1	5.553123940E-2
4.000000000E0	8.644212664E-1	5.611859605E-2
4.010000000E0	8.668676403E-1	5.706607399E-2
4.020000000E0	8.690853537E-1	5.781497417E-2
4.030000000E0	8.711242056E-1	5.850955950E-2
4.040000000E0	8.731485145E-1	5.924185515E-2
4.050000000E0	8.751476635E-1	5.970227440E-2
4.060000000E0	8.765957220E-1	6.037874242E-2
4.070000000E0	8.780422845E-1	6.081750817E-2
4.080000000E0	8.793801289E-1	6.132145546E-2
4.090000000E0	8.806314744E-1	6.164222652E-2
4.100000000E0	8.817108231E-1	6.197210772E-2
4.110000000E0	8.823081446E-1	6.239318148E-2
4.120000000E0	8.830359569E-1	6.268487370E-2
4.130000000E0	8.832827446E-1	6.277453673E-2
4.140000000E0	8.838573032E-1	6.278966651E-2
4.150000000E0	8.840934103E-1	6.277443168E-2
4.160000000E0	8.841231090E-1	6.271569756E-2
4.170000000E0	8.839858185E-1	6.265065257E-2
4.180000000E0	8.833831122E-1	6.264455924E-2
4.190000000E0	8.830312814E-1	6.252727102E-2
4.200000000E0	8.821443391E-1	6.222311800E-2
4.210000000E0	8.812937079E-1	6.185850462E-2
4.220000000E0	8.800637769E-1	6.156163797E-2
4.230000000E0	8.787776697E-1	6.112468945E-2
4.240000000E0	8.775116933E-1	6.061913524E-2
4.250000000E0	8.758541286E-1	6.026424574E-2
4.260000000E0	8.741890252E-1	5.949294931E-2
4.270000000E0	8.721070942E-1	5.892479752E-2
4.280000000E0	8.700584349E-1	5.828556658E-2
4.290000000E0	8.677425256E-1	5.737249057E-2
4.300000000E0	8.653904167E-1	5.648434820E-2
4.310000000E0	8.630156922E-1	5.575127444E-2
4.320000000E0	8.600533984E-1	5.494949839E-2
4.330000000E0	8.573448035E-1	5.395492840E-2
4.340000000E0	8.542929765E-1	5.302612537E-2
4.350000000E0	8.510428984E-1	5.217106844E-2
4.360000000E0	8.476982428E-1	5.126891574E-2
4.370000000E0	8.442251576E-1	5.025876755E-2
4.380000000E0	8.406642806E-1	4.923792653E-2
4.390000000E0	8.366701384E-1	4.807404634E-2
4.400000000E0	8.329310269E-1	4.715105744E-2
4.410000000E0	8.288473091E-1	4.576624480E-2
4.420000000E0	8.245102273E-1	4.458412665E-2
4.430000000E0	8.200828071E-1	4.331356671E-2
4.440000000E0	8.156081938E-1	4.200459280E-2
4.450000000E0	8.110917722E-1	4.086466686E-2
4.460000000E0	8.065440071E-1	3.978562265E-2
4.470000000E0	8.016006333E-1	3.854962847E-2
4.480000000E0	7.967478240E-1	3.730641423E-2
4.490000000E0	7.914947760E-1	3.570526896E-2
4.500000000E0	7.862603384E-1	3.435015853E-2
4.510000000E0	7.810192529E-1	3.289566110E-2
4.520000000E0	7.755497309E-1	3.180278405E-2
4.530000000E0	7.698946556E-1	3.043564480E-2
4.540000000E0	7.640311464E-1	2.915099539E-2
4.550000000E0	7.581074712E-1	2.755728783E-2
4.560000000E0	7.523683396E-1	2.630438971E-2
4.570000000E0	7.460391196E-1	2.501876678E-2
4.580000000E0	7.400195039E-1	2.383533053E-2
4.590000000E0	7.336730128E-1	2.263139820E-2
4.600000000E0	7.271219387E-1	2.146346403E-2
4.610000000E0	7.205334286E-1	2.024262677E-2
4.620000000E0	7.138990645E-1	1.910589496E-2
4.630000000E0	7.072371779E-1	1.802920870E-2
4.640000000E0	7.005586763E-1	1.706012724E-2
4.650000000E0	6.938403431E-1	1.614133006E-2
4.660000000E0	6.870918634E-1	1.504911948E-2
4.670000000E0	6.802199009E-1	1.414034421E-2
4.680000000E0	6.731668734E-1	1.343390835E-2
4.690000000E0	6.661190051E-1	1.260900719E-2
4.700000000E0	6.589879995E-1	1.177028216E-2
4.710000000E0	6.517627767E-1	1.098625457E-2
4.720000000E0	6.442198575E-1	1.034440880E-2
4.730000000E0	6.371745756E-1	1.006900543E-2
4.740000000E0	6.296793327E-1	9.705787109E-3
4.750000000E0	6.222725495E-1	9.915721710E-3
4.760000000E0	6.151148305E-1	9.753919540E-3
4.770000000E0	6.077441601E-1	9.226078501E-3
4.780000000E0	6.006082095E-1	9.477047853E-3
4.790000000E0	5.935153520E-1	9.072320333E-3
4.800000000E0	5.864051581E-1	9.079147147E-3
4.810000000E0	5.790457613E-1	9.200774004E-3
4.820000000E0	5.720569627E-1	9.281342963E-3
4.830000000E0	5.646749449E-1	9.391609816E-3
4.840000000E0	5.576436048E-1	9.385520770E-3
4.850000000E0	5.502349107E-1	9.340862519E-3
4.860000000E0	5.432587996E-1	9.428372646E-3
4.870000000E0	5.357520776E-1	9.474618422E-3
4.880000000E0	5.287358788E-1	9.551059122E-3
4.890000000E0	5.213953208E-1	9.555775594E-3
4.900000000E0	5.142711862E-1	9.630572636E-3
4.910000000E0	5.069803045E-1	9.703266162E-3
4.920000000E0	4.999723641E-1	9.869334151E-3
4.930000000E0	4.927432835E-1	9.623673425E-3
4.940000000E0	4.858810864E-1	9.662171941E-3
4.950000000E0	4.790357894E-1	9.690449476E-3
4.960000000E0	4.720577026E-1	9.781336901E-3
4.970000000E0	4.648652751E-1	9.738425956E-3
4.980000000E0	4.577867995E-1	9.946524830E-3
4.990000000E0	4.509296942E-1	1.000262054E-2
5.000000000E0	4.438602447E-1	1.035181526E-2
5.010000000E0	4.369454282E-1	1.072888928E-2
5.020000000E0	4.302233527E-1	1.092440719E-2
5.030000000E0	4.236038153E-1	1.146069193E-2
5.040000000E0	4.169858644E-1	1.193460519E-2
5.050000000E0	4.102601008E-1	1.229868045E-2
5.060000000E0	4.038041015E-1	1.266778057E-2
5.070000000E0	3.971502110E-1	1.322259928E-2
5.080000000E0	3.906321511E-1	1.374947187E-2
5.090000000E0	3.841328215E-1	1.425934225E-2
5.100000000E0	3.775815964E-1	1.497260418E-2
5.110000000E0	3.711507093E-1	1.531096487E-2
5.120000000E0	3.650202283E-1	1.627824140E-2
5.130000000E0	3.587778613E-1	1.674306974E-2
5.140000000E0	3.529046001E-1	1.758709669E-2
5.150000000E0	3.466890475E-1	1.833806999E-2
5.160000000E0	3.409589927E-1	1.924385645E-2
5.170000000E0	3.353513198E-1	2.003834584E-2
5.180000000E0	3.296665272E-1	2.084976548E-2
5.190000000E0	3.241767874E-1	2.168040521E-2
5.200000000E0	3.187738257E-1	2.269635795E-2
5.210000000E0	3.132891560E-1	2.373225248E-2
5.220000000E0	3.080222407E-1	2.468836748E-2
5.230000000E0	3.030953450E-1	2.561706278E-2
5.240000000E0	2.978761230E-1	2.631432946E-2
5.250000000E0	2.929378759E-1	2.745669543E-2
5.260000000E0	2.880810502E-1	2.819509377E-2
5.270000000E0	2.834232788E-1	2.936666606E-2
5.280000000E0	2.789072248E-1	3.041601618E-2
5.290000000E0	2.745031286E-1	3.143541603E-2
5.300000000E0	2.701036371E-1	3.224923163E-2
5.310000000E0	2.658552788E-1	3.284932073E-2
5.320000000E0	2.617687922E-1	3.377699780E-2
5.330000000E0	2.578561038E-1	3.498681250E-2
5.340000000E0	2.539835420E-1	3.564146333E-2
5.350000000E0	2.502919568E-1	3.685587315E-2
5.360000000E0	2.468537695E-1	3.799899619E-2
5.370000000E0	2.434968469E-1	3.888330984E-2
5.380000000E0	2.402984117E-1	3.947939161E-2
5.390000000E0	2.371327463E-1	4.017150244E-2
5.400000000E0	2.344688485E-1	4.105297305E-2
5.410000000E0	2.315512460E-1	4.156448867E-2
5.420000000E0	2.290784927E-1	4.253129001E-2
5.430000000E0	2.267676437E-1	4.343201490E-2
5.440000000E0	2.244758634E-1	4.417884957E-2
5.450000000E0	2.224969213E-1	4.448208055E-2
5.460000000E0	2.203515945E-1	4.507833626E-2
5.470000000E0	2.183209896E-1	4.550050661E-2
5.480000000E0	2.166366823E-1	4.617590552E-2
5.490000000E0	2.149479408E-1	4.639045424E-2
5.500000000E0	2.136054699E-1	4.691144722E-2
5.510000000E0	2.121627077E-1	4.735644699E-2
5.520000000E0	2.111583752E-1	4.771394078E-2
5.530000000E0	2.101887827E-1	4.803520503E-2
5.540000000E0	2.092438032E-1	4.822169226E-2
5.550000000E0	2.083417522E-1	4.832041770E-2
5.560000000E0	2.076088586E-1	4.838725474E-2
5.570000000E0	2.070500097E-1	4.884964172E-2
5.580000000E0	2.067801011E-1	4.895886764E-2
5.590000000E0	2.066326551E-1	4.939498244E-2
5.600000000E0	2.067014155E-1	4.950234542E-2
5.610000000E0	2.068845732E-1	4.942131280E-2
5.620000000E0	2.070524538E-1	4.935617209E-2
5.630000000E0	2.072391245E-1	4.925591132E-2
5.640000000E0	2.077934069E-1	4.938027456E-2
5.650000000E0	2.083807048E-1	4.908903991E-2
5.660000000E0	2.092847862E-1	4.920893117E-2
5.670000000E0	2.102836982E-1	4.916813602E-2
5.680000000E0	2.113722892E-1	4.902452883E-2
5.690000000E0	2.126304635E-1	4.891741497E-2
5.700000000E0	2.137571674E-1	4.862570396E-2
5.710000000E0	2.150365873E-1	4.774874316E-2
5.720000000E0	2.167464508E-1	4.740000387E-2
5.730000000E0	2.183646148E-1	4.671837303E-2
5.740000000E0	2.203182183E-1	4.640631938E-2
5.750000000E0	2.224257432E-1	4.592282925E-2
5.760000000E0	2.245161917E-1	4.529023922E-2
5.770000000E0	2.268897194E-1	4.464339758E-2
5.780000000E0	2.291693490E-1	4.399973521E-2
5.790000000E0	2.315573022E-1	4.342071227E-2
5.800000000E0	2.340808751E-1	4.277215607E-2
5.810000000E0	2.368742099E-1	4.196858476E-2
5.820000000E0	2.397790194E-1	4.148277381E-2
5.830000000E0	2.428361757E-1	4.055449667E-2
5.840000000E0	2.459628991E-1	3.993721295E-2
5.850000000E0	2.492364230E-1	3.911831699E-2
5.860000000E0	2.526549152E-1	3.826414608E-2
5.870000000E0	2.562644010E-1	3.725555721E-2
5.880000000E0	2.601143549E-1	3.649281440E-2
5.890000000E0	2.638158506E-1	3.539875071E-2
5.900000000E0	2.678991550E-1	3.460139558E-2
5.910000000E0	2.720596769E-1	3.379568274E-2
5.920000000E0	2.760379869E-1	3.277385613E-2
5.930000000E0	2.802385428E-1	3.178009677E-2
5.940000000E0	2.846480080E-1	3.074324437E-2
5.950000000E0	2.891751523E-1	2.989322989E-2
5.960000000E0	2.936897590E-1	2.864384644E-2
5.970000000E0	2.986671317E-1	2.759984075E-2
5.980000000E0	3.035196107E-1	2.662374210E-2
5.990000000E0	3.086753925E-1	2.576805524E-2
6.000000000E0	3.134375136E-1	2.479938618E-2
6.010000000E0	3.187018151E-1	2.397118143E-2
6.020000000E0	3.241285137E-1	2.300794257E-2
6.030000000E0	3.292659558E-1	2.207611694E-2
6.040000000E0	3.345204592E-1	2.125345059E-2
6.050000000E0	3.399150118E-1	2.053492215E-2
6.060000000E0	3.453969830E-1	1.960457739E-2
6.070000000E0	3.509250130E-1	1.877028557E-2
6.080000000E0	3.565231184E-1	1.804009085E-2
6.090000000E0	3.621429622E-1	1.732261363E-2
6.100000000E0	3.678647985E-1	1.656088609E-2
6.110000000E0	3.738509470E-1	1.606867496E-2
6.120000000E0	3.797593317E-1	1.521285367E-2
6.130000000E0	3.858758237E-1	1.501329263E-2
6.140000000E0	3.918167403E-1	1.425956999E-2
6.150000000E0	3.980748901E-1	1.377586032E-2
6.160000000E0	4.042509882E-1	1.343617255E-2
6.170000000E0	4.105579372E-1	1.297154786E-2
6.180000000E0	4.166605823E-1	1.257281244E-2
6.190000000E0	4.228876420E-1	1.205436932E-2
6.200000000E0	4.293628488E-1	1.172703156E-2
6.210000000E0	4.356838705E-1	1.130231078E-2
6.220000000E0	4.420211992E-1	1.116860516E-2
6.230000000E0	4.483927346E-1	1.090734237E-2
6.240000000E0	4.548283621E-1	1.068089549E-2
6.250000000E0	4.611258537E-1	1.051260413E-2
6.260000000E0	4.675021890E-1	1.029148594E-2
6.270000000E0	4.737347323E-1	1.036306633E-2
6.280000000E0	4.801821113E-1	1.040689431E-2
6.290000000E0	4.866512208E-1	1.038921523E-2
6.300000000E0	4.928631304E-1	1.046056531E-2
6.310000000E0	4.992176869E-1	1.054379968E-2
6.320000000E0	5.057294659E-1	1.056528409E-2
6.330000000E0	5.122055419E-1	1.059684226E-2
6.340000000E0	5.184440769E-1	1.062963145E-2
6.350000000E0	5.247391107E-1	1.077187948E-2
6.360000000E0	5.312284790E-1	1.069528879E-2
6.370000000E0	5.377370042E-1	1.075584952E-2
6.380000000E0	5.440198682E-1	1.066988192E-2
6.390000000E0	5.503453453E-1	1.086552103E-2
6.400000000E0	5.566709000E-1	1.083389019E-2
6.410000000E0	5.628876858E-1	1.084172451E-2
6.420000000E0	5.690380484E-1	1.091401316E-2
6.430000000E0	5.753623447E-1	1.097906334E-2
6.440000000E0	5.812408224E-1	1.079958111E-2
6.450000000E0	5.874984682E-1	1.084074881E-2
6.460000000E0	5.934600910E-1	1.094091892E-2
6.470000000E0	5.996738878E-1	1.128290734E-2
6.480000000E0	6.055541799E-1	1.153327390E-2
6.490000000E0	6.116915450E-1	1.157973090E-2
6.500000000E0	6.176032052E-1	1.178571964E-2
6.510000000E0	6.238391907E-1	1.196931616E-2
6.520000000E0	6.298968722E-1	1.211321400E-2
6.530000000E0	6.362279069E-1	1.230789580E-2
6.540000000E0	6.421785571E-1	1.259904204E-2
6.550000000E0	6.484069916E-1	1.285738307E-2
6.560000000E0	6.542578114E-1	1.325146492E-2
6.570000000E0	6.601158134E-1	1.375633466E-2
6.580000000E0	6.659684917E-1	1.418626906E-2
6.590000000E0	6.716606067E-1	1.464333943E-2
6.600000000E0	6.773278624E-1	1.527957115E-2
6.610000000E0	6.828099503E-1	1.608546433E-2
6.620000000E0	6.883284528E-1	1.676245823E-2
6.630000000E0	6.938050982E-1	1.725005743E-2
6.640000000E0	6.991242988E-1	1.778006234E-2
6.650000000E0	7.041473451E-1	1.855785799E-2
6.660000000E0	7.093163891E-1	1.945715224E-2
6.670000000E0	7.140793142E-1	2.042526931E-2
6.680000000E0	7.191580957E-1	2.112434363E-2
6.690000000E0	7.238305955E-1	2.186856798E-2
6.700000000E0	7.284621154E-1	2.277224616E-2
6.710000000E0	7.331430646E-1	2.356790454E-2
6.720000000E0	7.373817542E-1	2.452863819E-2
6.730000000E0	7.418236601E-1	2.538964167E-2
6.740000000E0	7.459526304E-1	2.622060956E-2
6.750000000E0	7.503304589E-1	2.709247167E-2
6.760000000E0	7.545984303E-1	2.798109873E-2
6.770000000E0	7.583261599E-1	2.907029114E-2
6.780000000E0	7.622970520E-1	2.980029930E-2
6.790000000E0	7.658968602E-1	3.059402730E-2
6.800000000E0	7.694246487E-1	3.148611623E-2
6.810000000E0	7.727065963E-1	3.245452603E-2
6.820000000E0	7.760639240E-1	3.342119328E-2
6.830000000E0	7.791573688E-1	3.406784544E-2
6.840000000E0	7.822017377E-1	3.475360063E-2
6.850000000E0	7.850351138E-1	3.552286829E-2
6.860000000E0	7.877915104E-1	3.599655356E-2
6.870000000E0	7.902651088E-1	3.686469990E-2
6.880000000E0	7.926619280E-1	3.740883012E-2
6.890000000E0	7.947979921E-1	3.815670024E-2
6.900000000E0	7.969124299E-1	3.859555334E-2
6.910000000E0	7.989820896E-1	3.920803179E-2
6.920000000E0	8.009080234E-1	3.951158899E-2
6.930000000E0	8.024716506E-1	3.992289657E-2
6.940000000E0	8.039930886E-1	4.046825036E-2
6.950000000E0	8.054342496E-1	4.070845587E-2
6.960000000E0	8.066945647E-1	4.103014405E-2
6.970000000E0	8.078561735E-1	4.134968489E-2
6.980000000E0	8.089036975E-1	4.169861780E-2
6.990000000E0	8.098737296E-1	4.180252271E-2
7.000000000E0	8.103281926E-1	4.208248554E-2
7.010000000E0	8.110960205E-1	4.220247059E-2
7.020000000E0	8.113236629E-1	4.226876303E-2
7.030000000E0	8.115518017E-1	4.261672307E-2
7.040000000E0	8.118382088E-1	4.263037056E-2
7.050000000E0	8.120315421E-1	4.272893131E-2
7.060000000E0	8.120001280E-1	4.277596419E-2
7.070000000E0	8.115402534E-1	4.276218017E-2
7.080000000E0	8.111691685E-1	4.275720961E-2
7.090000000E0	8.106185558E-1	4.276132336E-2
7.100000000E0	8.099642841E-1	4.261300909E-2
7.110000000E0	8.090062233E-1	4.259953353E-2
7.120000000E0	8.079885356E-1	4.254019224E-2
7.130000000E0	8.069051069E-1	4.218232608E-2
7.140000000E0	8.056826073E-1	4.173892840E-2
7.150000000E0	8.043792830E-1	4.153154812E-2
7.160000000E0	8.026491862E-1	4.133594377E-2
7.170000000E0	8.011843860E-1	4.071943792E-2
7.180000000E0	7.992053367E-1	4.056652528E-2
7.190000000E0	7.974329426E-1	3.968459266E-2
7.200000000E0	7.954834511E-1	3.939092589E-2
7.210000000E0	7.933390986E-1	3.883210984E-2
7.220000000E0	7.910836230E-1	3.826092053E-2
7.230000000E0	7.884915151E-1	3.770937081E-2
7.240000000E0	7.857595782E-1	3.712903468E-2
7.250000000E0	7.833001035E-1	3.613833300E-2
7.260000000E0	7.804033790E-1	3.543221915E-2
7.270000000E0	7.774477736E-1	3.470053821E-2
7.280000000E0	7.745530185E-1	3.402737632E-2
7.290000000E0	7.713564292E-1	3.306031154E-2
7.300000000E0	7.680019791E-1	3.233360202E-2
7.310000000E0	7.646463560E-1	3.150854195E-2
7.320000000E0	7.611417989E-1	3.064565872E-2
7.330000000E0	7.573270993E-1	2.974723966E-2
7.340000000E0	7.536549541E-1	2.874218000E-2
7.350000000E0	7.496382714E-1	2.776934686E-2
7.360000000E0	7.457684729E-1	2.685614945E-2
7.370000000E0	7.415027349E-1	2.604926885E-2
7.380000000E0	7.371937596E-1	2.503042892E-2
7.390000000E0	7.329128937E-1	2.409013418E-2
7.400000000E0	7.284166845E-1	2.321793275E-2
7.410000000E0	7.239459189E-1	2.233814485E-2
7.420000000E0	7.194205610E-1	2.150030455E-2
7.430000000E0	7.148897653E-1	2.069120692E-2
7.440000000E0	7.103135524E-1	1.985811315E-2
7.450000000E0	7.054109054E-1	1.919147772E-2
7.460000000E0	7.005324262E-1	1.855160720E-2
7.470000000E0	6.955289559E-1	1.786618139E-2
7.480000000E0	6.904720195E-1	1.711413300E-2
7.490000000E0	6.851370195E-1	1.656253870E-2
7.500000000E0	6.798362347E-1	1.576789743E-2
7.510000000E0	6.747045338E-1	1.517708737E-2
7.520000000E0	6.694648102E-1	1.485474894E-2
7.530000000E0	6.640237846E-1	1.424332611E-2
7.540000000E0	6.585211291E-1	1.391515152E-2
7.550000000E0	6.529908518E-1	1.332925580E-2
7.560000000E0	6.474103429E-1	1.287467025E-2
7.570000000E0	6.418074963E-1	1.261002953E-2
7.580000000E0	6.362380354E-1	1.241877818E-2
7.590000000E0	6.306834097E-1	1.211828031E-2
7.600000000E0	6.251334978E-1	1.211187001E-2
7.610000000E0	6.195215031E-1	1.184207265E-2
7.620000000E0	6.140838787E-1	1.173469469E-2
7.630000000E0	6.085863008E-1	1.176242280E-2
7.640000000E0	6.031109253E-1	1.191031396E-2
7.650000000E0	5.976409635E-1	1.172628846E-2
7.660000000E0	5.921201919E-1	1.153740417E-2
7.670000000E0	5.865925941E-1	1.164074738E-2
7.680000000E0	5.810653475E-1	1.149727991E-2
7.690000000E0	5.755384978E-1	1.171765631E-2
7.700000000E0	5.699883159E-1	1.158553379E-2
7.710000000E0	5.644107160E-1	1.160182447E-2
7.720000000E0	5.588795545E-1	1.164936287E-2
7.730000000E0	5.533380252E-1	1.152692468E-2
7.740000000E0	5.477610272E-1	1.159107199E-2
7.750000000E0	5.421755098E-1	1.165511450E-2
7.760000000E0	5.366097754E-1	1.162264085E-2
7.770000000E0	5.311098593E-1	1.167290087E-2
7.780000000E0	5.255639193E-1	1.160184109E-2
7.790000000E0	5.200730529E-1	1.153464646E-2
7.800000000E0	5.145656085E-1	1.165378810E-2
7.810000000E0	5.090231183E-1	1.174579854E-2
7.820000000E0	5.035492595E-1	1.172514958E-2
7.830000000E0	4.980537965E-1	1.175891656E-2
7.840000000E0	4.925748722E-1	1.185606268E-2
7.850000000E0	4.870501568E-1	1.187797861E-2
7.860000000E0	4.816024804E-1	1.190379659E-2
7.870000000E0	4.762158122E-1	1.189808702E-2
7.880000000E0	4.708379747E-1	1.188578237E-2
7.890000000E0	4.656175420E-1	1.198809785E-2
7.900000000E0	4.603685641E-1	1.218462814E-2
7.910000000E0	4.549543690E-1	1.218990110E-2
7.920000000E0	4.495522367E-1	1.235979518E-2
7.930000000E0	4.441540462E-1	1.254486905E-2
7.940000000E0	4.389107406E-1	1.287630158E-2
7.950000000E0	4.338155405E-1	1.310592185E-2
7.960000000E0	4.285279088E-1	1.323068251E-2
7.970000000E0	4.235552460E-1	1.354751157E-2
7.980000000E0	4.184291455E-1	1.399663336E-2
7.990000000E0	4.134620332E-1	1.440435438E-2
8.000000000E0	4.085293347E-1	1.444324504E-2
8.010000000E0	4.035386847E-1	1.466198305E-2
8.020000000E0	3.986796231E-1	1.511716026E-2
8.030000000E0	3.939594251E-1	1.560066739E-2
8.040000000E0	3.894536506E-1	1.610534431E-2
8.050000000E0	3.848958479E-1	1.650804120E-2
8.060000000E0	3.802811031E-1	1.703044077E-2
8.070000000E0	3.758761515E-1	1.738630694E-2
8.080000000E0	3.713043561E-1	1.808859323E-2
8.090000000E0	3.670745640E-1	1.854956758E-2
8.100000000E0	3.629703745E-1	1.891854180E-2
8.110000000E0	3.586948764E-1	1.944321659E-2
8.120000000E0	3.544667382E-1	1.994210668E-2
8.130000000E0	3.505828176E-1	2.037835073E-2
8.140000000E0	3.466309279E-1	2.088047056E-2
8.150000000E0	3.429724171E-1	2.156103706E-2
8.160000000E0	3.389305231E-1	2.199939040E-2
8.170000000E0	3.353690129E-1	2.276215098E-2
8.180000000E0	3.318063792E-1	2.333327259E-2
8.190000000E0	3.281769519E-1	2.387111114E-2
8.200000000E0	3.245515845E-1	2.442741559E-2
8.210000000E0	3.211826038E-1	2.489996630E-2
8.220000000E0	3.178834432E-1	2.538554094E-2
8.230000000E0	3.146771407E-1	2.597843033E-2
8.240000000E0	3.117106325E-1	2.656244192E-2
8.250000000E0	3.088377096E-1	2.706790988E-2
8.260000000E0	3.058444002E-1	2.757529440E-2
8.270000000E0	3.032388388E-1	2.810821312E-2
8.280000000E0	3.004249650E-1	2.858188958E-2
8.290000000E0	2.978571327E-1	2.908528009E-2
8.300000000E0	2.955043222E-1	2.945119691E-2
8.310000000E0	2.932508976E-1	2.987700063E-2
8.320000000E0	2.911089166E-1	3.030626445E-2
8.330000000E0	2.889457954E-1	3.071730391E-2
8.340000000E0	2.868471499E-1	3.094722669E-2
8.350000000E0	2.849553675E-1	3.135756567E-2
8.360000000E0	2.832822795E-1	3.180819147E-2
8.370000000E0	2.815460654E-1	3.196833725E-2
8.380000000E0	2.800844705E-1	3.218429594E-2
8.390000000E0	2.787474582E-1	3.248799839E-2
8.400000000E0	2.776837977E-1	3.280728063E-2
8.410000000E0	2.765754532E-1	3.293734146E-2
8.420000000E0	2.756293568E-1	3.305816115E-2
8.430000000E0	2.746359262E-1	3.314676121E-2
8.440000000E0	2.736882507E-1	3.317726549E-2
8.450000000E0	2.732727743E-1	3.337585692E-2
8.460000000E0	2.725649134E-1	3.322961921E-2
8.470000000E0	2.723475496E-1	3.341156731E-2
8.480000000E0	2.721855952E-1	3.376971274E-2
8.490000000E0	2.720692569E-1	3.382557787E-2
8.500000000E0	2.722119023E-1	3.382051800E-2
8.510000000E0	2.722830743E-1	3.384736625E-2
8.520000000E0	2.723997221E-1	3.382717117E-2
8.530000000E0	2.726390072E-1	3.360410192E-2
8.540000000E0	2.732779895E-1	3.373507336E-2
8.550000000E0	2.737839694E-1	3.354592646E-2
8.560000000E0	2.745376057E-1	3.353931541E-2
8.570000000E0	2.754406225E-1	3.348488889E-2
8.580000000E0	2.764561040E-1	3.323499298E-2
8.590000000E0	2.777167006E-1	3.289431995E-2
8.600000000E0	2.789281035E-1	3.271034498E-2
8.610000000E0	2.801302435E-1	3.243689581E-2
8.620000000E0	2.814881089E-1	3.214499864E-2
8.630000000E0	2.832486087E-1	3.174680342E-2
8.640000000E0	2.847245543E-1	3.156991497E-2
8.650000000E0	2.866638260E-1	3.103069096E-2
8.660000000E0	2.887228295E-1	3.062077203E-2
8.670000000E0	2.908343398E-1	3.026179015E-2
8.680000000E0	2.931568281E-1	2.974112807E-2
8.690000000E0	2.955055959E-1	2.946208426E-2
8.700000000E0	2.978346326E-1	2.889865287E-2
8.710000000E0	3.001854083E-1	2.844234515E-2
8.720000000E0	3.027707672E-1	2.800172314E-2
8.730000000E0	3.055015848E-1	2.740846947E-2
8.740000000E0	3.080552729E-1	2.714461736E-2
8.750000000E0	3.111024794E-1	2.648333140E-2
8.760000000E0	3.140947177E-1	2.596505053E-2
8.770000000E0	3.172711807E-1	2.549092215E-2
8.780000000E0	3.204667901E-1	2.488162023E-2
8.790000000E0	3.234938816E-1	2.426384855E-2
8.800000000E0	3.267908218E-1	2.379073514E-2
8.810000000E0	3.301776014E-1	2.329889957E-2
8.820000000E0	3.336100243E-1	2.274888444E-2
8.830000000E0	3.372866328E-1	2.193054512E-2
8.840000000E0	3.409275118E-1	2.150875106E-2
8.850000000E0	3.444031620E-1	2.093256624E-2
8.860000000E0	3.484637090E-1	2.044325264E-2
8.870000000E0	3.521553580E-1	2.001141159E-2
8.880000000E0	3.561533111E-1	1.943126320E-2
8.890000000E0	3.600875145E-1	1.878349166E-2
8.900000000E0	3.641642823E-1	1.836913180E-2
8.910000000E0	3.683372027E-1	1.785246974E-2
8.920000000E0	3.724184552E-1	1.734550718E-2
8.930000000E0	3.764801519E-1	1.711537422E-2
8.940000000E0	3.808059795E-1	1.656951707E-2
8.950000000E0	3.852320116E-1	1.621869117E-2
8.960000000E0	3.896471540E-1	1.594261483E-2
8.970000000E0	3.940558765E-1	1.532853645E-2
8.980000000E0	3.985638047E-1	1.498380591E-2
8.990000000E0	4.030132048E-1	1.450911808E-2
9.000000000E0	4.075436279E-1	1.408266951E-2
9.010000000E0	4.121734541E-1	1.397260214E-2
9.020000000E0	4.167515435E-1	1.377209404E-2
9.030000000E0	4.216924132E-1	1.334749585E-2
9.040000000E0	4.264117688E-1	1.312911789E-2
9.050000000E0	4.311132405E-1	1.275169972E-2
9.060000000E0	4.358380099E-1	1.244554518E-2
9.070000000E0	4.406240018E-1	1.242282664E-2
9.080000000E0	4.455030494E-1	1.220996821E-2
9.090000000E0	4.503482886E-1	1.179144604E-2
9.100000000E0	4.551568066E-1	1.169828176E-2
9.110000000E0	4.602346844E-1	1.150214889E-2
9.120000000E0	4.649741213E-1	1.142317333E-2
9.130000000E0	4.698513859E-1	1.146255776E-2
9.140000000E0	4.745961906E-1	1.131577543E-2
9.150000000E0	4.793582195E-1	1.137363909E-2
9.160000000E0	4.844083744E-1	1.114324418E-2
9.170000000E0	4.892298420E-1	1.090800999E-2
9.180000000E0	4.940432917E-1	1.095944711E-2
9.190000000E0	4.991008156E-1	1.086494885E-2
9.200000000E0	5.039377543E-1	1.088394052E-2
9.210000000E0	5.089806565E-1	1.076282791E-2
9.220000000E0	5.137334410E-1	1.074449976E-2
9.230000000E0	5.188634931E-1	1.068222673E-2
9.240000000E0	5.236485826E-1	1.073061571E-2
9.250000000E0	5.288161605E-1	1.071679225E-2
9.260000000E0	5.336054590E-1	1.080481536E-2
9.270000000E0	5.388016232E-1	1.080726168E-2
9.280000000E0	5.435825154E-1	1.080994881E-2
9.290000000E0	5.486815463E-1	1.073255454E-2
9.300000000E0	5.534741335E-1	1.091469357E-2
9.310000000E0	5.584394135E-1	1.084068349E-2
9.320000000E0	5.633948590E-1	1.090383970E-2
9.330000000E0	5.680746146E-1	1.095421709E-2
9.340000000E0	5.730413495E-1	1.080501585E-2
9.350000000E0	5.777243486E-1	1.083240861E-2
9.360000000E0	5.823189839E-1	1.086155998E-2
9.370000000E0	5.869323819E-1	1.090218694E-2
9.380000000E0	5.917316955E-1	1.076522176E-2
9.390000000E0	5.965409366E-1	1.083030079E-2
9.400000000E0	6.009644393E-1	1.132261089E-2
9.410000000E0	6.054688973E-1	1.140425246E-2
9.420000000E0	6.100259513E-1	1.166449268E-2
9.430000000E0	6.144710656E-1	1.187281859E-2
9.440000000E0	6.190142521E-1	1.179424800E-2
9.450000000E0	6.236688900E-1	1.179164703E-2
9.460000000E0	6.285532181E-1	1.188438363E-2
9.470000000E0	6.330695352E-1	1.199105199E-2
9.480000000E0	6.376261652E-1	1.221712145E-2
9.490000000E0	6.421791804E-1	1.252612930E-2
9.500000000E0	6.466312606E-1	1.287438027E-2
9.510000000E0	6.512124677E-1	1.305842636E-2
9.520000000E0	6.555722827E-1	1.368376863E-2
9.530000000E0	6.598005381E-1	1.406815167E-2
9.540000000E0	6.640932180E-1	1.422775666E-2
9.550000000E0	6.684109665E-1	1.474410760E-2
9.560000000E0	6.726922460E-1	1.511086818E-2
9.570000000E0	6.768715336E-1	1.554756311E-2
9.580000000E0	6.807752065E-1	1.609476751E-2
9.590000000E0	6.849330403E-1	1.641079383E-2
9.600000000E0	6.886237802E-1	1.715119609E-2
