mass_A
t	x	y
0,000000000E0	2,007584307E-3	1,364832073E-1
1,000000000E-2	2,681998418E-3	1,363847743E-1
2,000000000E-2	3,800175194E-3	1,355755128E-1
3,000000000E-2	5,167997354E-3	1,344326349E-1
4,000000000E-2	6,854944866E-3	1,334319947E-1
5,000000000E-2	8,657018887E-3	1,322142723E-1
6,000000000E-2	1,083383368E-2	1,309010633E-1
7,000000000E-2	1,340681186E-2	1,291195326E-1
8,000000000E-2	1,613474700E-2	1,273962312E-1
9,000000000E-2	1,925101244E-2	1,253244398E-1
1,000000000E-1	2,243464825E-2	1,233894339E-1
1,100000000E-1	2,601745152E-2	1,211101398E-1
1,200000000E-1	2,978558321E-2	1,187721179E-1
1,300000000E-1	3,394879250E-2	1,162891259E-1
1,400000000E-1	3,849700375E-2	1,133735357E-1
1,500000000E-1	4,283813461E-2	1,111825753E-1
1,600000000E-1	4,933288174E-2	1,103348587E-1
1,700000000E-1	5,510723707E-2	1,081991662E-1
1,800000000E-1	6,042046275E-2	1,051229271E-1
1,900000000E-1	6,607350237E-2	1,002631216E-1
2,000000000E-1	7,158320462E-2	9,586029269E-2
2,100000000E-1	7,826735145E-2	9,240235637E-2
2,200000000E-1	8,495437599E-2	8,897150778E-2
2,300000000E-1	9,191955151E-2	8,561377827E-2
2,400000000E-1	9,917572208E-2	8,236446631E-2
2,500000000E-1	1,065618943E-1	7,898375001E-2
2,600000000E-1	1,141975643E-1	7,585695988E-2
2,700000000E-1	1,220909520E-1	7,238964779E-2
2,800000000E-1	1,301364267E-1	6,904863419E-2
2,900000000E-1	1,381048906E-1	6,583543638E-2
3,000000000E-1	1,464861807E-1	6,271714603E-2
3,100000000E-1	1,548706067E-1	5,978600319E-2
3,200000000E-1	1,633686540E-1	5,698185615E-2
3,300000000E-1	1,718621692E-1	5,392626096E-2
3,400000000E-1	1,808053242E-1	5,117789584E-2
3,500000000E-1	1,898396193E-1	4,820772824E-2
3,600000000E-1	1,988139405E-1	4,516427290E-2
3,700000000E-1	2,079799783E-1	4,256908677E-2
3,800000000E-1	2,174133229E-1	3,987697303E-2
3,900000000E-1	2,267712095E-1	3,786718590E-2
4,000000000E-1	2,366970224E-1	3,910454561E-2
4,100000000E-1	2,470140074E-1	3,588419793E-2
4,200000000E-1	2,564361714E-1	3,091694565E-2
4,300000000E-1	2,666961267E-1	2,840950910E-2
4,400000000E-1	2,770460558E-1	2,633402986E-2
4,500000000E-1	2,873215538E-1	2,401086410E-2
4,600000000E-1	2,974643540E-1	2,185526154E-2
4,700000000E-1	3,080284100E-1	1,979711170E-2
4,800000000E-1	3,187799408E-1	1,800596545E-2
4,900000000E-1	3,294839836E-1	1,629452182E-2
5,000000000E-1	3,403346468E-1	1,476720186E-2
5,100000000E-1	3,513278355E-1	1,349746298E-2
5,200000000E-1	3,623442525E-1	1,179214588E-2
5,300000000E-1	3,733591182E-1	1,062511327E-2
5,400000000E-1	3,844543419E-1	9,554728571E-3
5,500000000E-1	3,954180924E-1	8,603912699E-3
5,600000000E-1	4,064804647E-1	7,638095758E-3
5,700000000E-1	4,170556897E-1	7,713130247E-3
5,800000000E-1	4,283702601E-1	1,035594328E-2
5,900000000E-1	4,400496945E-1	7,468690546E-3
6,000000000E-1	4,512319958E-1	6,084464420E-3
6,100000000E-1	4,627612190E-1	5,632900920E-3
6,200000000E-1	4,740892669E-1	5,528479137E-3
6,300000000E-1	4,851132983E-1	5,639300243E-3
6,400000000E-1	4,962033030E-1	5,681849040E-3
6,500000000E-1	5,072241837E-1	5,848613497E-3
6,600000000E-1	5,182241150E-1	5,866891534E-3
6,700000000E-1	5,292029230E-1	6,014818767E-3
6,800000000E-1	5,403054908E-1	6,012075708E-3
6,900000000E-1	5,514135250E-1	6,139096722E-3
7,000000000E-1	5,624439302E-1	6,348564776E-3
7,100000000E-1	5,734841140E-1	6,775029999E-3
7,200000000E-1	5,845082261E-1	7,010115491E-3
7,300000000E-1	5,954636142E-1	7,082880227E-3
7,400000000E-1	6,063461379E-1	7,422072879E-3
7,500000000E-1	6,164515975E-1	9,732929084E-3
7,600000000E-1	6,275500671E-1	9,366740351E-3
7,700000000E-1	6,384282825E-1	9,062183204E-3
7,800000000E-1	6,494478898E-1	9,683943107E-3
7,900000000E-1	6,600073040E-1	1,062157340E-2
8,000000000E-1	6,705035597E-1	1,144211824E-2
8,100000000E-1	6,809941979E-1	1,267437726E-2
8,200000000E-1	6,914752783E-1	1,403410578E-2
8,300000000E-1	7,017488636E-1	1,532158179E-2
8,400000000E-1	7,117638317E-1	1,699916216E-2
8,500000000E-1	7,217546588E-1	1,867326579E-2
8,600000000E-1	7,314894798E-1	2,044368083E-2
8,700000000E-1	7,411950779E-1	2,240677672E-2
8,800000000E-1	7,505554731E-1	2,439073797E-2
8,900000000E-1	7,600310015E-1	2,642459577E-2
9,000000000E-1	7,690831304E-1	2,841296363E-2
9,100000000E-1	7,781863407E-1	3,038063978E-2
9,200000000E-1	7,869575592E-1	3,269841667E-2
9,300000000E-1	7,955708989E-1	3,549885008E-2
9,400000000E-1	8,040747080E-1	3,900427319E-2
9,500000000E-1	8,128707746E-1	4,044906356E-2
9,600000000E-1	8,210409174E-1	4,234106884E-2
9,700000000E-1	8,290762114E-1	4,469256717E-2
9,800000000E-1	8,372657504E-1	4,677282713E-2
9,900000000E-1	8,450161360E-1	4,909385406E-2
1,000000000E0	8,521989694E-1	5,147518894E-2
1,010000000E0	8,592474239E-1	5,358540855E-2
1,020000000E0	8,660851686E-1	5,571623094E-2
1,030000000E0	8,726502435E-1	5,795520192E-2
1,040000000E0	8,790466454E-1	6,019002641E-2
1,050000000E0	8,854441424E-1	6,252844256E-2
1,060000000E0	8,916477111E-1	6,478365027E-2
1,070000000E0	8,976663627E-1	6,716859587E-2
1,080000000E0	9,036178216E-1	6,947999965E-2
1,090000000E0	9,092594847E-1	7,157555256E-2
1,100000000E0	9,146394752E-1	7,380757857E-2
1,110000000E0	9,196714878E-1	7,585199857E-2
1,120000000E0	9,246933000E-1	7,787475342E-2
1,130000000E0	9,292651454E-1	8,007956675E-2
1,140000000E0	9,336604754E-1	8,226685263E-2
1,150000000E0	9,378763610E-1	8,441514419E-2
1,160000000E0	9,415200616E-1	8,659097997E-2
1,170000000E0	9,449924670E-1	8,836548163E-2
1,180000000E0	9,481971104E-1	9,003194683E-2
1,190000000E0	9,513812039E-1	9,128658743E-2
1,200000000E0	9,541254812E-1	9,247645119E-2
1,210000000E0	9,567419184E-1	9,349583335E-2
1,220000000E0	9,590816869E-1	9,459054637E-2
1,230000000E0	9,612395904E-1	9,562059334E-2
1,240000000E0	9,631435781E-1	9,652342910E-2
1,250000000E0	9,647876380E-1	9,748715939E-2
1,260000000E0	9,662635337E-1	9,810785257E-2
1,270000000E0	9,673938662E-1	9,879804992E-2
1,280000000E0	9,681682382E-1	9,911700782E-2
1,290000000E0	9,690479641E-1	9,965889022E-2
1,300000000E0	9,696213704E-1	9,997091968E-2
1,310000000E0	9,699822172E-1	1,000212694E-1
1,320000000E0	9,701221804E-1	9,999910381E-2
1,330000000E0	9,700839474E-1	9,992952637E-2
1,340000000E0	9,696953524E-1	9,970128667E-2
1,350000000E0	9,692138851E-1	9,940919581E-2
1,360000000E0	9,682458140E-1	9,886319132E-2
1,370000000E0	9,671697975E-1	9,817785452E-2
1,380000000E0	9,658008975E-1	9,751211992E-2
1,390000000E0	9,641248161E-1	9,657386458E-2
1,400000000E0	9,624555123E-1	9,557057659E-2
1,410000000E0	9,602815305E-1	9,449416273E-2
1,420000000E0	9,580193575E-1	9,339803099E-2
1,430000000E0	9,556638558E-1	9,215798577E-2
1,440000000E0	9,527694291E-1	9,100508069E-2
1,450000000E0	9,501073644E-1	8,947068188E-2
1,460000000E0	9,469733018E-1	8,790253243E-2
1,470000000E0	9,436713803E-1	8,661589802E-2
1,480000000E0	9,403527563E-1	8,496514103E-2
1,490000000E0	9,368295556E-1	8,315643901E-2
1,500000000E0	9,328598652E-1	8,150277870E-2
1,510000000E0	9,290206768E-1	7,974895185E-2
1,520000000E0	9,248572711E-1	7,799489094E-2
1,530000000E0	9,204458144E-1	7,596183930E-2
1,540000000E0	9,159616231E-1	7,403749067E-2
1,550000000E0	9,110744698E-1	7,209333843E-2
1,560000000E0	9,061305385E-1	7,014698003E-2
1,570000000E0	9,008121581E-1	6,805075041E-2
1,580000000E0	8,953350020E-1	6,591716741E-2
1,590000000E0	8,896351799E-1	6,395455131E-2
1,600000000E0	8,838612959E-1	6,180159627E-2
1,610000000E0	8,776209796E-1	5,990646769E-2
1,620000000E0	8,715622275E-1	5,776056897E-2
1,630000000E0	8,651943193E-1	5,579930427E-2
1,640000000E0	8,586270364E-1	5,362359463E-2
1,650000000E0	8,520544359E-1	5,146541975E-2
1,660000000E0	8,453195490E-1	4,921492486E-2
1,670000000E0	8,385788775E-1	4,707344175E-2
1,680000000E0	8,314666012E-1	4,500162488E-2
1,690000000E0	8,241624383E-1	4,274019756E-2
1,700000000E0	8,168108331E-1	4,068644951E-2
1,710000000E0	8,092755667E-1	4,011695453E-2
1,720000000E0	8,015459077E-1	3,823162948E-2
1,730000000E0	7,942220669E-1	3,521695849E-2
1,740000000E0	7,865721779E-1	3,262987769E-2
1,750000000E0	7,788136201E-1	3,045227019E-2
1,760000000E0	7,704326550E-1	2,849989343E-2
1,770000000E0	7,621975747E-1	2,638109580E-2
1,780000000E0	7,537915523E-1	2,442485902E-2
1,790000000E0	7,451888178E-1	2,252479371E-2
1,800000000E0	7,365228110E-1	2,055914310E-2
1,810000000E0	7,280054786E-1	1,875387279E-2
1,820000000E0	7,192270883E-1	1,716601915E-2
1,830000000E0	7,104531155E-1	1,583584753E-2
1,840000000E0	7,015463733E-1	1,433627875E-2
1,850000000E0	6,926323844E-1	1,282165447E-2
1,860000000E0	6,836161402E-1	1,165613365E-2
1,870000000E0	6,742361329E-1	1,047248251E-2
1,880000000E0	6,650422253E-1	9,381500836E-3
1,890000000E0	6,556311949E-1	8,771743884E-3
1,900000000E0	6,461187205E-1	7,997463395E-3
1,910000000E0	6,364502203E-1	7,309206446E-3
1,920000000E0	6,273781906E-1	8,789629703E-3
1,930000000E0	6,174731991E-1	9,766809365E-3
1,940000000E0	6,082987161E-1	7,655416723E-3
1,950000000E0	5,991778224E-1	7,178645056E-3
1,960000000E0	5,899609519E-1	7,042490330E-3
1,970000000E0	5,806943466E-1	7,153161676E-3
1,980000000E0	5,713710058E-1	6,956759209E-3
1,990000000E0	5,622411877E-1	6,794480326E-3
2,000000000E0	5,527112418E-1	6,513645313E-3
2,010000000E0	5,433761247E-1	6,603259515E-3
2,020000000E0	5,338843204E-1	6,363762849E-3
2,030000000E0	5,246580900E-1	6,153237205E-3
2,040000000E0	5,151689464E-1	6,071775133E-3
2,050000000E0	5,059266215E-1	6,060150146E-3
2,060000000E0	4,967948227E-1	6,220254637E-3
2,070000000E0	4,874803512E-1	6,266455745E-3
2,080000000E0	4,784141035E-1	6,292559643E-3
2,090000000E0	4,694905629E-1	6,765256722E-3
2,100000000E0	4,605391098E-1	7,129182725E-3
2,110000000E0	4,513336466E-1	7,343338272E-3
2,120000000E0	4,422581624E-1	7,490925114E-3
2,130000000E0	4,335151922E-1	9,779328291E-3
2,140000000E0	4,242326490E-1	1,031017340E-2
2,150000000E0	4,152909359E-1	9,967654293E-3
2,160000000E0	4,065605684E-1	1,050501316E-2
2,170000000E0	3,977387425E-1	1,112794394E-2
2,180000000E0	3,888723960E-1	1,194062305E-2
2,190000000E0	3,803265322E-1	1,263584784E-2
2,200000000E0	3,720985585E-1	1,371929700E-2
2,210000000E0	3,636295871E-1	1,469797056E-2
2,220000000E0	3,555900613E-1	1,580614122E-2
2,230000000E0	3,471592595E-1	1,680482780E-2
2,240000000E0	3,391173932E-1	1,804470318E-2
2,250000000E0	3,312542720E-1	1,917451960E-2
2,260000000E0	3,233723369E-1	2,037627107E-2
2,270000000E0	3,155872687E-1	2,168999987E-2
2,280000000E0	3,079033788E-1	2,313669021E-2
2,290000000E0	3,003232936E-1	2,462915371E-2
2,300000000E0	2,927308277E-1	2,577879845E-2
2,310000000E0	2,853074856E-1	2,705210543E-2
2,320000000E0	2,781801672E-1	2,851494480E-2
2,330000000E0	2,709412911E-1	2,972452788E-2
2,340000000E0	2,640647803E-1	3,138130954E-2
2,350000000E0	2,573077557E-1	3,279926171E-2
2,360000000E0	2,508196272E-1	3,478128328E-2
2,370000000E0	2,447225540E-1	3,713815662E-2
2,380000000E0	2,384856756E-1	3,905051062E-2
2,390000000E0	2,323784751E-1	3,993349226E-2
2,400000000E0	2,263799472E-1	4,126919893E-2
2,410000000E0	2,205933870E-1	4,269686760E-2
2,420000000E0	2,151195979E-1	4,426556091E-2
2,430000000E0	2,095539530E-1	4,577539023E-2
2,440000000E0	2,043178378E-1	4,714842262E-2
2,450000000E0	1,995393655E-1	4,873050444E-2
2,460000000E0	1,946274774E-1	5,012171755E-2
2,470000000E0	1,899053703E-1	5,183275482E-2
2,480000000E0	1,854828992E-1	5,312959539E-2
2,490000000E0	1,810937069E-1	5,461714622E-2
2,500000000E0	1,767923460E-1	5,591060568E-2
2,510000000E0	1,729424324E-1	5,737456898E-2
2,520000000E0	1,691060372E-1	5,861563374E-2
2,530000000E0	1,655325791E-1	6,011872418E-2
2,540000000E0	1,621978481E-1	6,137711104E-2
2,550000000E0	1,589266598E-1	6,251062107E-2
2,560000000E0	1,557719049E-1	6,358387773E-2
2,570000000E0	1,531677732E-1	6,485612846E-2
2,580000000E0	1,503733639E-1	6,573057063E-2
2,590000000E0	1,479959473E-1	6,670075597E-2
2,600000000E0	1,457258713E-1	6,722738503E-2
2,610000000E0	1,436133512E-1	6,787565083E-2
2,620000000E0	1,419081898E-1	6,885631241E-2
2,630000000E0	1,401548510E-1	6,929098507E-2
2,640000000E0	1,387251463E-1	7,005813488E-2
2,650000000E0	1,371326784E-1	7,022369415E-2
2,660000000E0	1,358633895E-1	7,085717328E-2
2,670000000E0	1,347209669E-1	7,122949785E-2
2,680000000E0	1,337899503E-1	7,134384837E-2
2,690000000E0	1,331706374E-1	7,180225747E-2
2,700000000E0	1,325687043E-1	7,159537989E-2
2,710000000E0	1,323696938E-1	7,162064407E-2
2,720000000E0	1,323203101E-1	7,148321730E-2
2,730000000E0	1,324237965E-1	7,133508189E-2
2,740000000E0	1,326009568E-1	7,115865268E-2
2,750000000E0	1,333451148E-1	7,112225442E-2
2,760000000E0	1,337628125E-1	7,052475060E-2
2,770000000E0	1,346638776E-1	7,008426292E-2
2,780000000E0	1,357606491E-1	6,973005141E-2
2,790000000E0	1,369112497E-1	6,911657131E-2
2,800000000E0	1,382417329E-1	6,826345028E-2
2,810000000E0	1,400538159E-1	6,778247784E-2
2,820000000E0	1,416163572E-1	6,677091020E-2
2,830000000E0	1,436084720E-1	6,613735890E-2
2,840000000E0	1,458225452E-1	6,505631135E-2
2,850000000E0	1,486938629E-1	6,431422003E-2
2,860000000E0	1,512609487E-1	6,334748289E-2
2,870000000E0	1,542788959E-1	6,248230047E-2
2,880000000E0	1,570750743E-1	6,118855186E-2
2,890000000E0	1,601999791E-1	6,016702131E-2
2,900000000E0	1,635356345E-1	5,894465433E-2
2,910000000E0	1,671620622E-1	5,774924005E-2
2,920000000E0	1,709410931E-1	5,673977360E-2
2,930000000E0	1,747476626E-1	5,543562261E-2
2,940000000E0	1,788212085E-1	5,425112594E-2
2,950000000E0	1,830933750E-1	5,289414095E-2
2,960000000E0	1,875911148E-1	5,144674279E-2
2,970000000E0	1,921542519E-1	5,010199762E-2
2,980000000E0	1,968247296E-1	4,867726887E-2
2,990000000E0	2,017392023E-1	4,747277850E-2
3,000000000E0	2,066138656E-1	4,577843501E-2
3,010000000E0	2,119639162E-1	4,447951141E-2
3,020000000E0	2,172991960E-1	4,306346691E-2
3,030000000E0	2,228611749E-1	4,157685005E-2
3,040000000E0	2,283630710E-1	4,027855599E-2
3,050000000E0	2,341435446E-1	3,972682194E-2
3,060000000E0	2,401131788E-1	3,858272005E-2
3,070000000E0	2,459744459E-1	3,690425572E-2
3,080000000E0	2,518376557E-1	3,491164690E-2
3,090000000E0	2,581647521E-1	3,338996172E-2
3,100000000E0	2,644952191E-1	3,176927580E-2
3,110000000E0	2,707343070E-1	3,025734688E-2
3,120000000E0	2,773316250E-1	2,881817498E-2
3,130000000E0	2,840247198E-1	2,769722027E-2
3,140000000E0	2,905935673E-1	2,624198227E-2
3,150000000E0	2,974959804E-1	2,479143703E-2
3,160000000E0	3,047013987E-1	2,364400271E-2
3,170000000E0	3,116619749E-1	2,239455329E-2
3,180000000E0	3,190746646E-1	2,121058226E-2
3,190000000E0	3,260935902E-1	2,001283126E-2
3,200000000E0	3,335517938E-1	1,910508290E-2
3,210000000E0	3,411622633E-1	1,801043218E-2
3,220000000E0	3,485927096E-1	1,693813362E-2
3,230000000E0	3,562337129E-1	1,588974009E-2
3,240000000E0	3,635507848E-1	1,491639628E-2
3,250000000E0	3,711637334E-1	1,399316271E-2
3,260000000E0	3,789055765E-1	1,318206135E-2
3,270000000E0	3,866757899E-1	1,227718030E-2
3,280000000E0	3,944199004E-1	1,153373289E-2
3,290000000E0	4,021630758E-1	1,078713398E-2
3,300000000E0	4,100135632E-1	1,013970013E-2
3,310000000E0	4,178713372E-1	9,778509846E-3
3,320000000E0	4,257944727E-1	1,039868331E-2
3,330000000E0	4,340641262E-1	9,656443786E-3
3,340000000E0	4,419230780E-1	8,499823190E-3
3,350000000E0	4,499399383E-1	8,232270571E-3
3,360000000E0	4,582052921E-1	7,953181728E-3
3,370000000E0	4,662689679E-1	7,758331202E-3
3,380000000E0	4,741322980E-1	7,513809207E-3
3,390000000E0	4,820642790E-1	7,161288484E-3
3,400000000E0	4,900561996E-1	7,092278623E-3
3,410000000E0	4,982049036E-1	7,088918599E-3
3,420000000E0	5,060158205E-1	7,080146255E-3
3,430000000E0	5,138214936E-1	7,030432739E-3
3,440000000E0	5,217340474E-1	7,085705016E-3
3,450000000E0	5,296299723E-1	7,220751173E-3
3,460000000E0	5,377039393E-1	7,190661216E-3
3,470000000E0	5,456386644E-1	7,511283934E-3
3,480000000E0	5,535014050E-1	7,318118979E-3
3,490000000E0	5,613219551E-1	7,383789856E-3
3,500000000E0	5,690870163E-1	7,690109375E-3
3,510000000E0	5,768248730E-1	7,821135278E-3
3,520000000E0	5,845242884E-1	8,042537707E-3
3,530000000E0	5,922144395E-1	8,212329295E-3
3,540000000E0	5,999278368E-1	8,388294794E-3
3,550000000E0	6,075465514E-1	8,609990859E-3
3,560000000E0	6,150150674E-1	9,549430552E-3
3,570000000E0	6,229353842E-1	1,017339889E-2
3,580000000E0	6,307211740E-1	9,515130056E-3
3,590000000E0	6,384491765E-1	9,778197556E-3
3,600000000E0	6,462447831E-1	1,013621462E-2
3,610000000E0	6,539817167E-1	1,076637191E-2
3,620000000E0	6,613694592E-1	1,150798829E-2
3,630000000E0	6,685855099E-1	1,235498333E-2
3,640000000E0	6,759647559E-1	1,301690447E-2
3,650000000E0	6,829706570E-1	1,381052205E-2
3,660000000E0	6,902962025E-1	1,484073081E-2
3,670000000E0	6,972308932E-1	1,593014858E-2
3,680000000E0	7,039861091E-1	1,692635942E-2
3,690000000E0	7,107270829E-1	1,804180113E-2
3,700000000E0	7,172823191E-1	1,915222848E-2
3,710000000E0	7,237870750E-1	2,030452057E-2
3,720000000E0	7,303399178E-1	2,148222174E-2
3,730000000E0	7,368377569E-1	2,267990339E-2
3,740000000E0	7,428166808E-1	2,388766589E-2
3,750000000E0	7,490551769E-1	2,518166462E-2
3,760000000E0	7,549493051E-1	2,632499299E-2
3,770000000E0	7,608840513E-1	2,774645465E-2
3,780000000E0	7,667083724E-1	2,909974072E-2
3,790000000E0	7,722798310E-1	3,038885124E-2
3,800000000E0	7,776985715E-1	3,167596873E-2
3,810000000E0	7,829524631E-1	3,282803575E-2
3,820000000E0	7,879873374E-1	3,405987048E-2
3,830000000E0	7,930338177E-1	3,538092309E-2
3,840000000E0	7,977284479E-1	3,708237960E-2
3,850000000E0	8,022329899E-1	3,843153351E-2
3,860000000E0	8,067653011E-1	3,958500729E-2
3,870000000E0	8,112028620E-1	4,056815484E-2
3,880000000E0	8,154706207E-1	4,144414626E-2
3,890000000E0	8,196233802E-1	4,240167067E-2
3,900000000E0	8,235262972E-1	4,345412180E-2
3,910000000E0	8,274061042E-1	4,460231904E-2
3,920000000E0	8,309984954E-1	4,563468573E-2
3,930000000E0	8,343248016E-1	4,663108886E-2
3,940000000E0	8,376573177E-1	4,759351961E-2
3,950000000E0	8,407207394E-1	4,863153646E-2
3,960000000E0	8,433633798E-1	4,949483528E-2
3,970000000E0	8,462151606E-1	5,035145673E-2
3,980000000E0	8,486788289E-1	5,121467095E-2
3,990000000E0	8,510946052E-1	5,200750416E-2
4,000000000E0	8,532250199E-1	5,275405421E-2
4,010000000E0	8,553072510E-1	5,351318117E-2
4,020000000E0	8,574174885E-1	5,443562057E-2
4,030000000E0	8,590024156E-1	5,479331931E-2
4,040000000E0	8,607243554E-1	5,563694827E-2
4,050000000E0	8,619977283E-1	5,597055392E-2
4,060000000E0	8,634137162E-1	5,651152307E-2
4,070000000E0	8,643669396E-1	5,697338071E-2
4,080000000E0	8,652995870E-1	5,760012888E-2
4,090000000E0	8,662476842E-1	5,800355622E-2
4,100000000E0	8,670553947E-1	5,820305691E-2
4,110000000E0	8,675212291E-1	5,806553153E-2
4,120000000E0	8,680151392E-1	5,819413250E-2
4,130000000E0	8,684880546E-1	5,806997717E-2
4,140000000E0	8,685842882E-1	5,804498928E-2
4,150000000E0	8,685750681E-1	5,800653466E-2
4,160000000E0	8,685321055E-1	5,796146208E-2
4,170000000E0	8,684053847E-1	5,791862917E-2
4,180000000E0	8,678074221E-1	5,775595674E-2
4,190000000E0	8,672825977E-1	5,753196209E-2
4,200000000E0	8,663744833E-1	5,713509303E-2
4,210000000E0	8,653463046E-1	5,681510499E-2
4,220000000E0	8,642074694E-1	5,661175500E-2
4,230000000E0	8,629912999E-1	5,599450364E-2
4,240000000E0	8,617398592E-1	5,564630265E-2
4,250000000E0	8,598743983E-1	5,480125580E-2
4,260000000E0	8,584117056E-1	5,451708188E-2
4,270000000E0	8,563594822E-1	5,363495270E-2
4,280000000E0	8,542548653E-1	5,310841468E-2
4,290000000E0	8,519878295E-1	5,236707334E-2
4,300000000E0	8,496878677E-1	5,151018989E-2
4,310000000E0	8,473583730E-1	5,083551128E-2
4,320000000E0	8,444202403E-1	5,005636049E-2
4,330000000E0	8,417792026E-1	4,925121546E-2
4,340000000E0	8,386805815E-1	4,817297935E-2
4,350000000E0	8,354187349E-1	4,708357881E-2
4,360000000E0	8,320545820E-1	4,625725082E-2
4,370000000E0	8,287019387E-1	4,507399865E-2
4,380000000E0	8,252653777E-1	4,402973145E-2
4,390000000E0	8,216772327E-1	4,263131541E-2
4,400000000E0	8,177907056E-1	4,169246479E-2
4,410000000E0	8,140705710E-1	4,061096689E-2
4,420000000E0	8,098966544E-1	4,015228970E-2
4,430000000E0	8,055384906E-1	3,923549503E-2
4,440000000E0	8,011181743E-1	3,807375708E-2
4,450000000E0	7,965903569E-1	3,638513450E-2
4,460000000E0	7,921197055E-1	3,485903232E-2
4,470000000E0	7,874863710E-1	3,363039667E-2
4,480000000E0	7,824236927E-1	3,238882717E-2
4,490000000E0	7,774754013E-1	3,121019551E-2
4,500000000E0	7,723489527E-1	3,005068233E-2
4,510000000E0	7,668943799E-1	2,868338110E-2
4,520000000E0	7,614423760E-1	2,722091458E-2
4,530000000E0	7,558883153E-1	2,603280267E-2
4,540000000E0	7,502627927E-1	2,479416371E-2
4,550000000E0	7,445987899E-1	2,364110287E-2
4,560000000E0	7,387916001E-1	2,245369256E-2
4,570000000E0	7,327413507E-1	2,131381576E-2
4,580000000E0	7,268809654E-1	2,026626315E-2
4,590000000E0	7,205686540E-1	1,914329160E-2
4,600000000E0	7,144043051E-1	1,806379981E-2
4,610000000E0	7,082166959E-1	1,700323317E-2
4,620000000E0	7,017063078E-1	1,594901281E-2
4,630000000E0	6,951409838E-1	1,491926704E-2
4,640000000E0	6,884971919E-1	1,391753403E-2
4,650000000E0	6,818267654E-1	1,294457980E-2
4,660000000E0	6,751904862E-1	1,219061605E-2
4,670000000E0	6,684560841E-1	1,151907495E-2
4,680000000E0	6,617628994E-1	1,064349475E-2
4,690000000E0	6,550503218E-1	1,028844130E-2
4,700000000E0	6,479850616E-1	9,458144526E-3
4,710000000E0	6,408095575E-1	9,217416022E-3
4,720000000E0	6,340978329E-1	9,091144140E-3
4,730000000E0	6,271878481E-1	9,427218776E-3
4,740000000E0	6,200784491E-1	1,012026821E-2
4,750000000E0	6,131755618E-1	9,466406510E-3
4,760000000E0	6,064733320E-1	8,772103891E-3
4,770000000E0	5,996074975E-1	8,546410854E-3
4,780000000E0	5,928532644E-1	8,367879499E-3
4,790000000E0	5,859818455E-1	8,172676792E-3
4,800000000E0	5,789563535E-1	8,197735569E-3
4,810000000E0	5,721915415E-1	8,164316922E-3
4,820000000E0	5,654119496E-1	8,140154972E-3
4,830000000E0	5,583788394E-1	7,824856538E-3
4,840000000E0	5,513824134E-1	8,023499412E-3
4,850000000E0	5,445626910E-1	8,096897797E-3
4,860000000E0	5,377716566E-1	8,255252036E-3
4,870000000E0	5,308936474E-1	8,144026760E-3
4,880000000E0	5,240181705E-1	7,941870470E-3
4,890000000E0	5,171587104E-1	8,042891664E-3
4,900000000E0	5,103651989E-1	8,115091521E-3
4,910000000E0	5,036637472E-1	8,156966116E-3
4,920000000E0	4,969613909E-1	8,172532116E-3
4,930000000E0	4,902504194E-1	8,195747370E-3
4,940000000E0	4,835194139E-1	8,268436317E-3
4,950000000E0	4,769273835E-1	8,347425553E-3
4,960000000E0	4,703317692E-1	8,458610079E-3
4,970000000E0	4,637691165E-1	8,453774943E-3
4,980000000E0	4,569207722E-1	8,627885071E-3
4,990000000E0	4,505501537E-1	8,905521730E-3
5,000000000E0	4,439874444E-1	9,166084813E-3
5,010000000E0	4,373329805E-1	9,526704860E-3
5,020000000E0	4,307822659E-1	1,049182389E-2
5,030000000E0	4,242446699E-1	1,057628762E-2
5,040000000E0	4,177346554E-1	1,073671774E-2
5,050000000E0	4,112780820E-1	1,065635787E-2
5,060000000E0	4,052468746E-1	1,141499660E-2
5,070000000E0	3,988260902E-1	1,164517386E-2
5,080000000E0	3,926384143E-1	1,228297100E-2
5,090000000E0	3,864922853E-1	1,281847046E-2
5,100000000E0	3,805372500E-1	1,327115706E-2
5,110000000E0	3,744123283E-1	1,404668719E-2
5,120000000E0	3,687401795E-1	1,475918086E-2
5,130000000E0	3,626233399E-1	1,514533062E-2
5,140000000E0	3,568534292E-1	1,592664746E-2
5,150000000E0	3,512503850E-1	1,683399254E-2
5,160000000E0	3,456463749E-1	1,733857300E-2
5,170000000E0	3,401520549E-1	1,813205336E-2
5,180000000E0	3,346953474E-1	1,893866706E-2
5,190000000E0	3,292326340E-1	1,955012195E-2
5,200000000E0	3,239142760E-1	2,034496975E-2
5,210000000E0	3,189227956E-1	2,142703372E-2
5,220000000E0	3,137914294E-1	2,215716122E-2
5,230000000E0	3,090354154E-1	2,327390821E-2
5,240000000E0	3,039395741E-1	2,406904279E-2
5,250000000E0	2,993499102E-1	2,471955177E-2
5,260000000E0	2,949161969E-1	2,573558020E-2
5,270000000E0	2,905790167E-1	2,657388572E-2
5,280000000E0	2,861476230E-1	2,730785784E-2
5,290000000E0	2,819619765E-1	2,816152554E-2
5,300000000E0	2,780497704E-1	2,920775425E-2
5,310000000E0	2,740355996E-1	3,000268494E-2
5,320000000E0	2,704322499E-1	3,109902816E-2
5,330000000E0	2,663789292E-1	3,157889026E-2
5,340000000E0	2,629013012E-1	3,253674472E-2
5,350000000E0	2,595486771E-1	3,352467662E-2
5,360000000E0	2,562261881E-1	3,429563905E-2
5,370000000E0	2,529330933E-1	3,495321415E-2
5,380000000E0	2,499616768E-1	3,576770268E-2
5,390000000E0	2,472216062E-1	3,688367589E-2
5,400000000E0	2,442774429E-1	3,762835152E-2
5,410000000E0	2,417841099E-1	3,840392792E-2
5,420000000E0	2,393247306E-1	3,910047421E-2
5,430000000E0	2,369148468E-1	3,959123657E-2
5,440000000E0	2,348388729E-1	4,024591661E-2
5,450000000E0	2,326825051E-1	4,055637381E-2
5,460000000E0	2,307562680E-1	4,092718050E-2
5,470000000E0	2,286792491E-1	4,135605037E-2
5,480000000E0	2,269438478E-1	4,187606542E-2
5,490000000E0	2,254425793E-1	4,212117615E-2
5,500000000E0	2,240629687E-1	4,251607330E-2
5,510000000E0	2,226554119E-1	4,293311915E-2
5,520000000E0	2,217117956E-1	4,326399853E-2
5,530000000E0	2,206887800E-1	4,354187478E-2
5,540000000E0	2,196770117E-1	4,364674295E-2
5,550000000E0	2,188353820E-1	4,362739620E-2
5,560000000E0	2,182822118E-1	4,414964928E-2
5,570000000E0	2,176407476E-1	4,379373714E-2
5,580000000E0	2,174585551E-1	4,402793646E-2
5,590000000E0	2,173145288E-1	4,409215335E-2
5,600000000E0	2,173597125E-1	4,391307191E-2
5,610000000E0	2,174552609E-1	4,379581778E-2
5,620000000E0	2,175536751E-1	4,369366401E-2
5,630000000E0	2,177782428E-1	4,358895033E-2
5,640000000E0	2,184807259E-1	4,361988991E-2
5,650000000E0	2,190221822E-1	4,336345778E-2
5,660000000E0	2,197735770E-1	4,339252394E-2
5,670000000E0	2,207938319E-1	4,332902514E-2
5,680000000E0	2,218023530E-1	4,297418363E-2
5,690000000E0	2,230100052E-1	4,253341520E-2
5,700000000E0	2,242414573E-1	4,226581478E-2
5,710000000E0	2,255191816E-1	4,160351534E-2
5,720000000E0	2,273230323E-1	4,144416358E-2
5,730000000E0	2,287783563E-1	4,061485282E-2
5,740000000E0	2,307383739E-1	4,033691719E-2
5,750000000E0	2,328720212E-1	4,021584045E-2
5,760000000E0	2,350820535E-1	3,981628511E-2
5,770000000E0	2,373325341E-1	3,937753812E-2
5,780000000E0	2,396241998E-1	3,903933482E-2
5,790000000E0	2,420641438E-1	3,829558866E-2
5,800000000E0	2,448679789E-1	3,743350187E-2
5,810000000E0	2,474185980E-1	3,677618461E-2
5,820000000E0	2,503749947E-1	3,585728904E-2
5,830000000E0	2,531787578E-1	3,479246828E-2
5,840000000E0	2,562461951E-1	3,421819844E-2
5,850000000E0	2,596088890E-1	3,340013470E-2
5,860000000E0	2,629448871E-1	3,250630206E-2
5,870000000E0	2,663493374E-1	3,157164727E-2
5,880000000E0	2,697051925E-1	3,061538437E-2
5,890000000E0	2,738093653E-1	3,012045583E-2
5,900000000E0	2,774112520E-1	2,910440648E-2
5,910000000E0	2,814882849E-1	2,834513507E-2
5,920000000E0	2,853493715E-1	2,730222864E-2
5,930000000E0	2,894549786E-1	2,667038390E-2
5,940000000E0	2,937124554E-1	2,587103326E-2
5,950000000E0	2,981151944E-1	2,491965606E-2
5,960000000E0	3,025474338E-1	2,401553495E-2
5,970000000E0	3,070758268E-1	2,331485680E-2
5,980000000E0	3,115982966E-1	2,242825441E-2
5,990000000E0	3,162713175E-1	2,153416234E-2
6,000000000E0	3,212534651E-1	2,072225378E-2
6,010000000E0	3,260490662E-1	1,983205836E-2
6,020000000E0	3,312576840E-1	1,913014026E-2
6,030000000E0	3,361342092E-1	1,817958754E-2
6,040000000E0	3,413067613E-1	1,746369580E-2
6,050000000E0	3,467433954E-1	1,678061687E-2
6,060000000E0	3,520809202E-1	1,605639103E-2
6,070000000E0	3,576130982E-1	1,546628869E-2
6,080000000E0	3,631415107E-1	1,486616992E-2
6,090000000E0	3,685940707E-1	1,421172715E-2
6,100000000E0	3,742916004E-1	1,353689271E-2
6,110000000E0	3,799366004E-1	1,293146103E-2
6,120000000E0	3,855538584E-1	1,234867573E-2
6,130000000E0	3,910718480E-1	1,174867285E-2
6,140000000E0	3,967997899E-1	1,125493093E-2
6,150000000E0	4,025010545E-1	1,072438890E-2
6,160000000E0	4,083568905E-1	1,039392882E-2
6,170000000E0	4,142181418E-1	9,912088556E-3
6,180000000E0	4,199868077E-1	9,573677062E-3
6,190000000E0	4,259612746E-1	1,041039292E-2
6,200000000E0	4,319424406E-1	1,000249384E-2
6,210000000E0	4,382037033E-1	9,174782281E-3
6,220000000E0	4,442068345E-1	8,759685105E-3
6,230000000E0	4,503579093E-1	8,299355837E-3
6,240000000E0	4,563527394E-1	8,059312918E-3
6,250000000E0	4,626900986E-1	8,057502138E-3
6,260000000E0	4,685763809E-1	7,990706292E-3
6,270000000E0	4,747963813E-1	7,927193503E-3
6,280000000E0	4,806825136E-1	7,929171928E-3
6,290000000E0	4,869186213E-1	7,813955779E-3
6,300000000E0	4,928194205E-1	7,904736971E-3
6,310000000E0	4,990536217E-1	7,915188894E-3
6,320000000E0	5,049469698E-1	7,902811226E-3
6,330000000E0	5,111326213E-1	7,946122452E-3
6,340000000E0	5,171127413E-1	8,069457980E-3
6,350000000E0	5,232113174E-1	8,063302479E-3
6,360000000E0	5,292186018E-1	8,162571359E-3
6,370000000E0	5,350836468E-1	8,162584868E-3
6,380000000E0	5,412427566E-1	8,233141736E-3
6,390000000E0	5,470535638E-1	8,248371079E-3
6,400000000E0	5,531450363E-1	8,284075057E-3
6,410000000E0	5,590769356E-1	8,319226687E-3
6,420000000E0	5,649207544E-1	8,341022571E-3
6,430000000E0	5,710681208E-1	8,379363368E-3
6,440000000E0	5,768094910E-1	8,471465552E-3
6,450000000E0	5,825517082E-1	8,434488843E-3
6,460000000E0	5,884868592E-1	8,440854604E-3
6,470000000E0	5,943966390E-1	8,521317468E-3
6,480000000E0	6,000510405E-1	8,627188938E-3
6,490000000E0	6,057190985E-1	8,483201784E-3
6,500000000E0	6,113722100E-1	8,913593443E-3
6,510000000E0	6,168429903E-1	9,771242278E-3
6,520000000E0	6,228034472E-1	9,799473349E-3
6,530000000E0	6,285760162E-1	9,432882519E-3
6,540000000E0	6,342701168E-1	9,386716708E-3
6,550000000E0	6,398200498E-1	9,489855073E-3
6,560000000E0	6,453651011E-1	9,657929892E-3
6,570000000E0	6,510459274E-1	1,013259316E-2
6,580000000E0	6,564890104E-1	1,052558012E-2
6,590000000E0	6,619162307E-1	1,122524064E-2
6,600000000E0	6,673318311E-1	1,161409949E-2
6,610000000E0	6,727596250E-1	1,220804481E-2
6,620000000E0	6,780667708E-1	1,284419342E-2
6,630000000E0	6,830818609E-1	1,353494450E-2
6,640000000E0	6,882564662E-1	1,403778022E-2
6,650000000E0	6,931649383E-1	1,481107808E-2
6,660000000E0	6,981845392E-1	1,565857120E-2
6,670000000E0	7,028942121E-1	1,621231536E-2
6,680000000E0	7,076363610E-1	1,702993269E-2
6,690000000E0	7,122940868E-1	1,793511369E-2
6,700000000E0	7,169744611E-1	1,856585624E-2
6,710000000E0	7,214617353E-1	1,927662589E-2
6,720000000E0	7,257891755E-1	2,018991524E-2
6,730000000E0	7,299862636E-1	2,088725728E-2
6,740000000E0	7,340201117E-1	2,155577017E-2
6,750000000E0	7,380648824E-1	2,249470687E-2
6,760000000E0	7,418261348E-1	2,328568644E-2
6,770000000E0	7,456900303E-1	2,416222362E-2
6,780000000E0	7,491730400E-1	2,478627936E-2
6,790000000E0	7,526392591E-1	2,565368146E-2
6,800000000E0	7,559577198E-1	2,619624472E-2
6,810000000E0	7,592135194E-1	2,702297395E-2
6,820000000E0	7,624038266E-1	2,782029029E-2
6,830000000E0	7,655923379E-1	2,842914080E-2
6,840000000E0	7,685544215E-1	2,907776944E-2
6,850000000E0	7,713000839E-1	2,976267232E-2
6,860000000E0	7,739795449E-1	3,024859225E-2
6,870000000E0	7,765394257E-1	3,085112084E-2
6,880000000E0	7,789398088E-1	3,145263499E-2
6,890000000E0	7,812067792E-1	3,194042201E-2
6,900000000E0	7,834014317E-1	3,249463059E-2
6,910000000E0	7,855313996E-1	3,282512589E-2
6,920000000E0	7,874707876E-1	3,332131262E-2
6,930000000E0	7,892043566E-1	3,376214378E-2
6,940000000E0	7,909580980E-1	3,419046215E-2
6,950000000E0	7,923302421E-1	3,464868491E-2
6,960000000E0	7,936073860E-1	3,496538158E-2
6,970000000E0	7,948155321E-1	3,541210269E-2
6,980000000E0	7,957218278E-1	3,594450405E-2
6,990000000E0	7,966778096E-1	3,616033942E-2
7,000000000E0	7,976552976E-1	3,667965811E-2
7,010000000E0	7,983135598E-1	3,694710529E-2
7,020000000E0	7,987963743E-1	3,712172443E-2
7,030000000E0	7,990641653E-1	3,716905273E-2
7,040000000E0	7,993123785E-1	3,717922945E-2
7,050000000E0	7,994958707E-1	3,733957957E-2
7,060000000E0	7,997224031E-1	3,721431892E-2
7,070000000E0	7,997165726E-1	3,715603009E-2
7,080000000E0	7,995560598E-1	3,709736829E-2
7,090000000E0	7,990285210E-1	3,701037504E-2
7,100000000E0	7,987502723E-1	3,696405382E-2
7,110000000E0	7,979942362E-1	3,681509632E-2
7,120000000E0	7,972898963E-1	3,670480846E-2
7,130000000E0	7,964744722E-1	3,635601736E-2
7,140000000E0	7,954801262E-1	3,596211786E-2
7,150000000E0	7,943172016E-1	3,571485316E-2
7,160000000E0	7,930034024E-1	3,532369555E-2
7,170000000E0	7,913687229E-1	3,474535894E-2
7,180000000E0	7,899233445E-1	3,455447352E-2
7,190000000E0	7,880197917E-1	3,386895221E-2
7,200000000E0	7,861434995E-1	3,346681373E-2
7,210000000E0	7,840306416E-1	3,298143355E-2
7,220000000E0	7,821139981E-1	3,244817306E-2
7,230000000E0	7,799008415E-1	3,174332830E-2
7,240000000E0	7,776222408E-1	3,120217076E-2
7,250000000E0	7,748951903E-1	3,047178885E-2
7,260000000E0	7,722781011E-1	3,002518897E-2
7,270000000E0	7,693889652E-1	2,925775182E-2
7,280000000E0	7,666733572E-1	2,870013232E-2
7,290000000E0	7,635259504E-1	2,790759575E-2
7,300000000E0	7,603732105E-1	2,707432966E-2
7,310000000E0	7,571065813E-1	2,632477864E-2
7,320000000E0	7,536990467E-1	2,569404370E-2
7,330000000E0	7,502816921E-1	2,484853793E-2
7,340000000E0	7,468541704E-1	2,403485055E-2
7,350000000E0	7,433607848E-1	2,340082927E-2
7,360000000E0	7,393636627E-1	2,255970082E-2
7,370000000E0	7,357270653E-1	2,172525522E-2
7,380000000E0	7,316540853E-1	2,086953488E-2
7,390000000E0	7,276477825E-1	2,018077427E-2
7,400000000E0	7,236760397E-1	1,934376968E-2
7,410000000E0	7,193653669E-1	1,851632167E-2
7,420000000E0	7,150370689E-1	1,787042535E-2
7,430000000E0	7,105836246E-1	1,709898946E-2
7,440000000E0	7,061401558E-1	1,620866120E-2
7,450000000E0	7,016606852E-1	1,569432246E-2
7,460000000E0	6,971227775E-1	1,490920035E-2
7,470000000E0	6,924884375E-1	1,414514386E-2
7,480000000E0	6,876263211E-1	1,357939712E-2
7,490000000E0	6,827710348E-1	1,278148840E-2
7,500000000E0	6,779523426E-1	1,236390261E-2
7,510000000E0	6,729551189E-1	1,166640453E-2
7,520000000E0	6,679890294E-1	1,133811747E-2
7,530000000E0	6,629342280E-1	1,083259118E-2
7,540000000E0	6,576174642E-1	1,042632866E-2
7,550000000E0	6,527006634E-1	1,015890239E-2
7,560000000E0	6,473471469E-1	9,794112898E-3
7,570000000E0	6,419779164E-1	9,278948700E-3
7,580000000E0	6,366674731E-1	9,161431677E-3
7,590000000E0	6,315090338E-1	9,136608996E-3
7,600000000E0	6,263882781E-1	9,499639021E-3
7,610000000E0	6,209416421E-1	1,003236154E-2
7,620000000E0	6,155524094E-1	9,614165014E-3
7,630000000E0	6,105413965E-1	9,163096841E-3
7,640000000E0	6,054499275E-1	9,129796498E-3
7,650000000E0	6,000805321E-1	9,024648773E-3
7,660000000E0	5,950764394E-1	9,106802699E-3
7,670000000E0	5,899359007E-1	9,129975180E-3
7,680000000E0	5,845456818E-1	9,083811892E-3
7,690000000E0	5,794236670E-1	8,951680271E-3
7,700000000E0	5,741493764E-1	9,142172043E-3
7,710000000E0	5,689032093E-1	9,023364829E-3
7,720000000E0	5,635438467E-1	8,996604553E-3
7,730000000E0	5,581386172E-1	8,970805251E-3
7,740000000E0	5,528038441E-1	8,943351499E-3
7,750000000E0	5,475398922E-1	9,149119939E-3
7,760000000E0	5,423433971E-1	9,178010718E-3
7,770000000E0	5,369509605E-1	9,101940483E-3
7,780000000E0	5,315590433E-1	9,152188276E-3
7,790000000E0	5,261765251E-1	9,073061848E-3
7,800000000E0	5,210490922E-1	9,187501813E-3
7,810000000E0	5,158728180E-1	9,234147846E-3
7,820000000E0	5,104875813E-1	9,253904012E-3
7,830000000E0	5,051539212E-1	9,226091018E-3
7,840000000E0	5,001781906E-1	9,267411561E-3
7,850000000E0	4,949416294E-1	9,321538820E-3
7,860000000E0	4,896877874E-1	9,281725245E-3
7,870000000E0	4,847044688E-1	9,353470933E-3
7,880000000E0	4,795029951E-1	9,352232279E-3
7,890000000E0	4,743052493E-1	9,384789483E-3
7,900000000E0	4,693024515E-1	9,495102731E-3
7,910000000E0	4,640615962E-1	9,462261224E-3
7,920000000E0	4,591289258E-1	9,563343850E-3
7,930000000E0	4,540063478E-1	9,553340528E-3
7,940000000E0	4,490105651E-1	9,615201492E-3
7,950000000E0	4,439617911E-1	9,738377161E-3
7,960000000E0	4,387526170E-1	9,873796721E-3
7,970000000E0	4,340212560E-1	1,019278371E-2
7,980000000E0	4,289368951E-1	1,066477535E-2
7,990000000E0	4,241280615E-1	1,072065942E-2
8,000000000E0	4,193226116E-1	1,081352297E-2
8,010000000E0	4,143923530E-1	1,097556775E-2
8,020000000E0	4,098406605E-1	1,130600124E-2
8,030000000E0	4,052856793E-1	1,156957672E-2
8,040000000E0	4,006038818E-1	1,185575705E-2
8,050000000E0	3,963524251E-1	1,230385900E-2
8,060000000E0	3,918622109E-1	1,268358481E-2
8,070000000E0	3,874841422E-1	1,295146253E-2
8,080000000E0	3,832644679E-1	1,344436162E-2
8,090000000E0	3,788921083E-1	1,373591849E-2
8,100000000E0	3,745466686E-1	1,400739741E-2
8,110000000E0	3,704135335E-1	1,439680912E-2
8,120000000E0	3,664035940E-1	1,496328642E-2
8,130000000E0	3,623838594E-1	1,555740605E-2
8,140000000E0	3,584709492E-1	1,601668291E-2
8,150000000E0	3,546819081E-1	1,632095385E-2
8,160000000E0	3,511864220E-1	1,695456981E-2
8,170000000E0	3,474905891E-1	1,733089875E-2
8,180000000E0	3,438956781E-1	1,775762489E-2
8,190000000E0	3,402339461E-1	1,823051626E-2
8,200000000E0	3,368643455E-1	1,894621855E-2
8,210000000E0	3,335141217E-1	1,934252807E-2
8,220000000E0	3,302524810E-1	1,999606168E-2
8,230000000E0	3,269694506E-1	2,039891408E-2
8,240000000E0	3,237613888E-1	2,083245011E-2
8,250000000E0	3,207546560E-1	2,125841771E-2
8,260000000E0	3,178584396E-1	2,180508486E-2
8,270000000E0	3,149222165E-1	2,234033005E-2
8,280000000E0	3,123588576E-1	2,274409161E-2
8,290000000E0	3,094712293E-1	2,306570373E-2
8,300000000E0	3,070813542E-1	2,360216962E-2
8,310000000E0	3,046841494E-1	2,413662477E-2
8,320000000E0	3,025363204E-1	2,457310520E-2
8,330000000E0	3,003336062E-1	2,481999103E-2
8,340000000E0	2,981759554E-1	2,507414873E-2
8,350000000E0	2,961015955E-1	2,550926448E-2
8,360000000E0	2,940747888E-1	2,582659835E-2
8,370000000E0	2,924282224E-1	2,621098108E-2
8,380000000E0	2,906840175E-1	2,627584616E-2
8,390000000E0	2,892897585E-1	2,676428919E-2
8,400000000E0	2,879233257E-1	2,703530508E-2
8,410000000E0	2,864820088E-1	2,702217594E-2
8,420000000E0	2,850949893E-1	2,718305895E-2
8,430000000E0	2,839471855E-1	2,731526681E-2
8,440000000E0	2,828905162E-1	2,731124591E-2
8,450000000E0	2,819672129E-1	2,732311294E-2
8,460000000E0	2,814650350E-1	2,791344248E-2
8,470000000E0	2,806295929E-1	2,782371193E-2
8,480000000E0	2,803156700E-1	2,820792255E-2
8,490000000E0	2,797224100E-1	2,797364962E-2
8,500000000E0	2,794104385E-1	2,813919047E-2
8,510000000E0	2,793456537E-1	2,821734045E-2
8,520000000E0	2,793069570E-1	2,825520497E-2
8,530000000E0	2,793723013E-1	2,818724612E-2
8,540000000E0	2,794452358E-1	2,808374095E-2
8,550000000E0	2,796248393E-1	2,797103039E-2
8,560000000E0	2,802897528E-1	2,816413424E-2
8,570000000E0	2,806512328E-1	2,789724969E-2
8,580000000E0	2,814955654E-1	2,799382280E-2
8,590000000E0	2,820375426E-1	2,765836948E-2
8,600000000E0	2,827531659E-1	2,755707311E-2
8,610000000E0	2,837949852E-1	2,733483569E-2
8,620000000E0	2,849094639E-1	2,702792825E-2
8,630000000E0	2,860962566E-1	2,686529078E-2
8,640000000E0	2,872663332E-1	2,644468180E-2
8,650000000E0	2,885894129E-1	2,594878765E-2
8,660000000E0	2,903347217E-1	2,596052500E-2
8,670000000E0	2,918020393E-1	2,555143534E-2
8,680000000E0	2,936266429E-1	2,530372406E-2
8,690000000E0	2,954516836E-1	2,493251991E-2
8,700000000E0	2,975995779E-1	2,433342662E-2
8,710000000E0	2,994173273E-1	2,398441484E-2
8,720000000E0	3,015874982E-1	2,363505129E-2
8,730000000E0	3,038776229E-1	2,335512314E-2
8,740000000E0	3,060930276E-1	2,280676797E-2
8,750000000E0	3,085453098E-1	2,235415545E-2
8,760000000E0	3,111603218E-1	2,205205362E-2
8,770000000E0	3,137399829E-1	2,142964931E-2
8,780000000E0	3,166968195E-1	2,120721079E-2
8,790000000E0	3,193026828E-1	2,048658690E-2
8,800000000E0	3,224250299E-1	2,018973945E-2
8,810000000E0	3,252789135E-1	1,943918102E-2
8,820000000E0	3,281873130E-1	1,912446916E-2
8,830000000E0	3,313565241E-1	1,850043678E-2
8,840000000E0	3,346721563E-1	1,811926778E-2
8,850000000E0	3,379780130E-1	1,776385942E-2
8,860000000E0	3,413160920E-1	1,716255983E-2
8,870000000E0	3,447121760E-1	1,678456929E-2
8,880000000E0	3,481306429E-1	1,608810468E-2
8,890000000E0	3,519953670E-1	1,587368398E-2
8,900000000E0	3,556102005E-1	1,520368854E-2
8,910000000E0	3,592161028E-1	1,469424353E-2
8,920000000E0	3,631726031E-1	1,443293899E-2
8,930000000E0	3,668091744E-1	1,378563013E-2
8,940000000E0	3,709192080E-1	1,363943340E-2
8,950000000E0	3,746123171E-1	1,290692771E-2
8,960000000E0	3,788379817E-1	1,262770705E-2
8,970000000E0	3,830031762E-1	1,243193572E-2
8,980000000E0	3,868887458E-1	1,172926458E-2
8,990000000E0	3,910796254E-1	1,148784484E-2
9,000000000E0	3,954179430E-1	1,120633325E-2
9,010000000E0	3,997703328E-1	1,081316831E-2
9,020000000E0	4,041718149E-1	1,047762915E-2
9,030000000E0	4,086201880E-1	1,022703666E-2
9,040000000E0	4,130320791E-1	9,944940203E-3
9,050000000E0	4,174783063E-1	9,768530416E-3
9,060000000E0	4,219668510E-1	1,012609671E-2
9,070000000E0	4,264113177E-1	1,048025369E-2
9,080000000E0	4,308368140E-1	1,034291216E-2
9,090000000E0	4,354712594E-1	9,586247756E-3
9,100000000E0	4,398951605E-1	9,034908463E-3
9,110000000E0	4,444198412E-1	8,966220437E-3
9,120000000E0	4,491094362E-1	8,953065395E-3
9,130000000E0	4,537922214E-1	8,586630605E-3
9,140000000E0	4,585084258E-1	8,229831376E-3
9,150000000E0	4,630390711E-1	8,147045468E-3
9,160000000E0	4,676787563E-1	8,088851343E-3
9,170000000E0	4,723001132E-1	8,095852923E-3
9,180000000E0	4,771011029E-1	8,070490982E-3
9,190000000E0	4,817045998E-1	7,979877418E-3
9,200000000E0	4,862272037E-1	7,891817008E-3
9,210000000E0	4,908723380E-1	7,787638348E-3
9,220000000E0	4,953055400E-1	7,685082334E-3
9,230000000E0	5,000205633E-1	7,917645556E-3
9,240000000E0	5,047345065E-1	7,905036343E-3
9,250000000E0	5,093214603E-1	7,995528301E-3
9,260000000E0	5,138263376E-1	8,063409974E-3
9,270000000E0	5,183809548E-1	8,043483748E-3
9,280000000E0	5,230478198E-1	8,041176594E-3
9,290000000E0	5,276173386E-1	8,192169839E-3
9,300000000E0	5,324228069E-1	8,199125072E-3
9,310000000E0	5,369436736E-1	8,228357929E-3
9,320000000E0	5,414295471E-1	8,270042312E-3
9,330000000E0	5,459240515E-1	8,252200192E-3
9,340000000E0	5,504022807E-1	8,267727165E-3
9,350000000E0	5,548544623E-1	8,270399210E-3
9,360000000E0	5,592728782E-1	8,282301040E-3
9,370000000E0	5,637005776E-1	8,270688756E-3
9,380000000E0	5,681090017E-1	8,304452025E-3
9,390000000E0	5,725229478E-1	8,330045211E-3
9,400000000E0	5,768879591E-1	8,367638252E-3
9,410000000E0	5,812933179E-1	8,331909281E-3
9,420000000E0	5,856530593E-1	8,375517476E-3
9,430000000E0	5,900315535E-1	8,450047561E-3
9,440000000E0	5,944134966E-1	8,392459335E-3
9,450000000E0	5,988231919E-1	8,511607746E-3
9,460000000E0	6,031717211E-1	8,543909192E-3
9,470000000E0	6,075144832E-1	8,743319574E-3
9,480000000E0	6,117838624E-1	9,039956038E-3
9,490000000E0	6,159772755E-1	9,607833497E-3
9,500000000E0	6,205008814E-1	9,994961676E-3
9,510000000E0	6,250092107E-1	9,751702201E-3
9,520000000E0	6,290350325E-1	9,581330430E-3
9,530000000E0	6,332569096E-1	9,421773454E-3
9,540000000E0	6,374573764E-1	9,576412627E-3
9,550000000E0	6,416754378E-1	9,618498299E-3
9,560000000E0	6,461022097E-1	9,679628694E-3
9,570000000E0	6,504220593E-1	1,009404988E-2
9,580000000E0	6,543582787E-1	1,040289600E-2
9,590000000E0	6,584295435E-1	1,067037812E-2
9,600000000E0	6,621269233E-1	1,098252608E-2
9,610000000E0	6,660851713E-1	1,134615024E-2
9,620000000E0	6,697235194E-1	1,167701050E-2
9,630000000E0	6,736116637E-1	1,211514236E-2
9,640000000E0	6,773160495E-1	1,248779354E-2
9,650000000E0	6,807581778E-1	1,280523310E-2
9,660000000E0	6,844253453E-1	1,330218750E-2
9,670000000E0	6,875892488E-1	1,376341348E-2
9,680000000E0	6,909526878E-1	1,417131800E-2
9,690000000E0	6,941323192E-1	1,465350819E-2
9,700000000E0	6,972351940E-1	1,509350936E-2
9,710000000E0	7,004420524E-1	1,574249020E-2
9,720000000E0	7,035127796E-1	1,608898528E-2
9,730000000E0	7,062582253E-1	1,661457990E-2
9,740000000E0	7,092454323E-1	1,717309434E-2
9,750000000E0	7,117844536E-1	1,744041990E-2
9,760000000E0	7,146616447E-1	1,805070062E-2
9,770000000E0	7,170840926E-1	1,832553755E-2
9,780000000E0	7,194527206E-1	1,875237508E-2
9,790000000E0	7,217868376E-1	1,916262277E-2
9,800000000E0	7,239106393E-1	1,940472402E-2
9,810000000E0	7,260342160E-1	1,982299720E-2
9,820000000E0	7,281591187E-1	2,022822195E-2
9,830000000E0	7,302766664E-1	2,048115068E-2
9,840000000E0	7,322423831E-1	2,105158662E-2
9,850000000E0	7,337489158E-1	2,139018674E-2
9,860000000E0	7,355492050E-1	2,168810734E-2
9,870000000E0	7,370220896E-1	2,183451931E-2
9,880000000E0	7,384402244E-1	2,216214181E-2
9,890000000E0	7,398329405E-1	2,258747109E-2
9,900000000E0	7,412327567E-1	2,273786908E-2
9,910000000E0	7,424153767E-1	2,289014761E-2
9,920000000E0	7,435202534E-1	2,311550776E-2
