mass_A
t	x	y
0.000000000E0	1.034981831E-3	1.365320683E-1
1.000000000E-2	2.025328915E-3	1.364026998E-1
2.000000000E-2	2.504632320E-3	1.355673362E-1
3.000000000E-2	3.905384764E-3	1.346306017E-1
4.000000000E-2	5.552026882E-3	1.334543572E-1
5.000000000E-2	7.509095393E-3	1.322414197E-1
6.000000000E-2	9.692354915E-3	1.310268346E-1
7.000000000E-2	1.207655436E-2	1.290909976E-1
8.000000000E-2	1.479156586E-2	1.277191573E-1
9.000000000E-2	1.759861362E-2	1.256200426E-1
1.000000000E-1	2.071433446E-2	1.235135627E-1
1.100000000E-1	2.416270232E-2	1.212611423E-1
1.200000000E-1	2.778264872E-2	1.189385657E-1
1.300000000E-1	3.197467139E-2	1.165490573E-1
1.400000000E-1	3.627066088E-2	1.137265600E-1
1.500000000E-1	4.157839920E-2	1.123137777E-1
1.600000000E-1	4.770944033E-2	1.114759774E-1
1.700000000E-1	5.298261112E-2	1.092124483E-1
1.800000000E-1	5.838198087E-2	1.056731999E-1
1.900000000E-1	6.340606128E-2	1.014197586E-1
2.000000000E-1	6.873458812E-2	9.689710295E-2
2.100000000E-1	7.513097748E-2	9.373047388E-2
2.200000000E-1	8.193277200E-2	9.042886177E-2
2.300000000E-1	8.901368261E-2	8.724172324E-2
2.400000000E-1	9.614927397E-2	8.373410745E-2
2.500000000E-1	1.035801524E-1	8.053230915E-2
2.600000000E-1	1.112562807E-1	7.719984138E-2
2.700000000E-1	1.191547023E-1	7.385164421E-2
2.800000000E-1	1.273094664E-1	7.076448532E-2
2.900000000E-1	1.356492010E-1	6.734705778E-2
3.000000000E-1	1.441300184E-1	6.466800202E-2
3.100000000E-1	1.527983603E-1	6.179219051E-2
3.200000000E-1	1.611885477E-1	5.838351681E-2
3.300000000E-1	1.697237447E-1	5.552873533E-2
3.400000000E-1	1.784832193E-1	5.268404829E-2
3.500000000E-1	1.874241673E-1	4.972677562E-2
3.600000000E-1	1.969410485E-1	4.722665473E-2
3.700000000E-1	2.061559885E-1	4.439672682E-2
3.800000000E-1	2.158368877E-1	4.189518765E-2
3.900000000E-1	2.253835009E-1	3.988551244E-2
4.000000000E-1	2.355563978E-1	3.927844426E-2
4.100000000E-1	2.456777653E-1	3.627645888E-2
4.200000000E-1	2.554805950E-1	3.318160045E-2
4.300000000E-1	2.657454933E-1	3.084323170E-2
4.400000000E-1	2.761956035E-1	2.880673459E-2
4.500000000E-1	2.863129057E-1	2.666923769E-2
4.600000000E-1	2.968708750E-1	2.470545912E-2
4.700000000E-1	3.075324597E-1	2.230735157E-2
4.800000000E-1	3.183197060E-1	2.071076011E-2
4.900000000E-1	3.291972083E-1	1.918565186E-2
5.000000000E-1	3.402194734E-1	1.750835069E-2
5.100000000E-1	3.513723542E-1	1.597247422E-2
5.200000000E-1	3.623071557E-1	1.440910923E-2
5.300000000E-1	3.733469996E-1	1.329169216E-2
5.400000000E-1	3.843937071E-1	1.244323995E-2
5.500000000E-1	3.953885377E-1	1.119568902E-2
5.600000000E-1	4.064806389E-1	1.007307129E-2
5.700000000E-1	4.175222161E-1	1.029205882E-2
5.800000000E-1	4.286330639E-1	1.020709154E-2
5.900000000E-1	4.398548549E-1	8.542071417E-3
6.000000000E-1	4.514007069E-1	8.660786445E-3
6.100000000E-1	4.629072991E-1	8.022328551E-3
6.200000000E-1	4.741691174E-1	7.515360555E-3
6.300000000E-1	4.853673456E-1	7.771936303E-3
6.400000000E-1	4.966657339E-1	7.624805937E-3
6.500000000E-1	5.076041330E-1	7.699134369E-3
6.600000000E-1	5.187677233E-1	7.641880796E-3
6.700000000E-1	5.298217809E-1	7.715700706E-3
6.800000000E-1	5.408714003E-1	7.658777997E-3
6.900000000E-1	5.520150559E-1	7.766887053E-3
7.000000000E-1	5.631160848E-1	7.789769456E-3
7.100000000E-1	5.739533106E-1	8.074037414E-3
7.200000000E-1	5.850040308E-1	8.066003828E-3
7.300000000E-1	5.959993322E-1	8.385644068E-3
7.400000000E-1	6.068441159E-1	9.288857882E-3
7.500000000E-1	6.176988011E-1	1.021563605E-2
7.600000000E-1	6.286677218E-1	9.919573997E-3
7.700000000E-1	6.393559908E-1	1.012259237E-2
7.800000000E-1	6.500687865E-1	1.106984415E-2
7.900000000E-1	6.607035595E-1	1.196311574E-2
8.000000000E-1	6.714636344E-1	1.310872524E-2
8.100000000E-1	6.820167765E-1	1.412531957E-2
8.200000000E-1	6.925932763E-1	1.621843932E-2
8.300000000E-1	7.027965045E-1	1.732265167E-2
8.400000000E-1	7.127455880E-1	1.884186923E-2
8.500000000E-1	7.226320094E-1	2.072862514E-2
8.600000000E-1	7.324660011E-1	2.243524711E-2
8.700000000E-1	7.419933404E-1	2.432488553E-2
8.800000000E-1	7.514814676E-1	2.603698944E-2
8.900000000E-1	7.608572805E-1	2.847198691E-2
9.000000000E-1	7.700849786E-1	3.054458369E-2
9.100000000E-1	7.789446248E-1	3.253037737E-2
9.200000000E-1	7.881478097E-1	3.507540842E-2
9.300000000E-1	7.964300740E-1	3.873397519E-2
9.400000000E-1	8.051005151E-1	4.061110034E-2
9.500000000E-1	8.133733547E-1	4.205958502E-2
9.600000000E-1	8.216990636E-1	4.407473050E-2
9.700000000E-1	8.296700211E-1	4.639473432E-2
9.800000000E-1	8.374567369E-1	4.858076783E-2
9.900000000E-1	8.448308959E-1	5.085124528E-2
1.000000000E0	8.517917927E-1	5.313851754E-2
1.010000000E0	8.588587041E-1	5.537046911E-2
1.020000000E0	8.658148357E-1	5.741433297E-2
1.030000000E0	8.725091562E-1	5.971036362E-2
1.040000000E0	8.791119486E-1	6.197149312E-2
1.050000000E0	8.856633851E-1	6.407014394E-2
1.060000000E0	8.921459820E-1	6.658861750E-2
1.070000000E0	8.979026329E-1	6.869924417E-2
1.080000000E0	9.036520137E-1	7.086858628E-2
1.090000000E0	9.093042816E-1	7.321076439E-2
1.100000000E0	9.143624883E-1	7.569958457E-2
1.110000000E0	9.194987727E-1	7.817604777E-2
1.120000000E0	9.243002653E-1	7.990171902E-2
1.130000000E0	9.288838874E-1	8.227970515E-2
1.140000000E0	9.330987513E-1	8.452937172E-2
1.150000000E0	9.373171099E-1	8.682336136E-2
1.160000000E0	9.407939848E-1	8.837047720E-2
1.170000000E0	9.445559978E-1	9.037253668E-2
1.180000000E0	9.479020434E-1	9.191902777E-2
1.190000000E0	9.506021080E-1	9.363599320E-2
1.200000000E0	9.536487496E-1	9.553912682E-2
1.210000000E0	9.559576961E-1	9.694021585E-2
1.220000000E0	9.582860632E-1	9.813604060E-2
1.230000000E0	9.604359085E-1	9.921296261E-2
1.240000000E0	9.625192072E-1	1.001435076E-1
1.250000000E0	9.639263185E-1	1.006327502E-1
1.260000000E0	9.652501384E-1	1.011763107E-1
1.270000000E0	9.662565329E-1	1.018196262E-1
1.280000000E0	9.670989576E-1	1.019640320E-1
1.290000000E0	9.678702149E-1	1.025384587E-1
1.300000000E0	9.682262081E-1	1.024758018E-1
1.310000000E0	9.683294246E-1	1.024199699E-1
1.320000000E0	9.682973845E-1	1.022984123E-1
1.330000000E0	9.680925281E-1	1.021484033E-1
1.340000000E0	9.672434843E-1	1.015944797E-1
1.350000000E0	9.666474928E-1	1.010771314E-1
1.360000000E0	9.652991297E-1	1.004383753E-1
1.370000000E0	9.639036272E-1	9.969482392E-2
1.380000000E0	9.625010339E-1	9.901619121E-2
1.390000000E0	9.607466288E-1	9.792544468E-2
1.400000000E0	9.588927224E-1	9.693200390E-2
1.410000000E0	9.565832756E-1	9.583144213E-2
1.420000000E0	9.541184800E-1	9.462097093E-2
1.430000000E0	9.516464426E-1	9.334116535E-2
1.440000000E0	9.488383427E-1	9.211189237E-2
1.450000000E0	9.457761264E-1	9.066317472E-2
1.460000000E0	9.427815330E-1	8.917626224E-2
1.470000000E0	9.394019402E-1	8.748119108E-2
1.480000000E0	9.357508761E-1	8.585585899E-2
1.490000000E0	9.318133202E-1	8.404253419E-2
1.500000000E0	9.276953546E-1	8.225909513E-2
1.510000000E0	9.234880025E-1	8.051351103E-2
1.520000000E0	9.190093562E-1	7.839087671E-2
1.530000000E0	9.144419498E-1	7.657748522E-2
1.540000000E0	9.097926873E-1	7.470356006E-2
1.550000000E0	9.046871640E-1	7.269862917E-2
1.560000000E0	8.996366625E-1	7.083639231E-2
1.570000000E0	8.943618280E-1	6.852585857E-2
1.580000000E0	8.888304797E-1	6.636567451E-2
1.590000000E0	8.829122104E-1	6.415785802E-2
1.600000000E0	8.768470008E-1	6.200354437E-2
1.610000000E0	8.706328390E-1	6.020532288E-2
1.620000000E0	8.642044189E-1	5.821359538E-2
1.630000000E0	8.576894822E-1	5.604079734E-2
1.640000000E0	8.511326142E-1	5.393382686E-2
1.650000000E0	8.444303377E-1	5.190206388E-2
1.660000000E0	8.375168953E-1	5.028512740E-2
1.670000000E0	8.305185583E-1	4.826675664E-2
1.680000000E0	8.232666206E-1	4.631434093E-2
1.690000000E0	8.161645141E-1	4.444923360E-2
1.700000000E0	8.088149928E-1	4.206118518E-2
1.710000000E0	8.014731622E-1	4.048464766E-2
1.720000000E0	7.938030117E-1	3.862159453E-2
1.730000000E0	7.864026687E-1	3.584622038E-2
1.740000000E0	7.785081485E-1	3.381028404E-2
1.750000000E0	7.703573178E-1	3.187830590E-2
1.760000000E0	7.622832168E-1	2.970630547E-2
1.770000000E0	7.539239078E-1	2.784546596E-2
1.780000000E0	7.454779007E-1	2.574065520E-2
1.790000000E0	7.369656404E-1	2.364781856E-2
1.800000000E0	7.283155305E-1	2.207221730E-2
1.810000000E0	7.195542760E-1	2.046962258E-2
1.820000000E0	7.107084955E-1	1.890731419E-2
1.830000000E0	7.019175910E-1	1.754150495E-2
1.840000000E0	6.930658819E-1	1.628729056E-2
1.850000000E0	6.840242178E-1	1.479523835E-2
1.860000000E0	6.749309146E-1	1.380092937E-2
1.870000000E0	6.657592999E-1	1.293072816E-2
1.880000000E0	6.563628145E-1	1.207198467E-2
1.890000000E0	6.468912591E-1	1.108170733E-2
1.900000000E0	6.373458258E-1	1.038177375E-2
1.910000000E0	6.282050645E-1	9.829753046E-3
1.920000000E0	6.187721231E-1	1.009693207E-2
1.930000000E0	6.094010546E-1	1.007797992E-2
1.940000000E0	6.002029062E-1	9.654937050E-3
1.950000000E0	5.912002023E-1	9.578605784E-3
1.960000000E0	5.818859041E-1	9.607537776E-3
1.970000000E0	5.726792357E-1	9.146957799E-3
1.980000000E0	5.636563946E-1	8.777029497E-3
1.990000000E0	5.541995436E-1	8.736078201E-3
2.000000000E0	5.449933564E-1	8.637919327E-3
2.010000000E0	5.356584987E-1	8.612138872E-3
2.020000000E0	5.264695226E-1	8.558757709E-3
2.030000000E0	5.172126925E-1	8.539272607E-3
2.040000000E0	5.080074368E-1	8.586134189E-3
2.050000000E0	4.989928019E-1	8.655090115E-3
2.060000000E0	4.899796002E-1	8.866159104E-3
2.070000000E0	4.808056397E-1	8.830570783E-3
2.080000000E0	4.717060467E-1	9.052887142E-3
2.090000000E0	4.626882822E-1	9.016752585E-3
2.100000000E0	4.537589534E-1	9.226290166E-3
2.110000000E0	4.448493794E-1	9.387176445E-3
2.120000000E0	4.358570536E-1	1.005105418E-2
2.130000000E0	4.272255220E-1	1.072884163E-2
2.140000000E0	4.183496309E-1	1.133777614E-2
2.150000000E0	4.095421744E-1	1.183231251E-2
2.160000000E0	4.009983950E-1	1.210609141E-2
2.170000000E0	3.922307596E-1	1.280624213E-2
2.180000000E0	3.834943720E-1	1.350980778E-2
2.190000000E0	3.753559920E-1	1.447306228E-2
2.200000000E0	3.669140772E-1	1.520936654E-2
2.210000000E0	3.589039726E-1	1.639579464E-2
2.220000000E0	3.506626063E-1	1.744883809E-2
2.230000000E0	3.426000401E-1	1.840488212E-2
2.240000000E0	3.346308616E-1	1.963656784E-2
2.250000000E0	3.266822376E-1	2.064643544E-2
2.260000000E0	3.191597896E-1	2.190022162E-2
2.270000000E0	3.112903649E-1	2.328378268E-2
2.280000000E0	3.039580509E-1	2.479187521E-2
2.290000000E0	2.964197403E-1	2.626197040E-2
2.300000000E0	2.889493860E-1	2.744019358E-2
2.310000000E0	2.818678894E-1	2.877961043E-2
2.320000000E0	2.749910434E-1	3.064930701E-2
2.330000000E0	2.681396657E-1	3.171729051E-2
2.340000000E0	2.611216304E-1	3.315224770E-2
2.350000000E0	2.546802907E-1	3.483997643E-2
2.360000000E0	2.480206481E-1	3.641454735E-2
2.370000000E0	2.419401508E-1	3.837498598E-2
2.380000000E0	2.359409031E-1	3.970512568E-2
2.390000000E0	2.298317436E-1	4.100622340E-2
2.400000000E0	2.240609199E-1	4.243903863E-2
2.410000000E0	2.183481132E-1	4.386136910E-2
2.420000000E0	2.126353237E-1	4.509264262E-2
2.430000000E0	2.073390578E-1	4.687448716E-2
2.440000000E0	2.020865468E-1	4.821625493E-2
2.450000000E0	1.968301724E-1	4.973024439E-2
2.460000000E0	1.918450732E-1	5.098968462E-2
2.470000000E0	1.870756310E-1	5.255697854E-2
2.480000000E0	1.825951974E-1	5.394538342E-2
2.490000000E0	1.782364249E-1	5.512670282E-2
2.500000000E0	1.740078749E-1	5.638763160E-2
2.510000000E0	1.702953256E-1	5.797050160E-2
2.520000000E0	1.663934594E-1	5.906558670E-2
2.530000000E0	1.627079851E-1	6.036513762E-2
2.540000000E0	1.593097853E-1	6.171088759E-2
2.550000000E0	1.560235128E-1	6.281773651E-2
2.560000000E0	1.529971117E-1	6.388921053E-2
2.570000000E0	1.502894895E-1	6.467113277E-2
2.580000000E0	1.474748611E-1	6.595947002E-2
2.590000000E0	1.451178967E-1	6.682406113E-2
2.600000000E0	1.428659028E-1	6.794002116E-2
2.610000000E0	1.407160598E-1	6.856162099E-2
2.620000000E0	1.387423308E-1	6.923997470E-2
2.630000000E0	1.368617223E-1	6.962635871E-2
2.640000000E0	1.352535771E-1	7.031496986E-2
2.650000000E0	1.341136322E-1	7.093148320E-2
2.660000000E0	1.329481404E-1	7.077623760E-2
2.670000000E0	1.318944996E-1	7.128872735E-2
2.680000000E0	1.313026183E-1	7.155080728E-2
2.690000000E0	1.306800278E-1	7.176337201E-2
2.700000000E0	1.300949350E-1	7.170102901E-2
2.710000000E0	1.299436330E-1	7.167982559E-2
2.720000000E0	1.300146037E-1	7.168540455E-2
2.730000000E0	1.301691258E-1	7.149806888E-2
2.740000000E0	1.303736590E-1	7.136592643E-2
2.750000000E0	1.310634282E-1	7.110934354E-2
2.760000000E0	1.319107681E-1	7.087918738E-2
2.770000000E0	1.329794831E-1	7.043013721E-2
2.780000000E0	1.342830825E-1	7.009660249E-2
2.790000000E0	1.353789712E-1	6.948541360E-2
2.800000000E0	1.371843177E-1	6.900691059E-2
2.810000000E0	1.388979127E-1	6.816737887E-2
2.820000000E0	1.408260722E-1	6.745661027E-2
2.830000000E0	1.429494519E-1	6.640272623E-2
2.840000000E0	1.453864420E-1	6.555734749E-2
2.850000000E0	1.478912328E-1	6.481429117E-2
2.860000000E0	1.505123562E-1	6.373766323E-2
2.870000000E0	1.535574150E-1	6.260323481E-2
2.880000000E0	1.565436299E-1	6.165653094E-2
2.890000000E0	1.597245356E-1	6.040756975E-2
2.900000000E0	1.631981978E-1	5.927379365E-2
2.910000000E0	1.668411037E-1	5.796540786E-2
2.920000000E0	1.705746115E-1	5.688520756E-2
2.930000000E0	1.746821019E-1	5.567986319E-2
2.940000000E0	1.789506473E-1	5.424490631E-2
2.950000000E0	1.832186319E-1	5.280806835E-2
2.960000000E0	1.876145723E-1	5.150817181E-2
2.970000000E0	1.923927455E-1	5.037137205E-2
2.980000000E0	1.971986646E-1	4.884919447E-2
2.990000000E0	2.021776065E-1	4.715090539E-2
3.000000000E0	2.073651042E-1	4.566575174E-2
3.010000000E0	2.125368839E-1	4.425941551E-2
3.020000000E0	2.179343380E-1	4.287240776E-2
3.030000000E0	2.234551803E-1	4.162807276E-2
3.040000000E0	2.291697664E-1	4.022892929E-2
3.050000000E0	2.349339727E-1	3.973351738E-2
3.060000000E0	2.407359423E-1	3.832391812E-2
3.070000000E0	2.467661086E-1	3.656623305E-2
3.080000000E0	2.529951962E-1	3.508600111E-2
3.090000000E0	2.593435372E-1	3.306079594E-2
3.100000000E0	2.654638147E-1	3.176253472E-2
3.110000000E0	2.719932532E-1	3.040695298E-2
3.120000000E0	2.786896406E-1	2.884285990E-2
3.130000000E0	2.854620047E-1	2.764409709E-2
3.140000000E0	2.920829353E-1	2.618732989E-2
3.150000000E0	2.990315592E-1	2.520319253E-2
3.160000000E0	3.061624759E-1	2.392076457E-2
3.170000000E0	3.135205248E-1	2.276914295E-2
3.180000000E0	3.206677770E-1	2.157582655E-2
3.190000000E0	3.281637699E-1	2.058242147E-2
3.200000000E0	3.353437836E-1	1.958817899E-2
3.210000000E0	3.426830519E-1	1.853832965E-2
3.220000000E0	3.503169506E-1	1.762136674E-2
3.230000000E0	3.579510655E-1	1.667671521E-2
3.240000000E0	3.654998424E-1	1.567417852E-2
3.250000000E0	3.732685395E-1	1.487101999E-2
3.260000000E0	3.810467071E-1	1.418421474E-2
3.270000000E0	3.887548092E-1	1.330202498E-2
3.280000000E0	3.965225059E-1	1.271680358E-2
3.290000000E0	4.046710440E-1	1.213450365E-2
3.300000000E0	4.123910682E-1	1.168121769E-2
3.310000000E0	4.205392074E-1	1.139523782E-2
3.320000000E0	4.283811114E-1	1.073970089E-2
3.330000000E0	4.364296195E-1	1.008324714E-2
3.340000000E0	4.448425732E-1	9.894920455E-3
3.350000000E0	4.526743366E-1	9.748371990E-3
3.360000000E0	4.607332958E-1	9.628474153E-3
3.370000000E0	4.688805512E-1	9.542695705E-3
3.380000000E0	4.768550920E-1	9.350768362E-3
3.390000000E0	4.846668664E-1	9.260824725E-3
3.400000000E0	4.925390401E-1	9.038154022E-3
3.410000000E0	5.005777646E-1	8.799502155E-3
3.420000000E0	5.085456831E-1	8.621453324E-3
3.430000000E0	5.166211863E-1	8.633511008E-3
3.440000000E0	5.246739603E-1	8.662163013E-3
3.450000000E0	5.328238462E-1	8.670545057E-3
3.460000000E0	5.408754034E-1	8.862374182E-3
3.470000000E0	5.488254919E-1	8.872039399E-3
3.480000000E0	5.565640540E-1	8.823353332E-3
3.490000000E0	5.644276846E-1	9.253990643E-3
3.500000000E0	5.722394977E-1	9.229125331E-3
3.510000000E0	5.801039382E-1	8.950379066E-3
3.520000000E0	5.875429200E-1	9.498056156E-3
3.530000000E0	5.951148001E-1	9.826082535E-3
3.540000000E0	6.028751530E-1	9.862463784E-3
3.550000000E0	6.103356761E-1	1.056694462E-2
3.560000000E0	6.181274198E-1	1.046354675E-2
3.570000000E0	6.259807835E-1	1.059064236E-2
3.580000000E0	6.336501622E-1	1.085546280E-2
3.590000000E0	6.414569632E-1	1.126559026E-2
3.600000000E0	6.490231797E-1	1.188562904E-2
3.610000000E0	6.566987221E-1	1.216257810E-2
3.620000000E0	6.640634072E-1	1.278861340E-2
3.630000000E0	6.712706375E-1	1.399347191E-2
3.640000000E0	6.786319379E-1	1.506503189E-2
3.650000000E0	6.860956161E-1	1.566916420E-2
3.660000000E0	6.930842958E-1	1.663724572E-2
3.670000000E0	6.998439297E-1	1.791933037E-2
3.680000000E0	7.065196219E-1	1.887221442E-2
3.690000000E0	7.129964259E-1	1.993357637E-2
3.700000000E0	7.193803445E-1	2.080263568E-2
3.710000000E0	7.258569153E-1	2.164617687E-2
3.720000000E0	7.322171520E-1	2.284723913E-2
3.730000000E0	7.382479064E-1	2.484713328E-2
3.740000000E0	7.445668063E-1	2.584852045E-2
3.750000000E0	7.507698931E-1	2.715970618E-2
3.760000000E0	7.568304546E-1	2.858640365E-2
3.770000000E0	7.625702265E-1	3.002089322E-2
3.780000000E0	7.679193844E-1	3.136644776E-2
3.790000000E0	7.734534469E-1	3.292970444E-2
3.800000000E0	7.790024655E-1	3.407479922E-2
3.810000000E0	7.842793356E-1	3.525698201E-2
3.820000000E0	7.889707044E-1	3.711897951E-2
3.830000000E0	7.938459491E-1	3.853342256E-2
3.840000000E0	7.988113479E-1	3.990675504E-2
3.850000000E0	8.033255415E-1	4.110757981E-2
3.860000000E0	8.077339039E-1	4.217808495E-2
3.870000000E0	8.120041862E-1	4.302521791E-2
3.880000000E0	8.160030875E-1	4.413162904E-2
3.890000000E0	8.200610256E-1	4.550393740E-2
3.900000000E0	8.240580427E-1	4.630021823E-2
3.910000000E0	8.276081571E-1	4.746119092E-2
3.920000000E0	8.312498066E-1	4.799021365E-2
3.930000000E0	8.350406525E-1	4.919826910E-2
3.940000000E0	8.381094026E-1	5.009128777E-2
3.950000000E0	8.411612868E-1	5.125061415E-2
3.960000000E0	8.441789924E-1	5.266752089E-2
3.970000000E0	8.473290604E-1	5.331051778E-2
3.980000000E0	8.496693535E-1	5.412763612E-2
3.990000000E0	8.520096232E-1	5.497629852E-2
4.000000000E0	8.541641430E-1	5.589600506E-2
4.010000000E0	8.563882911E-1	5.655318585E-2
4.020000000E0	8.583140252E-1	5.704852758E-2
4.030000000E0	8.604124672E-1	5.739754753E-2
4.040000000E0	8.618369319E-1	5.822194219E-2
4.050000000E0	8.635024223E-1	5.839430460E-2
4.060000000E0	8.647536455E-1	5.906198975E-2
4.070000000E0	8.660336468E-1	5.940690813E-2
4.080000000E0	8.671860726E-1	5.963743251E-2
4.090000000E0	8.681196073E-1	5.988578585E-2
4.100000000E0	8.683443625E-1	6.039750281E-2
4.110000000E0	8.691064941E-1	6.044985170E-2
4.120000000E0	8.694367232E-1	6.058971946E-2
4.130000000E0	8.695474455E-1	6.069691677E-2
4.140000000E0	8.694846953E-1	6.064348326E-2
4.150000000E0	8.693194417E-1	6.056431629E-2
4.160000000E0	8.692602881E-1	6.050618352E-2
4.170000000E0	8.685810879E-1	6.064461408E-2
4.180000000E0	8.680358275E-1	6.022252760E-2
4.190000000E0	8.670812088E-1	6.029921885E-2
4.200000000E0	8.660330182E-1	6.014280349E-2
4.210000000E0	8.650407525E-1	5.961018537E-2
4.220000000E0	8.637320077E-1	5.927413253E-2
4.230000000E0	8.625900565E-1	5.879902334E-2
4.240000000E0	8.607235821E-1	5.837429966E-2
4.250000000E0	8.593058230E-1	5.762654532E-2
4.260000000E0	8.571902287E-1	5.700913717E-2
4.270000000E0	8.551153082E-1	5.626657982E-2
4.280000000E0	8.528661648E-1	5.577274020E-2
4.290000000E0	8.505741251E-1	5.484701017E-2
4.300000000E0	8.483550219E-1	5.400614223E-2
4.310000000E0	8.458967875E-1	5.291708780E-2
4.320000000E0	8.429522032E-1	5.242330641E-2
4.330000000E0	8.398177155E-1	5.168309985E-2
4.340000000E0	8.371116799E-1	5.034624818E-2
4.350000000E0	8.340096240E-1	4.949340484E-2
4.360000000E0	8.306331237E-1	4.835087271E-2
4.370000000E0	8.270198258E-1	4.722296621E-2
4.380000000E0	8.234209426E-1	4.638792678E-2
4.390000000E0	8.195894781E-1	4.508052076E-2
4.400000000E0	8.159572025E-1	4.388391166E-2
4.410000000E0	8.120037234E-1	4.282773410E-2
4.420000000E0	8.077531272E-1	4.178793560E-2
4.430000000E0	8.033360153E-1	4.077474634E-2
4.440000000E0	7.989274927E-1	3.979834741E-2
4.450000000E0	7.942902867E-1	3.854204985E-2
4.460000000E0	7.895790309E-1	3.692205452E-2
4.470000000E0	7.851261758E-1	3.536506902E-2
4.480000000E0	7.802640632E-1	3.402908551E-2
4.490000000E0	7.749276805E-1	3.295252357E-2
4.500000000E0	7.697557673E-1	3.155844635E-2
4.510000000E0	7.642466166E-1	3.034322665E-2
4.520000000E0	7.589811050E-1	2.906510114E-2
4.530000000E0	7.533099481E-1	2.748185512E-2
4.540000000E0	7.476895047E-1	2.627907766E-2
4.550000000E0	7.417396318E-1	2.533343068E-2
4.560000000E0	7.357781469E-1	2.407471831E-2
4.570000000E0	7.295095130E-1	2.297067436E-2
4.580000000E0	7.234847732E-1	2.186770600E-2
4.590000000E0	7.171671260E-1	2.087806918E-2
4.600000000E0	7.108192490E-1	1.973747234E-2
4.610000000E0	7.044412828E-1	1.873026355E-2
4.620000000E0	6.977596953E-1	1.786520058E-2
4.630000000E0	6.911350576E-1	1.681875218E-2
4.640000000E0	6.844551165E-1	1.575727730E-2
4.650000000E0	6.775509295E-1	1.499246375E-2
4.660000000E0	6.708732909E-1	1.400480201E-2
4.670000000E0	6.641583585E-1	1.307128944E-2
4.680000000E0	6.573915312E-1	1.235745021E-2
4.690000000E0	6.503327663E-1	1.187467702E-2
4.700000000E0	6.433599053E-1	1.124350910E-2
4.710000000E0	6.361197257E-1	1.079677335E-2
4.720000000E0	6.290922770E-1	1.050064123E-2
4.730000000E0	6.221125928E-1	1.057462755E-2
4.740000000E0	6.149556657E-1	1.087375586E-2
4.750000000E0	6.080942035E-1	1.070549294E-2
4.760000000E0	6.006821772E-1	1.067671298E-2
4.770000000E0	5.937768990E-1	1.042775685E-2
4.780000000E0	5.871587655E-1	9.986043687E-3
4.790000000E0	5.803430587E-1	9.588680772E-3
4.800000000E0	5.732814777E-1	9.706396007E-3
4.810000000E0	5.661800399E-1	9.553215291E-3
4.820000000E0	5.589480221E-1	9.772097653E-3
4.830000000E0	5.519608326E-1	9.448108411E-3
4.840000000E0	5.452101569E-1	9.180369558E-3
4.850000000E0	5.380347547E-1	9.073054582E-3
4.860000000E0	5.310574310E-1	8.757706283E-3
4.870000000E0	5.240715454E-1	8.514294917E-3
4.880000000E0	5.170501534E-1	8.693762461E-3
4.890000000E0	5.101493963E-1	8.699741202E-3
4.900000000E0	5.033207797E-1	8.681158955E-3
4.910000000E0	4.966060735E-1	8.655778558E-3
4.920000000E0	4.897586691E-1	8.711195629E-3
4.930000000E0	4.831595751E-1	8.695421232E-3
4.940000000E0	4.765133953E-1	8.924210321E-3
4.950000000E0	4.698951843E-1	8.898893704E-3
4.960000000E0	4.631217292E-1	8.930995658E-3
4.970000000E0	4.561789428E-1	8.988582536E-3
4.980000000E0	4.493932225E-1	9.211196866E-3
4.990000000E0	4.427386487E-1	9.201236155E-3
5.000000000E0	4.360522050E-1	9.580994306E-3
5.010000000E0	4.295798911E-1	1.023249816E-2
5.020000000E0	4.226438863E-1	1.057401986E-2
5.030000000E0	4.163286081E-1	1.097778295E-2
5.040000000E0	4.096994470E-1	1.093361300E-2
5.050000000E0	4.033096282E-1	1.130631675E-2
5.060000000E0	3.968144956E-1	1.197659057E-2
5.070000000E0	3.902170142E-1	1.288465009E-2
5.080000000E0	3.841202979E-1	1.306812372E-2
5.090000000E0	3.780558740E-1	1.380097110E-2
5.100000000E0	3.719031761E-1	1.462630896E-2
5.110000000E0	3.658739495E-1	1.513778707E-2
5.120000000E0	3.599065144E-1	1.590805189E-2
5.130000000E0	3.542898744E-1	1.647614207E-2
5.140000000E0	3.483661327E-1	1.742811658E-2
5.150000000E0	3.425307962E-1	1.810529751E-2
5.160000000E0	3.371860140E-1	1.874024850E-2
5.170000000E0	3.316454422E-1	1.966401504E-2
5.180000000E0	3.262035346E-1	2.063078788E-2
5.190000000E0	3.209622349E-1	2.130207284E-2
5.200000000E0	3.157549576E-1	2.197555535E-2
5.210000000E0	3.107459424E-1	2.296191595E-2
5.220000000E0	3.056374948E-1	2.405343450E-2
5.230000000E0	3.006720212E-1	2.503289036E-2
5.240000000E0	2.961173161E-1	2.569539769E-2
5.250000000E0	2.914610130E-1	2.649791923E-2
5.260000000E0	2.871161974E-1	2.741460857E-2
5.270000000E0	2.828914871E-1	2.831253202E-2
5.280000000E0	2.786516815E-1	2.941398024E-2
5.290000000E0	2.744129705E-1	3.047662277E-2
5.300000000E0	2.703159625E-1	3.161330706E-2
5.310000000E0	2.663130004E-1	3.246711968E-2
5.320000000E0	2.627757392E-1	3.337282649E-2
5.330000000E0	2.591237540E-1	3.393118487E-2
5.340000000E0	2.555633682E-1	3.478233019E-2
5.350000000E0	2.522538700E-1	3.595349022E-2
5.360000000E0	2.490339979E-1	3.654812330E-2
5.370000000E0	2.459552377E-1	3.746651499E-2
5.380000000E0	2.429448500E-1	3.823210014E-2
5.390000000E0	2.403397887E-1	3.932899933E-2
5.400000000E0	2.375315776E-1	3.980940884E-2
5.410000000E0	2.350635753E-1	4.037261350E-2
5.420000000E0	2.324326777E-1	4.087629413E-2
5.430000000E0	2.300160566E-1	4.144637916E-2
5.440000000E0	2.280334373E-1	4.200326841E-2
5.450000000E0	2.258513908E-1	4.251250641E-2
5.460000000E0	2.238362726E-1	4.299590915E-2
5.470000000E0	2.221804516E-1	4.357576514E-2
5.480000000E0	2.203001339E-1	4.395163271E-2
5.490000000E0	2.186585293E-1	4.437818195E-2
5.500000000E0	2.172880114E-1	4.448241071E-2
5.510000000E0	2.160703865E-1	4.473986855E-2
5.520000000E0	2.148536911E-1	4.498931865E-2
5.530000000E0	2.138279128E-1	4.513592781E-2
5.540000000E0	2.128679423E-1	4.525415370E-2
5.550000000E0	2.121395142E-1	4.536538367E-2
5.560000000E0	2.116819158E-1	4.527614752E-2
5.570000000E0	2.112886982E-1	4.530922412E-2
5.580000000E0	2.107770227E-1	4.517618623E-2
5.590000000E0	2.105558785E-1	4.544598033E-2
5.600000000E0	2.105961123E-1	4.508315338E-2
5.610000000E0	2.105277618E-1	4.490611945E-2
5.620000000E0	2.106954815E-1	4.501105953E-2
5.630000000E0	2.109433052E-1	4.485043635E-2
5.640000000E0	2.116368756E-1	4.483290558E-2
5.650000000E0	2.124159040E-1	4.437893288E-2
5.660000000E0	2.131448637E-1	4.398530575E-2
5.670000000E0	2.143686715E-1	4.382551778E-2
5.680000000E0	2.152327293E-1	4.354822124E-2
5.690000000E0	2.166422162E-1	4.317224736E-2
5.700000000E0	2.180598795E-1	4.278670304E-2
5.710000000E0	2.194874356E-1	4.245226798E-2
5.720000000E0	2.211876084E-1	4.211754324E-2
5.730000000E0	2.229857030E-1	4.164711681E-2
5.740000000E0	2.248533242E-1	4.110223530E-2
5.750000000E0	2.269139321E-1	4.047399184E-2
5.760000000E0	2.292285704E-1	4.005419045E-2
5.770000000E0	2.314937881E-1	3.974795721E-2
5.780000000E0	2.337715133E-1	3.967904455E-2
5.790000000E0	2.369357846E-1	3.893462370E-2
5.800000000E0	2.391381093E-1	3.862449203E-2
5.810000000E0	2.423223454E-1	3.763569022E-2
5.820000000E0	2.455792331E-1	3.672311743E-2
5.830000000E0	2.482341992E-1	3.595956346E-2
5.840000000E0	2.515933982E-1	3.500788129E-2
5.850000000E0	2.547252124E-1	3.406114977E-2
5.860000000E0	2.580692703E-1	3.316514774E-2
5.870000000E0	2.615184776E-1	3.270692239E-2
5.880000000E0	2.652400992E-1	3.179029807E-2
5.890000000E0	2.690781919E-1	3.081217011E-2
5.900000000E0	2.731109504E-1	2.991239465E-2
5.910000000E0	2.768483464E-1	2.927142406E-2
5.920000000E0	2.810185197E-1	2.840531752E-2
5.930000000E0	2.853847366E-1	2.745199266E-2
5.940000000E0	2.896526733E-1	2.640831483E-2
5.950000000E0	2.940762664E-1	2.577682013E-2
5.960000000E0	2.986481048E-1	2.485282936E-2
5.970000000E0	3.032131690E-1	2.403294137E-2
5.980000000E0	3.077901772E-1	2.317294854E-2
5.990000000E0	3.127778873E-1	2.209922468E-2
6.000000000E0	3.175876934E-1	2.147258803E-2
6.010000000E0	3.227155815E-1	2.067217271E-2
6.020000000E0	3.278144171E-1	1.975696884E-2
6.030000000E0	3.332125573E-1	1.899916744E-2
6.040000000E0	3.384244921E-1	1.832959470E-2
6.050000000E0	3.437721929E-1	1.759655119E-2
6.060000000E0	3.490858729E-1	1.705018470E-2
6.070000000E0	3.545882169E-1	1.626978902E-2
6.080000000E0	3.601651669E-1	1.561075168E-2
6.090000000E0	3.656416617E-1	1.503916598E-2
6.100000000E0	3.712815538E-1	1.430011123E-2
6.110000000E0	3.769018459E-1	1.394470947E-2
6.120000000E0	3.825849534E-1	1.343016363E-2
6.130000000E0	3.882824234E-1	1.303935995E-2
6.140000000E0	3.940953195E-1	1.221660914E-2
6.150000000E0	3.998848170E-1	1.164975172E-2
6.160000000E0	4.056785106E-1	1.125068308E-2
6.170000000E0	4.118071306E-1	1.077244889E-2
6.180000000E0	4.177026098E-1	1.094716216E-2
6.190000000E0	4.235142510E-1	1.065769711E-2
6.200000000E0	4.297053589E-1	1.025001967E-2
6.210000000E0	4.356024340E-1	9.685324641E-3
6.220000000E0	4.418024566E-1	9.475875432E-3
6.230000000E0	4.476429255E-1	9.522048385E-3
6.240000000E0	4.538356642E-1	9.424535881E-3
6.250000000E0	4.601933712E-1	9.095958001E-3
6.260000000E0	4.661556523E-1	8.908309769E-3
6.270000000E0	4.723657449E-1	8.613874484E-3
6.280000000E0	4.783462292E-1	8.693014650E-3
6.290000000E0	4.844434005E-1	8.609819805E-3
6.300000000E0	4.903990951E-1	8.664315666E-3
6.310000000E0	4.965698453E-1	8.508515506E-3
6.320000000E0	5.027691275E-1	8.809954477E-3
6.330000000E0	5.088440516E-1	8.493445730E-3
6.340000000E0	5.148322488E-1	8.642669720E-3
6.350000000E0	5.209804996E-1	8.429965863E-3
6.360000000E0	5.269364697E-1	8.617076268E-3
6.370000000E0	5.331061516E-1	8.667940348E-3
6.380000000E0	5.390501495E-1	8.822395934E-3
6.390000000E0	5.450639308E-1	8.514099830E-3
6.400000000E0	5.510790087E-1	8.774667319E-3
6.410000000E0	5.570370086E-1	8.642269004E-3
6.420000000E0	5.630590528E-1	8.750433953E-3
6.430000000E0	5.691720891E-1	8.692493945E-3
6.440000000E0	5.751031671E-1	8.734498617E-3
6.450000000E0	5.807559117E-1	8.824676867E-3
6.460000000E0	5.866621375E-1	8.821731205E-3
6.470000000E0	5.927030005E-1	8.911346382E-3
6.480000000E0	5.983275430E-1	9.034731355E-3
6.490000000E0	6.038265132E-1	9.482336811E-3
6.500000000E0	6.095058538E-1	1.004865821E-2
6.510000000E0	6.153315312E-1	1.015526221E-2
6.520000000E0	6.211169786E-1	1.017707188E-2
6.530000000E0	6.270400074E-1	1.003015247E-2
6.540000000E0	6.326416452E-1	1.005840377E-2
6.550000000E0	6.383676573E-1	1.037893320E-2
6.560000000E0	6.437868295E-1	1.071709852E-2
6.570000000E0	6.495055512E-1	1.081742785E-2
6.580000000E0	6.552804886E-1	1.122832716E-2
6.590000000E0	6.606375312E-1	1.180910479E-2
6.600000000E0	6.662304451E-1	1.235926137E-2
6.610000000E0	6.714506969E-1	1.291766011E-2
6.620000000E0	6.766434610E-1	1.363222049E-2
6.630000000E0	6.819206165E-1	1.419446335E-2
6.640000000E0	6.869688373E-1	1.506831295E-2
6.650000000E0	6.919884766E-1	1.566357762E-2
6.660000000E0	6.967204378E-1	1.641089430E-2
6.670000000E0	7.016996917E-1	1.693120089E-2
6.680000000E0	7.063024596E-1	1.770523900E-2
6.690000000E0	7.107889964E-1	1.849133404E-2
6.700000000E0	7.150616271E-1	1.908549143E-2
6.710000000E0	7.193966363E-1	1.979844557E-2
6.720000000E0	7.236300690E-1	2.062016608E-2
6.730000000E0	7.279157263E-1	2.134153457E-2
6.740000000E0	7.319129054E-1	2.233835476E-2
6.750000000E0	7.358283215E-1	2.289814316E-2
6.760000000E0	7.395040422E-1	2.403416045E-2
6.770000000E0	7.434064676E-1	2.466184924E-2
6.780000000E0	7.469839244E-1	2.534307426E-2
6.790000000E0	7.504127334E-1	2.620427417E-2
6.800000000E0	7.538549118E-1	2.705335058E-2
6.810000000E0	7.570161565E-1	2.770450645E-2
6.820000000E0	7.602545023E-1	2.826199024E-2
6.830000000E0	7.634161109E-1	2.893469770E-2
6.840000000E0	7.660745686E-1	2.981813635E-2
6.850000000E0	7.689794362E-1	3.002619580E-2
6.860000000E0	7.714183873E-1	3.087664009E-2
6.870000000E0	7.737017281E-1	3.175814724E-2
6.880000000E0	7.764021241E-1	3.191333982E-2
6.890000000E0	7.784815368E-1	3.252213209E-2
6.900000000E0	7.809351322E-1	3.315204960E-2
6.910000000E0	7.829648471E-1	3.384452791E-2
6.920000000E0	7.846964426E-1	3.429214750E-2
6.930000000E0	7.862770165E-1	3.490743437E-2
6.940000000E0	7.878037295E-1	3.541355738E-2
6.950000000E0	7.892304594E-1	3.611037641E-2
6.960000000E0	7.902538185E-1	3.656369940E-2
6.970000000E0	7.913280043E-1	3.701874026E-2
6.980000000E0	7.923576105E-1	3.753076814E-2
6.990000000E0	7.931919372E-1	3.767504294E-2
7.000000000E0	7.936156865E-1	3.787799834E-2
7.010000000E0	7.944165630E-1	3.800600492E-2
7.020000000E0	7.946982897E-1	3.837614837E-2
7.030000000E0	7.951160225E-1	3.853311623E-2
7.040000000E0	7.954649484E-1	3.859217519E-2
7.050000000E0	7.955290141E-1	3.858848064E-2
7.060000000E0	7.954502993E-1	3.855646900E-2
7.070000000E0	7.953230058E-1	3.853069899E-2
7.080000000E0	7.951194682E-1	3.853686900E-2
7.090000000E0	7.946264116E-1	3.844271365E-2
7.100000000E0	7.939710907E-1	3.837223879E-2
7.110000000E0	7.933191117E-1	3.821015462E-2
7.120000000E0	7.924333539E-1	3.790437026E-2
7.130000000E0	7.912636488E-1	3.749329447E-2
7.140000000E0	7.901356999E-1	3.711989441E-2
7.150000000E0	7.889418246E-1	3.674505511E-2
7.160000000E0	7.874284002E-1	3.619082361E-2
7.170000000E0	7.857123314E-1	3.609159132E-2
7.180000000E0	7.842476843E-1	3.531011256E-2
7.190000000E0	7.822858603E-1	3.499568787E-2
7.200000000E0	7.803371222E-1	3.439070181E-2
7.210000000E0	7.780431099E-1	3.392258600E-2
7.220000000E0	7.758349474E-1	3.317782792E-2
7.230000000E0	7.734475857E-1	3.271476865E-2
7.240000000E0	7.711658476E-1	3.200157478E-2
7.250000000E0	7.682646484E-1	3.162520225E-2
7.260000000E0	7.656747327E-1	3.073415557E-2
7.270000000E0	7.625658906E-1	3.031684113E-2
7.280000000E0	7.597506563E-1	2.928743994E-2
7.290000000E0	7.569187248E-1	2.873723507E-2
7.300000000E0	7.535744620E-1	2.813273808E-2
7.310000000E0	7.504482407E-1	2.740022361E-2
7.320000000E0	7.471802617E-1	2.651866255E-2
7.330000000E0	7.435016792E-1	2.585023990E-2
7.340000000E0	7.399457195E-1	2.508545505E-2
7.350000000E0	7.362599747E-1	2.430232798E-2
7.360000000E0	7.326292090E-1	2.326579174E-2
7.370000000E0	7.284108575E-1	2.280989225E-2
7.380000000E0	7.246366651E-1	2.181305058E-2
7.390000000E0	7.206135277E-1	2.106225039E-2
7.400000000E0	7.163214759E-1	2.025278836E-2
7.410000000E0	7.118581174E-1	1.953287781E-2
7.420000000E0	7.076653498E-1	1.870041664E-2
7.430000000E0	7.032471964E-1	1.808707451E-2
7.440000000E0	6.986219584E-1	1.709681141E-2
7.450000000E0	6.941054769E-1	1.634395660E-2
7.460000000E0	6.895892873E-1	1.563094040E-2
7.470000000E0	6.847770763E-1	1.509953534E-2
7.480000000E0	6.799649890E-1	1.432847347E-2
7.490000000E0	6.751453738E-1	1.365781022E-2
7.500000000E0	6.699774223E-1	1.314031460E-2
7.510000000E0	6.651344935E-1	1.245473426E-2
7.520000000E0	6.599210638E-1	1.192464546E-2
7.530000000E0	6.546252209E-1	1.165055194E-2
7.540000000E0	6.497407184E-1	1.101903253E-2
7.550000000E0	6.443592189E-1	1.068336914E-2
7.560000000E0	6.390310407E-1	1.056857896E-2
7.570000000E0	6.337131890E-1	1.060380217E-2
7.580000000E0	6.282186932E-1	1.068169114E-2
7.590000000E0	6.229185905E-1	1.065224225E-2
7.600000000E0	6.175223312E-1	1.071883673E-2
7.610000000E0	6.124546618E-1	1.053920350E-2
7.620000000E0	6.071476363E-1	1.060181017E-2
7.630000000E0	6.018111360E-1	1.063969227E-2
7.640000000E0	5.968764661E-1	1.018502964E-2
7.650000000E0	5.916340920E-1	1.006322292E-2
7.660000000E0	5.861878056E-1	9.913031306E-3
7.670000000E0	5.809897152E-1	9.864601758E-3
7.680000000E0	5.756854174E-1	9.619621368E-3
7.690000000E0	5.706142954E-1	9.648612034E-3
7.700000000E0	5.651291184E-1	9.505097910E-3
7.710000000E0	5.597853261E-1	9.450002137E-3
7.720000000E0	5.543204318E-1	9.444279712E-3
7.730000000E0	5.489842358E-1	9.709951189E-3
7.740000000E0	5.434424489E-1	9.682309861E-3
7.750000000E0	5.382325969E-1	9.540762886E-3
7.760000000E0	5.330736827E-1	9.551181788E-3
7.770000000E0	5.277737869E-1	9.611863007E-3
7.780000000E0	5.223535332E-1	9.732381309E-3
7.790000000E0	5.170534833E-1	9.663043620E-3
7.800000000E0	5.115784805E-1	9.796059378E-3
7.810000000E0	5.064823982E-1	9.789292646E-3
7.820000000E0	5.013525144E-1	9.714721001E-3
7.830000000E0	4.958503256E-1	9.719846772E-3
7.840000000E0	4.909589210E-1	9.745307977E-3
7.850000000E0	4.858770293E-1	9.862912955E-3
7.860000000E0	4.806254470E-1	9.930769726E-3
7.870000000E0	4.755999480E-1	9.894020459E-3
7.880000000E0	4.705154254E-1	9.799339616E-3
7.890000000E0	4.654242104E-1	9.897894493E-3
7.900000000E0	4.605130540E-1	9.824102327E-3
7.910000000E0	4.553502736E-1	9.860763001E-3
7.920000000E0	4.504038533E-1	9.846194691E-3
7.930000000E0	4.453392518E-1	1.002790065E-2
7.940000000E0	4.402954307E-1	9.946900210E-3
7.950000000E0	4.351004464E-1	1.058022923E-2
7.960000000E0	4.301289225E-1	1.104529390E-2
7.970000000E0	4.251370207E-1	1.117065206E-2
7.980000000E0	4.203459051E-1	1.119950086E-2
7.990000000E0	4.156023879E-1	1.141008253E-2
8.000000000E0	4.106175931E-1	1.168020899E-2
8.010000000E0	4.059952851E-1	1.197738835E-2
8.020000000E0	4.015486771E-1	1.234560098E-2
8.030000000E0	3.971570152E-1	1.288437087E-2
8.040000000E0	3.926333762E-1	1.313383819E-2
8.050000000E0	3.880842970E-1	1.330459019E-2
8.060000000E0	3.836299741E-1	1.384824671E-2
8.070000000E0	3.793264489E-1	1.435120082E-2
8.080000000E0	3.747529086E-1	1.504213390E-2
8.090000000E0	3.706700630E-1	1.529618358E-2
8.100000000E0	3.668025402E-1	1.557593090E-2
8.110000000E0	3.625316195E-1	1.638397218E-2
8.120000000E0	3.585340738E-1	1.660529764E-2
8.130000000E0	3.546743283E-1	1.714498352E-2
8.140000000E0	3.510482840E-1	1.767319683E-2
8.150000000E0	3.471306442E-1	1.842223460E-2
8.160000000E0	3.434512720E-1	1.873815729E-2
8.170000000E0	3.398810070E-1	1.886750720E-2
8.180000000E0	3.362013229E-1	1.964901302E-2
8.190000000E0	3.327722055E-1	1.989178963E-2
8.200000000E0	3.293247094E-1	2.051571311E-2
8.210000000E0	3.262063421E-1	2.105133984E-2
8.220000000E0	3.227559206E-1	2.163894456E-2
8.230000000E0	3.196404141E-1	2.203827600E-2
8.240000000E0	3.164969247E-1	2.254011948E-2
8.250000000E0	3.136212407E-1	2.300875355E-2
8.260000000E0	3.107812070E-1	2.334719630E-2
8.270000000E0	3.081320364E-1	2.405352037E-2
8.280000000E0	3.056491377E-1	2.435152458E-2
8.290000000E0	3.029162756E-1	2.487369515E-2
8.300000000E0	3.005525752E-1	2.525529888E-2
8.310000000E0	2.982425781E-1	2.555509783E-2
8.320000000E0	2.959365385E-1	2.606025729E-2
8.330000000E0	2.940349995E-1	2.635775724E-2
8.340000000E0	2.920049340E-1	2.655567650E-2
8.350000000E0	2.899127072E-1	2.708679162E-2
8.360000000E0	2.879636970E-1	2.754708993E-2
8.370000000E0	2.863307839E-1	2.757130860E-2
8.380000000E0	2.846625635E-1	2.839420229E-2
8.390000000E0	2.831275969E-1	2.852631849E-2
8.400000000E0	2.818157766E-1	2.866985835E-2
8.410000000E0	2.806407287E-1	2.894659532E-2
8.420000000E0	2.797661437E-1	2.896226557E-2
8.430000000E0	2.787076432E-1	2.883778909E-2
8.440000000E0	2.778022066E-1	2.903186220E-2
8.450000000E0	2.772474337E-1	2.934626065E-2
8.460000000E0	2.765218073E-1	2.932546061E-2
8.470000000E0	2.761795135E-1	2.960022079E-2
8.480000000E0	2.757201323E-1	2.950613102E-2
8.490000000E0	2.754719289E-1	2.956839519E-2
8.500000000E0	2.752866499E-1	2.965395593E-2
8.510000000E0	2.753262068E-1	2.963973136E-2
8.520000000E0	2.753583624E-1	2.962018516E-2
8.530000000E0	2.754397836E-1	2.959652237E-2
8.540000000E0	2.756585993E-1	2.962824325E-2
8.550000000E0	2.762278004E-1	2.956923039E-2
8.560000000E0	2.769407439E-1	2.952737896E-2
8.570000000E0	2.775668340E-1	2.943845241E-2
8.580000000E0	2.783101235E-1	2.925139088E-2
8.590000000E0	2.793754278E-1	2.920306317E-2
8.600000000E0	2.803017198E-1	2.890807753E-2
8.610000000E0	2.815126485E-1	2.857104423E-2
8.620000000E0	2.829187216E-1	2.849908385E-2
8.630000000E0	2.842834313E-1	2.768441199E-2
8.640000000E0	2.857109738E-1	2.743960442E-2
8.650000000E0	2.873537768E-1	2.723260126E-2
8.660000000E0	2.892254926E-1	2.719645428E-2
8.670000000E0	2.910049416E-1	2.642587132E-2
8.680000000E0	2.929673954E-1	2.630107903E-2
8.690000000E0	2.950408023E-1	2.613369923E-2
8.700000000E0	2.971405656E-1	2.557749059E-2
8.710000000E0	2.995890741E-1	2.510829785E-2
8.720000000E0	3.017457629E-1	2.442784036E-2
8.730000000E0	3.042177746E-1	2.416431247E-2
8.740000000E0	3.065653275E-1	2.391443179E-2
8.750000000E0	3.093036205E-1	2.310641393E-2
8.760000000E0	3.120031146E-1	2.299557629E-2
8.770000000E0	3.149572629E-1	2.227719974E-2
8.780000000E0	3.179234819E-1	2.176622554E-2
8.790000000E0	3.210409361E-1	2.105033763E-2
8.800000000E0	3.240371294E-1	2.066753367E-2
8.810000000E0	3.271612333E-1	2.009568168E-2
8.820000000E0	3.304254580E-1	1.960328232E-2
8.830000000E0	3.337880471E-1	1.922282025E-2
8.840000000E0	3.371206602E-1	1.866462817E-2
8.850000000E0	3.406046059E-1	1.848070505E-2
8.860000000E0	3.441162888E-1	1.803057650E-2
8.870000000E0	3.477285469E-1	1.740281589E-2
8.880000000E0	3.514906296E-1	1.686997160E-2
8.890000000E0	3.549622169E-1	1.633814424E-2
8.900000000E0	3.588616158E-1	1.575195618E-2
8.910000000E0	3.625427739E-1	1.522670361E-2
8.920000000E0	3.665182342E-1	1.473922353E-2
8.930000000E0	3.704902521E-1	1.416470655E-2
8.940000000E0	3.744638577E-1	1.396314043E-2
8.950000000E0	3.786935238E-1	1.347198443E-2
8.960000000E0	3.828082263E-1	1.314044715E-2
8.970000000E0	3.868999026E-1	1.233719210E-2
8.980000000E0	3.911989960E-1	1.194961055E-2
8.990000000E0	3.954905805E-1	1.160975789E-2
9.000000000E0	3.998236178E-1	1.119280152E-2
9.010000000E0	4.042036371E-1	1.084371902E-2
9.020000000E0	4.085592606E-1	1.068346909E-2
9.030000000E0	4.131476516E-1	1.058936699E-2
9.040000000E0	4.175159399E-1	1.066843421E-2
9.050000000E0	4.221700575E-1	1.031079280E-2
9.060000000E0	4.265139532E-1	1.017395088E-2
9.070000000E0	4.311182327E-1	1.014234580E-2
9.080000000E0	4.357680762E-1	9.341856194E-3
9.090000000E0	4.406501422E-1	9.251399780E-3
9.100000000E0	4.451111037E-1	8.880455683E-3
9.110000000E0	4.496147050E-1	8.628392695E-3
9.120000000E0	4.545296104E-1	8.644808949E-3
9.130000000E0	4.592998206E-1	8.520140290E-3
9.140000000E0	4.639091592E-1	8.487068191E-3
9.150000000E0	4.686255570E-1	8.421685344E-3
9.160000000E0	4.730670505E-1	8.571231103E-3
9.170000000E0	4.776695181E-1	8.449196093E-3
9.180000000E0	4.824211167E-1	8.348990177E-3
9.190000000E0	4.870960371E-1	8.546475263E-3
9.200000000E0	4.916939273E-1	8.604529140E-3
9.210000000E0	4.962238454E-1	8.572063094E-3
9.220000000E0	5.010801492E-1	8.283840131E-3
9.230000000E0	5.057243754E-1	8.612220067E-3
9.240000000E0	5.103559793E-1	8.578573395E-3
9.250000000E0	5.150940833E-1	8.329687538E-3
9.260000000E0	5.199448458E-1	8.422583129E-3
9.270000000E0	5.245600516E-1	8.567172915E-3
9.280000000E0	5.293217889E-1	8.577549862E-3
9.290000000E0	5.342570799E-1	8.771188144E-3
9.300000000E0	5.388015215E-1	8.873725224E-3
9.310000000E0	5.434173162E-1	8.863326825E-3
9.320000000E0	5.480954385E-1	8.750414851E-3
9.330000000E0	5.530494995E-1	8.805248588E-3
9.340000000E0	5.575505966E-1	8.927119169E-3
9.350000000E0	5.621011229E-1	8.974844471E-3
9.360000000E0	5.665400641E-1	9.038837167E-3
9.370000000E0	5.711223854E-1	9.228007705E-3
9.380000000E0	5.753392225E-1	9.390310528E-3
9.390000000E0	5.797545038E-1	9.588552493E-3
9.400000000E0	5.842093378E-1	9.769605029E-3
9.410000000E0	5.885200062E-1	9.802578358E-3
9.420000000E0	5.928377602E-1	9.850993512E-3
9.430000000E0	5.972867705E-1	9.865291480E-3
9.440000000E0	6.016501821E-1	9.899871632E-3
9.450000000E0	6.061250904E-1	1.005750544E-2
9.460000000E0	6.105309777E-1	1.031450966E-2
9.470000000E0	6.146713767E-1	1.046360699E-2
9.480000000E0	6.191286494E-1	1.069454788E-2
9.490000000E0	6.235575685E-1	1.076066992E-2
9.500000000E0	6.279918665E-1	1.076476856E-2
9.510000000E0	6.324163321E-1	1.077107072E-2
9.520000000E0	6.367457472E-1	1.092567472E-2
9.530000000E0	6.411146970E-1	1.150411912E-2
9.540000000E0	6.454794816E-1	1.157085762E-2
9.550000000E0	6.498515560E-1	1.194974313E-2
9.560000000E0	6.541919392E-1	1.209526940E-2
9.570000000E0	6.579731773E-1	1.285842565E-2
9.580000000E0	6.621825226E-1	1.302753939E-2
9.590000000E0	6.662355926E-1	1.321363682E-2
9.600000000E0	6.699949948E-1	1.399091580E-2
9.610000000E0	6.740333702E-1	1.415241015E-2
9.620000000E0	6.777604841E-1	1.449095024E-2
9.630000000E0	6.812130754E-1	1.524471735E-2
9.640000000E0	6.851025739E-1	1.537322368E-2
9.650000000E0	6.884647725E-1	1.591209291E-2
9.660000000E0	6.918802326E-1	1.627287649E-2
9.670000000E0	6.951806471E-1	1.705643922E-2
9.680000000E0	6.985557385E-1	1.730756758E-2
9.690000000E0	7.014365179E-1	1.746388566E-2
9.700000000E0	7.042853939E-1	1.840570903E-2
9.710000000E0	7.074513721E-1	1.884455669E-2
9.720000000E0	7.099542089E-1	1.962746937E-2
9.730000000E0	7.128364000E-1	1.952057932E-2
9.740000000E0	7.151929236E-1	2.045801810E-2
9.750000000E0	7.180431315E-1	2.075414207E-2
9.760000000E0	7.206260105E-1	2.115873109E-2
9.770000000E0	7.228159167E-1	2.159291664E-2
9.780000000E0	7.251266578E-1	2.196840246E-2
9.790000000E0	7.273137106E-1	2.230839820E-2
9.800000000E0	7.292783245E-1	2.262297393E-2
9.810000000E0	7.315320902E-1	2.296920382E-2
9.820000000E0	7.335005466E-1	2.326587984E-2
9.830000000E0	7.350732981E-1	2.399795897E-2
9.840000000E0	7.368071062E-1	2.406599424E-2
9.850000000E0	7.384484457E-1	2.434141992E-2
9.860000000E0	7.395798287E-1	2.498183636E-2
9.870000000E0	7.409953175E-1	2.494071885E-2
9.880000000E0	7.424078085E-1	2.524161099E-2
9.890000000E0	7.435280449E-1	2.549654996E-2
9.900000000E0	7.447711745E-1	2.572612971E-2
9.910000000E0	7.454978371E-1	2.581524956E-2
9.920000000E0	7.465240579E-1	2.596658044E-2
9.930000000E0	7.472051234E-1	2.617960128E-2
9.940000000E0	7.478764409E-1	2.630667404E-2
9.950000000E0	7.483111593E-1	2.637221290E-2
9.960000000E0	7.485408790E-1	2.642131753E-2
9.970000000E0	7.488240966E-1	2.624033745E-2
9.980000000E0	7.491570904E-1	2.634701885E-2
9.990000000E0	7.491735840E-1	2.633120076E-2
1.000000000E1	7.491264648E-1	2.631710163E-2
1.001000000E1	7.491038229E-1	2.633434149E-2
1.002000000E1	7.488249494E-1	2.625902974E-2
1.003000000E1	7.484150328E-1	2.628390327E-2
