mass_A
t	x	y
0.000000000E0	6.595308931E-4	1.349044461E-1
1.000000000E-2	9.164634018E-4	1.348260645E-1
2.000000000E-2	1.793639870E-3	1.340451901E-1
3.000000000E-2	2.904087490E-3	1.332663307E-1
4.000000000E-2	4.369714764E-3	1.325815223E-1
5.000000000E-2	6.111498022E-3	1.314813249E-1
6.000000000E-2	8.203974252E-3	1.300613685E-1
7.000000000E-2	1.058450332E-2	1.284715506E-1
8.000000000E-2	1.303252654E-2	1.268867219E-1
9.000000000E-2	1.605695769E-2	1.251393687E-1
1.000000000E-1	1.923184231E-2	1.230567786E-1
1.100000000E-1	2.266980400E-2	1.208294556E-1
1.200000000E-1	2.633716442E-2	1.185054629E-1
1.300000000E-1	3.038864968E-2	1.159670821E-1
1.400000000E-1	3.474752411E-2	1.132974878E-1
1.500000000E-1	3.915701131E-2	1.108846464E-1
1.600000000E-1	4.462329719E-2	1.106644171E-1
1.700000000E-1	5.010812609E-2	1.086697323E-1
1.800000000E-1	5.560115767E-2	1.057208473E-1
1.900000000E-1	6.124470891E-2	1.019400760E-1
2.000000000E-1	6.698770501E-2	9.674369169E-2
2.100000000E-1	7.339678866E-2	9.394022013E-2
2.200000000E-1	7.976440145E-2	9.120833459E-2
2.300000000E-1	8.642654684E-2	8.781084205E-2
2.400000000E-1	9.317748948E-2	8.439098498E-2
2.500000000E-1	1.000290486E-1	8.096962992E-2
2.600000000E-1	1.073920187E-1	7.772606811E-2
2.700000000E-1	1.148966161E-1	7.459021565E-2
2.800000000E-1	1.228219214E-1	7.153495805E-2
2.900000000E-1	1.307286850E-1	6.814448138E-2
3.000000000E-1	1.392971964E-1	6.511937907E-2
3.100000000E-1	1.476254091E-1	6.205114275E-2
3.200000000E-1	1.560953418E-1	5.911808309E-2
3.300000000E-1	1.647826608E-1	5.611791660E-2
3.400000000E-1	1.736860827E-1	5.324680801E-2
3.500000000E-1	1.825127468E-1	5.030711855E-2
3.600000000E-1	1.914892324E-1	4.766915408E-2
3.700000000E-1	2.007193714E-1	4.555833679E-2
3.800000000E-1	2.099913007E-1	4.281356833E-2
3.900000000E-1	2.195133923E-1	4.030137320E-2
4.000000000E-1	2.288210603E-1	3.820386570E-2
4.100000000E-1	2.387031160E-1	3.687702749E-2
4.200000000E-1	2.485908969E-1	3.356777330E-2
4.300000000E-1	2.591943043E-1	3.135444177E-2
4.400000000E-1	2.695760369E-1	2.904122370E-2
4.500000000E-1	2.800406875E-1	2.712159491E-2
4.600000000E-1	2.904152283E-1	2.487343039E-2
4.700000000E-1	3.010276722E-1	2.297356121E-2
4.800000000E-1	3.114417902E-1	2.118839661E-2
4.900000000E-1	3.219552147E-1	1.962023762E-2
5.000000000E-1	3.326460373E-1	1.758796942E-2
5.100000000E-1	3.434190039E-1	1.607562570E-2
5.200000000E-1	3.543608861E-1	1.472707788E-2
5.300000000E-1	3.654264524E-1	1.339872673E-2
5.400000000E-1	3.764760645E-1	1.232306623E-2
5.500000000E-1	3.874573252E-1	1.130280423E-2
5.600000000E-1	3.985618229E-1	1.028057301E-2
5.700000000E-1	4.094517227E-1	9.473094673E-3
5.800000000E-1	4.204892200E-1	9.184733315E-3
5.900000000E-1	4.314311993E-1	8.551036064E-3
6.000000000E-1	4.427459179E-1	7.990992193E-3
6.100000000E-1	4.540816881E-1	7.533664544E-3
6.200000000E-1	4.654212616E-1	7.084976697E-3
6.300000000E-1	4.765695907E-1	6.916568262E-3
6.400000000E-1	4.877540043E-1	6.807572404E-3
6.500000000E-1	4.989040346E-1	6.907610009E-3
6.600000000E-1	5.099692207E-1	6.946374160E-3
6.700000000E-1	5.209668416E-1	6.953425182E-3
6.800000000E-1	5.319226295E-1	7.116248748E-3
6.900000000E-1	5.428491183E-1	7.189104919E-3
7.000000000E-1	5.537441622E-1	7.115049885E-3
7.100000000E-1	5.647350133E-1	7.297841584E-3
7.200000000E-1	5.757246128E-1	7.338566316E-3
7.300000000E-1	5.867400623E-1	7.276407994E-3
7.400000000E-1	5.976569454E-1	7.920206276E-3
7.500000000E-1	6.085567224E-1	8.492463391E-3
7.600000000E-1	6.195103441E-1	8.589052027E-3
7.700000000E-1	6.306535089E-1	8.663333314E-3
7.800000000E-1	6.416726279E-1	9.204030613E-3
7.900000000E-1	6.523875415E-1	1.022938752E-2
8.000000000E-1	6.627971728E-1	1.107131295E-2
8.100000000E-1	6.730303045E-1	1.229435413E-2
8.200000000E-1	6.835897939E-1	1.354657694E-2
8.300000000E-1	6.936806606E-1	1.500240388E-2
8.400000000E-1	7.036298939E-1	1.676673856E-2
8.500000000E-1	7.134483325E-1	1.837844181E-2
8.600000000E-1	7.232038614E-1	2.012760050E-2
8.700000000E-1	7.327074926E-1	2.219658262E-2
8.800000000E-1	7.421317475E-1	2.431727332E-2
8.900000000E-1	7.512562511E-1	2.672686506E-2
9.000000000E-1	7.604148249E-1	2.874142361E-2
9.100000000E-1	7.695791050E-1	3.105751666E-2
9.200000000E-1	7.782380324E-1	3.324522879E-2
9.300000000E-1	7.869363073E-1	3.570256168E-2
9.400000000E-1	7.951265583E-1	3.812102214E-2
9.500000000E-1	8.037119612E-1	4.014314057E-2
9.600000000E-1	8.117338795E-1	4.233329224E-2
9.700000000E-1	8.200435840E-1	4.465596859E-2
9.800000000E-1	8.281175129E-1	4.704388688E-2
9.900000000E-1	8.359279166E-1	4.976277738E-2
1.000000000E0	8.434293261E-1	5.206809786E-2
1.010000000E0	8.508974449E-1	5.427909906E-2
1.020000000E0	8.578739570E-1	5.666119158E-2
1.030000000E0	8.647123883E-1	5.910795615E-2
1.040000000E0	8.712633350E-1	6.137418980E-2
1.050000000E0	8.777115594E-1	6.364027433E-2
1.060000000E0	8.840727172E-1	6.569594463E-2
1.070000000E0	8.899421369E-1	6.808625071E-2
1.080000000E0	8.956359954E-1	7.031202309E-2
1.090000000E0	9.011059801E-1	7.226211395E-2
1.100000000E0	9.063701959E-1	7.436326877E-2
1.110000000E0	9.117235469E-1	7.648108181E-2
1.120000000E0	9.168100063E-1	7.866439443E-2
1.130000000E0	9.217152129E-1	8.093039090E-2
1.140000000E0	9.261844022E-1	8.317831294E-2
1.150000000E0	9.305491253E-1	8.521312316E-2
1.160000000E0	9.348120047E-1	8.718101415E-2
1.170000000E0	9.386070799E-1	8.912421530E-2
1.180000000E0	9.423055335E-1	9.080463319E-2
1.190000000E0	9.457588087E-1	9.252872716E-2
1.200000000E0	9.489764697E-1	9.411453272E-2
1.210000000E0	9.516913636E-1	9.555863918E-2
1.220000000E0	9.544159347E-1	9.661794711E-2
1.230000000E0	9.568601342E-1	9.764052972E-2
1.240000000E0	9.590632351E-1	9.872206954E-2
1.250000000E0	9.610500051E-1	9.963792517E-2
1.260000000E0	9.625503362E-1	1.007530936E-1
1.270000000E0	9.639692572E-1	1.016949021E-1
1.280000000E0	9.649624257E-1	1.024488250E-1
1.290000000E0	9.659092832E-1	1.030347369E-1
1.300000000E0	9.668469026E-1	1.031622971E-1
1.310000000E0	9.671736873E-1	1.037609151E-1
1.320000000E0	9.676663022E-1	1.037854860E-1
1.330000000E0	9.678579806E-1	1.039159809E-1
1.340000000E0	9.678140937E-1	1.037833980E-1
1.350000000E0	9.676142860E-1	1.034165995E-1
1.360000000E0	9.669215608E-1	1.030619524E-1
1.370000000E0	9.658895024E-1	1.027075347E-1
1.380000000E0	9.647691941E-1	1.020104740E-1
1.390000000E0	9.635382270E-1	1.009185308E-1
1.400000000E0	9.620233436E-1	9.988796261E-2
1.410000000E0	9.602374440E-1	9.882212581E-2
1.420000000E0	9.581369394E-1	9.757957709E-2
1.430000000E0	9.558468822E-1	9.629428723E-2
1.440000000E0	9.533869294E-1	9.507083505E-2
1.450000000E0	9.504234319E-1	9.372096830E-2
1.460000000E0	9.473415809E-1	9.225705343E-2
1.470000000E0	9.439087515E-1	9.076174887E-2
1.480000000E0	9.404643287E-1	8.887711518E-2
1.490000000E0	9.368850249E-1	8.677239095E-2
1.500000000E0	9.327289238E-1	8.503582360E-2
1.510000000E0	9.283720555E-1	8.305878674E-2
1.520000000E0	9.239088584E-1	8.103727647E-2
1.530000000E0	9.193990932E-1	7.892856477E-2
1.540000000E0	9.144318773E-1	7.676721096E-2
1.550000000E0	9.094112029E-1	7.444752563E-2
1.560000000E0	9.040625893E-1	7.228174075E-2
1.570000000E0	8.985683713E-1	7.013493931E-2
1.580000000E0	8.929889938E-1	6.800615554E-2
1.590000000E0	8.872598853E-1	6.581181541E-2
1.600000000E0	8.810348496E-1	6.355183777E-2
1.610000000E0	8.750711425E-1	6.122601829E-2
1.620000000E0	8.687218348E-1	5.894087931E-2
1.630000000E0	8.621132509E-1	5.676551072E-2
1.640000000E0	8.554272261E-1	5.456935891E-2
1.650000000E0	8.484373769E-1	5.236667636E-2
1.660000000E0	8.412694408E-1	5.020084394E-2
1.670000000E0	8.340711738E-1	4.827557045E-2
1.680000000E0	8.262637907E-1	4.611660669E-2
1.690000000E0	8.185372378E-1	4.371567745E-2
1.700000000E0	8.106365717E-1	4.119795485E-2
1.710000000E0	8.029540801E-1	3.923987418E-2
1.720000000E0	7.951067725E-1	3.761341623E-2
1.730000000E0	7.872542602E-1	3.510569144E-2
1.740000000E0	7.792394763E-1	3.271508678E-2
1.750000000E0	7.712049625E-1	3.048391323E-2
1.760000000E0	7.628505199E-1	2.842684016E-2
1.770000000E0	7.542816383E-1	2.623878005E-2
1.780000000E0	7.458431196E-1	2.412021575E-2
1.790000000E0	7.368496581E-1	2.214604673E-2
1.800000000E0	7.279374025E-1	2.039224951E-2
1.810000000E0	7.189721173E-1	1.867145455E-2
1.820000000E0	7.099470753E-1	1.675055836E-2
1.830000000E0	7.007637255E-1	1.504092936E-2
1.840000000E0	6.914073888E-1	1.377823351E-2
1.850000000E0	6.821262667E-1	1.236245493E-2
1.860000000E0	6.727905722E-1	1.137558390E-2
1.870000000E0	6.634977575E-1	1.032323262E-2
1.880000000E0	6.540447864E-1	9.436077934E-3
1.890000000E0	6.442433599E-1	8.400969662E-3
1.900000000E0	6.345832107E-1	7.713373196E-3
1.910000000E0	6.250272821E-1	8.025825094E-3
1.920000000E0	6.153261396E-1	8.442947743E-3
1.930000000E0	6.056248311E-1	8.091014136E-3
1.940000000E0	5.959571584E-1	7.413866838E-3
1.950000000E0	5.865201895E-1	7.252443766E-3
1.960000000E0	5.768702342E-1	6.974437368E-3
1.970000000E0	5.671103138E-1	7.021340464E-3
1.980000000E0	5.578169673E-1	6.989615517E-3
1.990000000E0	5.482594752E-1	6.963389266E-3
2.000000000E0	5.389445397E-1	6.977695142E-3
2.010000000E0	5.295321858E-1	6.790246644E-3
2.020000000E0	5.200721835E-1	6.839239137E-3
2.030000000E0	5.105801793E-1	6.769267111E-3
2.040000000E0	5.009311816E-1	6.945300207E-3
2.050000000E0	4.915219495E-1	7.148510405E-3
2.060000000E0	4.821200965E-1	7.158573341E-3
2.070000000E0	4.725884028E-1	7.122341949E-3
2.080000000E0	4.632653131E-1	7.486826751E-3
2.090000000E0	4.538295226E-1	7.483227767E-3
2.100000000E0	4.444385002E-1	8.063987730E-3
2.110000000E0	4.351590808E-1	8.289582354E-3
2.120000000E0	4.260667233E-1	8.944430345E-3
2.130000000E0	4.171091578E-1	9.542951508E-3
2.140000000E0	4.081320934E-1	9.957830283E-3
2.150000000E0	3.993176131E-1	1.043072104E-2
2.160000000E0	3.903015867E-1	1.134397518E-2
2.170000000E0	3.815388445E-1	1.236392149E-2
2.180000000E0	3.728121610E-1	1.320717742E-2
2.190000000E0	3.640883312E-1	1.405736194E-2
2.200000000E0	3.553999709E-1	1.497878066E-2
2.210000000E0	3.467015539E-1	1.582016343E-2
2.220000000E0	3.382355662E-1	1.716309130E-2
2.230000000E0	3.299219386E-1	1.841943913E-2
2.240000000E0	3.216849065E-1	1.950849260E-2
2.250000000E0	3.135676156E-1	2.063576687E-2
2.260000000E0	3.057005191E-1	2.198363962E-2
2.270000000E0	2.978644266E-1	2.353542938E-2
2.280000000E0	2.901606714E-1	2.480061979E-2
2.290000000E0	2.826195171E-1	2.615574886E-2
2.300000000E0	2.750275085E-1	2.774209553E-2
2.310000000E0	2.673954441E-1	2.914635781E-2
2.320000000E0	2.603615906E-1	3.088606021E-2
2.330000000E0	2.530509294E-1	3.243472680E-2
2.340000000E0	2.460559592E-1	3.438413493E-2
2.350000000E0	2.394189212E-1	3.669001912E-2
2.360000000E0	2.329056895E-1	3.820999711E-2
2.370000000E0	2.264024854E-1	3.954998721E-2
2.380000000E0	2.199577949E-1	4.098017832E-2
2.390000000E0	2.139028606E-1	4.265109674E-2
2.400000000E0	2.079625588E-1	4.412946243E-2
2.410000000E0	2.023223587E-1	4.569589566E-2
2.420000000E0	1.968873892E-1	4.732579976E-2
2.430000000E0	1.915183371E-1	4.895020967E-2
2.440000000E0	1.863454061E-1	5.041134505E-2
2.450000000E0	1.813263020E-1	5.205654187E-2
2.460000000E0	1.761420697E-1	5.360488331E-2
2.470000000E0	1.713988957E-1	5.519636946E-2
2.480000000E0	1.668861348E-1	5.678237211E-2
2.490000000E0	1.625209128E-1	5.843568764E-2
2.500000000E0	1.582319083E-1	5.995138659E-2
2.510000000E0	1.540357586E-1	6.130299468E-2
2.520000000E0	1.502880008E-1	6.256075982E-2
2.530000000E0	1.465100863E-1	6.400378832E-2
2.540000000E0	1.429086191E-1	6.520091854E-2
2.550000000E0	1.395682058E-1	6.656663808E-2
2.560000000E0	1.364083432E-1	6.776530284E-2
2.570000000E0	1.336384445E-1	6.890372297E-2
2.580000000E0	1.308726116E-1	6.989107340E-2
2.590000000E0	1.284548776E-1	7.084770185E-2
2.600000000E0	1.261590589E-1	7.163454845E-2
2.610000000E0	1.241236962E-1	7.266516326E-2
2.620000000E0	1.221344775E-1	7.347315430E-2
2.630000000E0	1.206517855E-1	7.427457222E-2
2.640000000E0	1.193391601E-1	7.494181398E-2
2.650000000E0	1.180603315E-1	7.549066218E-2
2.660000000E0	1.171508421E-1	7.604115245E-2
2.670000000E0	1.163324039E-1	7.644509860E-2
2.680000000E0	1.158020326E-1	7.697338464E-2
2.690000000E0	1.153675353E-1	7.669707815E-2
2.700000000E0	1.152421393E-1	7.677520790E-2
2.710000000E0	1.152163824E-1	7.667963045E-2
2.720000000E0	1.153165067E-1	7.652906579E-2
2.730000000E0	1.157044941E-1	7.630740243E-2
2.740000000E0	1.163327476E-1	7.625564376E-2
2.750000000E0	1.173136329E-1	7.609577776E-2
2.760000000E0	1.184092042E-1	7.555391305E-2
2.770000000E0	1.196583386E-1	7.484098758E-2
2.780000000E0	1.210158546E-1	7.412233746E-2
2.790000000E0	1.228734646E-1	7.342570650E-2
2.800000000E0	1.249084242E-1	7.267839722E-2
2.810000000E0	1.270454074E-1	7.200206597E-2
2.820000000E0	1.294595219E-1	7.102252743E-2
2.830000000E0	1.318205653E-1	6.993778980E-2
2.840000000E0	1.346752610E-1	6.896118633E-2
2.850000000E0	1.377162449E-1	6.772425300E-2
2.860000000E0	1.406843176E-1	6.660708642E-2
2.870000000E0	1.440421299E-1	6.535367626E-2
2.880000000E0	1.474859498E-1	6.428531259E-2
2.890000000E0	1.514974564E-1	6.302771796E-2
2.900000000E0	1.552640464E-1	6.175713526E-2
2.910000000E0	1.593009738E-1	6.004755825E-2
2.920000000E0	1.636688983E-1	5.878300720E-2
2.930000000E0	1.681134906E-1	5.740677342E-2
2.940000000E0	1.726073474E-1	5.581969469E-2
2.950000000E0	1.773415926E-1	5.419119484E-2
2.960000000E0	1.822674106E-1	5.289872242E-2
2.970000000E0	1.871639529E-1	5.146834731E-2
2.980000000E0	1.923732393E-1	4.997677800E-2
2.990000000E0	1.977872129E-1	4.840097594E-2
3.000000000E0	2.033550148E-1	4.684811756E-2
3.010000000E0	2.088965870E-1	4.527136448E-2
3.020000000E0	2.145672893E-1	4.365491946E-2
3.030000000E0	2.204060155E-1	4.213852257E-2
3.040000000E0	2.264120305E-1	4.056438980E-2
3.050000000E0	2.327822016E-1	3.905523834E-2
3.060000000E0	2.389213069E-1	3.735122493E-2
3.070000000E0	2.453178354E-1	3.565360543E-2
3.080000000E0	2.520209515E-1	3.435925096E-2
3.090000000E0	2.590134651E-1	3.275456665E-2
3.100000000E0	2.660927966E-1	3.117257449E-2
3.110000000E0	2.730622518E-1	2.955293675E-2
3.120000000E0	2.803838693E-1	2.804650840E-2
3.130000000E0	2.873035684E-1	2.660600343E-2
3.140000000E0	2.947380893E-1	2.544151994E-2
3.150000000E0	3.021632171E-1	2.413296032E-2
3.160000000E0	3.097595724E-1	2.274151075E-2
3.170000000E0	3.170910940E-1	2.149346785E-2
3.180000000E0	3.246420025E-1	2.030353561E-2
3.190000000E0	3.323289100E-1	1.922901971E-2
3.200000000E0	3.401102162E-1	1.795416287E-2
3.210000000E0	3.479205451E-1	1.687863753E-2
3.220000000E0	3.558248158E-1	1.586596883E-2
3.230000000E0	3.639848271E-1	1.488923907E-2
3.240000000E0	3.720427081E-1	1.395044680E-2
3.250000000E0	3.805037538E-1	1.323768234E-2
3.260000000E0	3.885882903E-1	1.249583308E-2
3.270000000E0	3.970320779E-1	1.158002265E-2
3.280000000E0	4.051087006E-1	1.079028698E-2
3.290000000E0	4.134343938E-1	1.030072240E-2
3.300000000E0	4.216387160E-1	1.005804076E-2
3.310000000E0	4.300332901E-1	9.475214086E-3
3.320000000E0	4.383882460E-1	9.201699635E-3
3.330000000E0	4.467020682E-1	8.922652288E-3
3.340000000E0	4.552260860E-1	8.677487445E-3
3.350000000E0	4.635872325E-1	8.186801864E-3
3.360000000E0	4.720276394E-1	7.968181573E-3
3.370000000E0	4.804295240E-1	8.058629697E-3
3.380000000E0	4.887470664E-1	8.002831509E-3
3.390000000E0	4.974087623E-1	8.097984214E-3
3.400000000E0	5.059470244E-1	8.003303448E-3
3.410000000E0	5.141341087E-1	8.126256485E-3
3.420000000E0	5.226378008E-1	8.143069836E-3
3.430000000E0	5.307592501E-1	8.205254240E-3
3.440000000E0	5.392540830E-1	8.311843386E-3
3.450000000E0	5.473056809E-1	8.471724670E-3
3.460000000E0	5.556996259E-1	8.479168046E-3
3.470000000E0	5.636416797E-1	8.806645128E-3
3.480000000E0	5.717061426E-1	9.042671045E-3
3.490000000E0	5.799468475E-1	9.125632836E-3
3.500000000E0	5.880242499E-1	9.192672420E-3
3.510000000E0	5.960426364E-1	9.656125327E-3
3.520000000E0	6.041941516E-1	9.666977247E-3
3.530000000E0	6.122397950E-1	9.709742117E-3
3.540000000E0	6.203261251E-1	1.011136371E-2
3.550000000E0	6.285465834E-1	1.035919142E-2
3.560000000E0	6.364756822E-1	1.080170683E-2
3.570000000E0	6.445150955E-1	1.128725925E-2
3.580000000E0	6.524371591E-1	1.178611473E-2
3.590000000E0	6.602014316E-1	1.254852223E-2
3.600000000E0	6.679156698E-1	1.345894420E-2
3.610000000E0	6.754974085E-1	1.436152943E-2
3.620000000E0	6.829621015E-1	1.532141948E-2
3.630000000E0	6.903131956E-1	1.620420739E-2
3.640000000E0	6.977637238E-1	1.717991855E-2
3.650000000E0	7.048748311E-1	1.844392409E-2
3.660000000E0	7.121534918E-1	1.942410030E-2
3.670000000E0	7.190452456E-1	2.070809685E-2
3.680000000E0	7.262333273E-1	2.171888132E-2
3.690000000E0	7.332057221E-1	2.300255056E-2
3.700000000E0	7.398929848E-1	2.447220620E-2
3.710000000E0	7.465125058E-1	2.582475474E-2
3.720000000E0	7.529919970E-1	2.704051744E-2
3.730000000E0	7.590141761E-1	2.865237483E-2
3.740000000E0	7.651342927E-1	3.019304136E-2
3.750000000E0	7.710019064E-1	3.153250646E-2
3.760000000E0	7.765148746E-1	3.291963735E-2
3.770000000E0	7.818469906E-1	3.436667435E-2
3.780000000E0	7.872167363E-1	3.578941784E-2
3.790000000E0	7.925731404E-1	3.724214942E-2
3.800000000E0	7.975294765E-1	3.860645804E-2
3.810000000E0	8.026129217E-1	3.996357386E-2
3.820000000E0	8.073730649E-1	4.120102822E-2
3.830000000E0	8.122137408E-1	4.233283608E-2
3.840000000E0	8.167327304E-1	4.363760660E-2
3.850000000E0	8.212602449E-1	4.468475836E-2
3.860000000E0	8.255804443E-1	4.612628024E-2
3.870000000E0	8.298661574E-1	4.727607790E-2
3.880000000E0	8.337415434E-1	4.883960762E-2
3.890000000E0	8.377006438E-1	4.992294643E-2
3.900000000E0	8.412674922E-1	5.112767638E-2
3.910000000E0	8.446991933E-1	5.234922335E-2
3.920000000E0	8.479432879E-1	5.337082557E-2
3.930000000E0	8.511578093E-1	5.439742572E-2
3.940000000E0	8.543254143E-1	5.545572302E-2
3.950000000E0	8.568027211E-1	5.649876289E-2
3.960000000E0	8.596743640E-1	5.716471160E-2
3.970000000E0	8.621169930E-1	5.787610251E-2
3.980000000E0	8.643042268E-1	5.875754390E-2
3.990000000E0	8.664508926E-1	5.952688798E-2
4.000000000E0	8.684035362E-1	6.015272357E-2
4.010000000E0	8.699596835E-1	6.104049450E-2
4.020000000E0	8.715350687E-1	6.143642446E-2
4.030000000E0	8.728121383E-1	6.201177748E-2
4.040000000E0	8.741084166E-1	6.241209993E-2
4.050000000E0	8.750824703E-1	6.295576822E-2
4.060000000E0	8.758492294E-1	6.330637206E-2
4.070000000E0	8.765387443E-1	6.335921902E-2
4.080000000E0	8.772895311E-1	6.330847795E-2
4.090000000E0	8.776543858E-1	6.344294922E-2
4.100000000E0	8.777228541E-1	6.345089606E-2
4.110000000E0	8.777129107E-1	6.338378355E-2
4.120000000E0	8.776170019E-1	6.328659435E-2
4.130000000E0	8.774372902E-1	6.324773752E-2
4.140000000E0	8.767046388E-1	6.317846795E-2
4.150000000E0	8.762349003E-1	6.272322626E-2
4.160000000E0	8.753923861E-1	6.225022709E-2
4.170000000E0	8.742735451E-1	6.199835834E-2
4.180000000E0	8.731547168E-1	6.136001617E-2
4.190000000E0	8.716280865E-1	6.086258794E-2
4.200000000E0	8.700155742E-1	6.013385341E-2
4.210000000E0	8.681832022E-1	5.973217916E-2
4.220000000E0	8.662962192E-1	5.882896841E-2
4.230000000E0	8.642788130E-1	5.815455810E-2
4.240000000E0	8.619848146E-1	5.763902232E-2
4.250000000E0	8.593263914E-1	5.677171495E-2
4.260000000E0	8.566896866E-1	5.568871667E-2
4.270000000E0	8.537123010E-1	5.493508026E-2
4.280000000E0	8.507768873E-1	5.365704679E-2
4.290000000E0	8.477087568E-1	5.292167022E-2
4.300000000E0	8.444474427E-1	5.193013387E-2
4.310000000E0	8.410186698E-1	5.088054542E-2
4.320000000E0	8.372602011E-1	4.997719378E-2
4.330000000E0	8.335150096E-1	4.862998770E-2
4.340000000E0	8.293118221E-1	4.757899107E-2
4.350000000E0	8.253370891E-1	4.640387866E-2
4.360000000E0	8.213221901E-1	4.518886504E-2
4.370000000E0	8.169559258E-1	4.387127761E-2
4.380000000E0	8.125246912E-1	4.250387379E-2
4.390000000E0	8.079113127E-1	4.139503034E-2
4.400000000E0	8.030039655E-1	4.014345208E-2
4.410000000E0	7.982269894E-1	3.892221513E-2
4.420000000E0	7.933304485E-1	3.794117146E-2
4.430000000E0	7.882395038E-1	3.622176321E-2
4.440000000E0	7.829072932E-1	3.474816460E-2
4.450000000E0	7.774790854E-1	3.339700163E-2
4.460000000E0	7.720988762E-1	3.215665913E-2
4.470000000E0	7.663674174E-1	3.053410830E-2
4.480000000E0	7.606996079E-1	2.913082175E-2
4.490000000E0	7.547902833E-1	2.779602276E-2
4.500000000E0	7.488194251E-1	2.663680838E-2
4.510000000E0	7.428895890E-1	2.517256273E-2
4.520000000E0	7.365271517E-1	2.375903961E-2
4.530000000E0	7.300133140E-1	2.248291714E-2
4.540000000E0	7.234568572E-1	2.127889119E-2
4.550000000E0	7.168340439E-1	2.002501297E-2
4.560000000E0	7.101722718E-1	1.864795366E-2
4.570000000E0	7.035202627E-1	1.733120298E-2
4.580000000E0	6.967295576E-1	1.634076508E-2
4.590000000E0	6.898199165E-1	1.542273486E-2
4.600000000E0	6.828666691E-1	1.469979586E-2
4.610000000E0	6.760103702E-1	1.356191892E-2
4.620000000E0	6.690626489E-1	1.255603605E-2
4.630000000E0	6.618393573E-1	1.170317638E-2
4.640000000E0	6.548567271E-1	1.088312350E-2
4.650000000E0	6.474820788E-1	1.027425668E-2
4.660000000E0	6.401972802E-1	9.511308346E-3
4.670000000E0	6.328926971E-1	9.338445123E-3
4.680000000E0	6.253617016E-1	9.133557501E-3
4.690000000E0	6.178068963E-1	9.047321450E-3
4.700000000E0	6.105764822E-1	9.118319352E-3
4.710000000E0	6.032774181E-1	8.969858520E-3
4.720000000E0	5.957476400E-1	8.825924077E-3
4.730000000E0	5.887028992E-1	9.046619172E-3
4.740000000E0	5.813225142E-1	8.757836399E-3
4.750000000E0	5.740653858E-1	8.848662097E-3
4.760000000E0	5.668597841E-1	8.986852920E-3
4.770000000E0	5.594388064E-1	8.894072822E-3
4.780000000E0	5.523737100E-1	9.012688534E-3
4.790000000E0	5.450440811E-1	8.855739874E-3
4.800000000E0	5.378871809E-1	9.079332714E-3
4.810000000E0	5.306396022E-1	9.026422229E-3
4.820000000E0	5.232011778E-1	8.994884180E-3
4.830000000E0	5.161245948E-1	9.277769953E-3
4.840000000E0	5.086789494E-1	9.236345015E-3
4.850000000E0	5.014244927E-1	9.216490586E-3
4.860000000E0	4.942486387E-1	9.342668360E-3
4.870000000E0	4.870227235E-1	9.315779409E-3
4.880000000E0	4.798298730E-1	9.344045398E-3
4.890000000E0	4.725585578E-1	9.474586071E-3
4.900000000E0	4.655324570E-1	9.737030820E-3
4.910000000E0	4.585839710E-1	9.854177476E-3
4.920000000E0	4.514531065E-1	9.902169073E-3
4.930000000E0	4.445470510E-1	1.034154816E-2
4.940000000E0	4.375994307E-1	1.062261001E-2
4.950000000E0	4.306424434E-1	1.051965737E-2
4.960000000E0	4.238056240E-1	1.099205867E-2
4.970000000E0	4.170604022E-1	1.147267872E-2
4.980000000E0	4.103314157E-1	1.190149910E-2
4.990000000E0	4.037434706E-1	1.249116926E-2
5.000000000E0	3.971816798E-1	1.275128459E-2
5.010000000E0	3.905780260E-1	1.346869375E-2
5.020000000E0	3.839932444E-1	1.389368518E-2
5.030000000E0	3.775080475E-1	1.457020872E-2
5.040000000E0	3.708959010E-1	1.505258162E-2
5.050000000E0	3.644797715E-1	1.575082148E-2
5.060000000E0	3.582158389E-1	1.642556909E-2
5.070000000E0	3.521087718E-1	1.708985241E-2
5.080000000E0	3.462574110E-1	1.803784644E-2
5.090000000E0	3.401776468E-1	1.875465848E-2
5.100000000E0	3.344639724E-1	1.958174981E-2
5.110000000E0	3.288198131E-1	2.034045985E-2
5.120000000E0	3.232106983E-1	2.123334133E-2
5.130000000E0	3.177050303E-1	2.207027284E-2
5.140000000E0	3.123145200E-1	2.309110017E-2
5.150000000E0	3.069708972E-1	2.396604939E-2
5.160000000E0	3.017025670E-1	2.484703096E-2
5.170000000E0	2.968405303E-1	2.574523550E-2
5.180000000E0	2.918141611E-1	2.671537168E-2
5.190000000E0	2.870374452E-1	2.755247834E-2
5.200000000E0	2.823791861E-1	2.877782019E-2
5.210000000E0	2.777096915E-1	2.981521261E-2
5.220000000E0	2.729408917E-1	3.100684755E-2
5.230000000E0	2.685260746E-1	3.205588013E-2
5.240000000E0	2.641888284E-1	3.314175844E-2
5.250000000E0	2.600545469E-1	3.432189223E-2
5.260000000E0	2.560973497E-1	3.528522524E-2
5.270000000E0	2.520178336E-1	3.605152645E-2
5.280000000E0	2.484522410E-1	3.692256833E-2
5.290000000E0	2.449438491E-1	3.789361206E-2
5.300000000E0	2.416536253E-1	3.884860529E-2
5.310000000E0	2.384709962E-1	3.967215916E-2
5.320000000E0	2.353068859E-1	4.029884529E-2
5.330000000E0	2.321871537E-1	4.116498131E-2
5.340000000E0	2.295872455E-1	4.212576483E-2
5.350000000E0	2.267467309E-1	4.291911575E-2
5.360000000E0	2.242944460E-1	4.365623128E-2
5.370000000E0	2.220426095E-1	4.441998679E-2
5.380000000E0	2.198424524E-1	4.490323680E-2
5.390000000E0	2.177099906E-1	4.546742409E-2
5.400000000E0	2.156151320E-1	4.582439448E-2
5.410000000E0	2.137072054E-1	4.646254217E-2
5.420000000E0	2.120197286E-1	4.695629951E-2
5.430000000E0	2.106050050E-1	4.751111924E-2
5.440000000E0	2.091318023E-1	4.794848584E-2
5.450000000E0	2.078375904E-1	4.808245263E-2
5.460000000E0	2.067181078E-1	4.829581430E-2
5.470000000E0	2.057121623E-1	4.844755824E-2
5.480000000E0	2.047518626E-1	4.883546019E-2
5.490000000E0	2.040979706E-1	4.901726633E-2
5.500000000E0	2.034914331E-1	4.898791691E-2
5.510000000E0	2.031697195E-1	4.911612331E-2
5.520000000E0	2.028647776E-1	4.913418565E-2
5.530000000E0	2.028693012E-1	4.918545431E-2
5.540000000E0	2.029187790E-1	4.922866452E-2
5.550000000E0	2.032524670E-1	4.904144142E-2
5.560000000E0	2.034198632E-1	4.895585026E-2
5.570000000E0	2.037241377E-1	4.875550026E-2
5.580000000E0	2.044268499E-1	4.872742396E-2
5.590000000E0	2.048452103E-1	4.822422759E-2
5.600000000E0	2.056261242E-1	4.801603747E-2
5.610000000E0	2.066687681E-1	4.780378503E-2
5.620000000E0	2.077841669E-1	4.742892979E-2
5.630000000E0	2.088940237E-1	4.701350564E-2
5.640000000E0	2.101832352E-1	4.641553311E-2
5.650000000E0	2.117151268E-1	4.609730332E-2
5.660000000E0	2.134667817E-1	4.537635721E-2
5.670000000E0	2.153825397E-1	4.486702067E-2
5.680000000E0	2.173813103E-1	4.438617323E-2
5.690000000E0	2.197090603E-1	4.387176802E-2
5.700000000E0	2.220177844E-1	4.325752402E-2
5.710000000E0	2.243246171E-1	4.242906759E-2
5.720000000E0	2.267145414E-1	4.202774609E-2
5.730000000E0	2.295656544E-1	4.113525068E-2
5.740000000E0	2.322271892E-1	4.041179115E-2
5.750000000E0	2.353419414E-1	3.958470197E-2
5.760000000E0	2.384957284E-1	3.879020406E-2
5.770000000E0	2.417978220E-1	3.787052195E-2
5.780000000E0	2.452231293E-1	3.702475041E-2
5.790000000E0	2.486655884E-1	3.608525170E-2
5.800000000E0	2.522821255E-1	3.535625830E-2
5.810000000E0	2.562050166E-1	3.449344868E-2
5.820000000E0	2.599737083E-1	3.366811311E-2
5.830000000E0	2.640012437E-1	3.264210736E-2
5.840000000E0	2.682676389E-1	3.162836387E-2
5.850000000E0	2.725906256E-1	3.065352614E-2
5.860000000E0	2.770556637E-1	2.969271099E-2
5.870000000E0	2.815974099E-1	2.896707076E-2
5.880000000E0	2.860265238E-1	2.803196366E-2
5.890000000E0	2.906177121E-1	2.711742669E-2
5.900000000E0	2.955414709E-1	2.622020709E-2
5.910000000E0	3.004104990E-1	2.530769863E-2
5.920000000E0	3.054898305E-1	2.451175777E-2
5.930000000E0	3.104072995E-1	2.368683624E-2
5.940000000E0	3.156535704E-1	2.260222572E-2
5.950000000E0	3.208588506E-1	2.174901922E-2
5.960000000E0	3.260079200E-1	2.103850589E-2
5.970000000E0	3.312791953E-1	2.027672583E-2
5.980000000E0	3.367618174E-1	1.936866227E-2
5.990000000E0	3.422589808E-1	1.853365153E-2
6.000000000E0	3.477951512E-1	1.790716750E-2
6.010000000E0	3.533151597E-1	1.710656951E-2
6.020000000E0	3.589943463E-1	1.627613642E-2
6.030000000E0	3.649356919E-1	1.566517559E-2
6.040000000E0	3.708991582E-1	1.505154841E-2
6.050000000E0	3.767144333E-1	1.450787648E-2
6.060000000E0	3.828387606E-1	1.410655390E-2
6.070000000E0	3.887207872E-1	1.325014179E-2
6.080000000E0	3.949122211E-1	1.284803774E-2
6.090000000E0	4.007761929E-1	1.244835014E-2
6.100000000E0	4.070171560E-1	1.194052921E-2
6.110000000E0	4.131856929E-1	1.155488618E-2
6.120000000E0	4.192406298E-1	1.136753098E-2
6.130000000E0	4.254495376E-1	1.084079321E-2
6.140000000E0	4.315360112E-1	1.064260331E-2
6.150000000E0	4.378777919E-1	1.042816293E-2
6.160000000E0	4.440975260E-1	1.030439705E-2
6.170000000E0	4.502068117E-1	1.004221639E-2
6.180000000E0	4.566945110E-1	9.579593463E-3
6.190000000E0	4.630075657E-1	9.191257167E-3
6.200000000E0	4.692120424E-1	9.208689557E-3
6.210000000E0	4.754928558E-1	9.159843934E-3
6.220000000E0	4.819948854E-1	8.910105644E-3
6.230000000E0	4.884270365E-1	8.679558737E-3
6.240000000E0	4.947347334E-1	8.923293289E-3
6.250000000E0	5.008869822E-1	8.830127441E-3
6.260000000E0	5.073513285E-1	8.773319428E-3
6.270000000E0	5.137303264E-1	8.879052460E-3
6.280000000E0	5.199431026E-1	9.120429175E-3
6.290000000E0	5.261502449E-1	9.221949115E-3
6.300000000E0	5.326239637E-1	9.253938429E-3
6.310000000E0	5.387741365E-1	9.384151252E-3
6.320000000E0	5.449030396E-1	9.316555991E-3
6.330000000E0	5.512046455E-1	9.332927521E-3
6.340000000E0	5.573374249E-1	9.383765913E-3
6.350000000E0	5.635598890E-1	9.354056671E-3
6.360000000E0	5.696772779E-1	9.402919306E-3
6.370000000E0	5.757272322E-1	9.432222803E-3
6.380000000E0	5.816806051E-1	9.522402586E-3
6.390000000E0	5.877174209E-1	9.459931862E-3
6.400000000E0	5.935276248E-1	9.714490534E-3
6.410000000E0	5.995377630E-1	9.657203688E-3
6.420000000E0	6.055909922E-1	9.825473256E-3
6.430000000E0	6.114041724E-1	1.005525423E-2
6.440000000E0	6.175379226E-1	1.035881785E-2
6.450000000E0	6.233837914E-1	1.057532620E-2
6.460000000E0	6.294792004E-1	1.053794993E-2
6.470000000E0	6.353176960E-1	1.099325574E-2
6.480000000E0	6.410994860E-1	1.155242732E-2
6.490000000E0	6.471269675E-1	1.187542685E-2
6.500000000E0	6.528025560E-1	1.246233590E-2
6.510000000E0	6.584415458E-1	1.304814042E-2
6.520000000E0	6.639411253E-1	1.356012516E-2
6.530000000E0	6.694996645E-1	1.413175080E-2
6.540000000E0	6.749412089E-1	1.482355558E-2
6.550000000E0	6.803982831E-1	1.563514118E-2
6.560000000E0	6.858432457E-1	1.607830161E-2
6.570000000E0	6.911738337E-1	1.691385187E-2
6.580000000E0	6.961924775E-1	1.786010238E-2
6.590000000E0	7.013164486E-1	1.849296573E-2
6.600000000E0	7.063278586E-1	1.914700892E-2
6.610000000E0	7.113079969E-1	2.021808540E-2
6.620000000E0	7.159724868E-1	2.101862475E-2
6.630000000E0	7.207880380E-1	2.178651543E-2
6.640000000E0	7.254955435E-1	2.258006285E-2
6.650000000E0	7.299443319E-1	2.352037767E-2
6.660000000E0	7.343571897E-1	2.446408260E-2
6.670000000E0	7.386169424E-1	2.551024557E-2
6.680000000E0	7.428946248E-1	2.617774025E-2
6.690000000E0	7.467494891E-1	2.708941292E-2
6.700000000E0	7.506845645E-1	2.793850954E-2
6.710000000E0	7.542633485E-1	2.893751122E-2
6.720000000E0	7.577952115E-1	2.967789877E-2
6.730000000E0	7.613016382E-1	3.039197680E-2
6.740000000E0	7.644403652E-1	3.120543458E-2
6.750000000E0	7.675765195E-1	3.202947953E-2
6.760000000E0	7.707897210E-1	3.273509304E-2
6.770000000E0	7.737735343E-1	3.330253559E-2
6.780000000E0	7.764098088E-1	3.435375466E-2
6.790000000E0	7.793558764E-1	3.474746843E-2
6.800000000E0	7.818334453E-1	3.553514483E-2
6.810000000E0	7.842576421E-1	3.598725117E-2
6.820000000E0	7.864740383E-1	3.671077288E-2
6.830000000E0	7.886007293E-1	3.711871473E-2
6.840000000E0	7.906454884E-1	3.763552148E-2
6.850000000E0	7.927317513E-1	3.797724697E-2
6.860000000E0	7.947652369E-1	3.821322771E-2
6.870000000E0	7.961924419E-1	3.885788288E-2
6.880000000E0	7.978859377E-1	3.904748302E-2
6.890000000E0	7.993838001E-1	3.927770377E-2
6.900000000E0	8.005245455E-1	3.965413637E-2
6.910000000E0	8.016379040E-1	4.012305677E-2
6.920000000E0	8.026659566E-1	4.023278658E-2
6.930000000E0	8.035938933E-1	4.030144270E-2
6.940000000E0	8.040447544E-1	4.055024143E-2
6.950000000E0	8.047385813E-1	4.060040805E-2
6.960000000E0	8.049621983E-1	4.088823233E-2
6.970000000E0	8.051039981E-1	4.114229769E-2
6.980000000E0	8.051936991E-1	4.124255470E-2
6.990000000E0	8.050597353E-1	4.127091347E-2
7.000000000E0	8.049361780E-1	4.125421900E-2
7.010000000E0	8.048043455E-1	4.120560195E-2
7.020000000E0	8.042126323E-1	4.119994743E-2
7.030000000E0	8.036989449E-1	4.115477223E-2
7.040000000E0	8.028175857E-1	4.106878143E-2
7.050000000E0	8.019374349E-1	4.095078774E-2
7.060000000E0	8.008902529E-1	4.087006548E-2
7.070000000E0	7.996362544E-1	4.080910751E-2
7.080000000E0	7.983816410E-1	4.039613682E-2
7.090000000E0	7.971248110E-1	4.006477578E-2
7.100000000E0	7.957953700E-1	3.947067857E-2
7.110000000E0	7.939983201E-1	3.914677924E-2
7.120000000E0	7.923238017E-1	3.876386262E-2
7.130000000E0	7.906057010E-1	3.816505133E-2
7.140000000E0	7.884616667E-1	3.787808632E-2
7.150000000E0	7.863402420E-1	3.719010584E-2
7.160000000E0	7.840523245E-1	3.674358123E-2
7.170000000E0	7.817548576E-1	3.596828948E-2
7.180000000E0	7.793325796E-1	3.544413456E-2
7.190000000E0	7.765670127E-1	3.468773579E-2
7.200000000E0	7.739798751E-1	3.393418284E-2
7.210000000E0	7.709748091E-1	3.334105945E-2
7.220000000E0	7.680352546E-1	3.242455931E-2
7.230000000E0	7.651468129E-1	3.157592841E-2
7.240000000E0	7.618810621E-1	3.105308273E-2
7.250000000E0	7.586206343E-1	3.021422683E-2
7.260000000E0	7.552131908E-1	2.924910066E-2
7.270000000E0	7.517903454E-1	2.830093344E-2
7.280000000E0	7.482161359E-1	2.732272588E-2
7.290000000E0	7.443788276E-1	2.657943284E-2
7.300000000E0	7.406216313E-1	2.571277370E-2
7.310000000E0	7.365970727E-1	2.482830570E-2
7.320000000E0	7.323895095E-1	2.395316953E-2
7.330000000E0	7.281034586E-1	2.290738267E-2
7.340000000E0	7.237685998E-1	2.208216860E-2
7.350000000E0	7.191718606E-1	2.137071686E-2
7.360000000E0	7.146519606E-1	2.043766375E-2
7.370000000E0	7.101495639E-1	1.944876191E-2
7.380000000E0	7.056571325E-1	1.855220001E-2
7.390000000E0	7.009593085E-1	1.753099665E-2
7.400000000E0	6.959622595E-1	1.676401782E-2
7.410000000E0	6.911951830E-1	1.589859092E-2
7.420000000E0	6.860867528E-1	1.519717607E-2
7.430000000E0	6.812567615E-1	1.461909092E-2
7.440000000E0	6.760668907E-1	1.381972739E-2
7.450000000E0	6.708672048E-1	1.333181574E-2
7.460000000E0	6.658106865E-1	1.269347886E-2
7.470000000E0	6.604988976E-1	1.235360391E-2
7.480000000E0	6.551514634E-1	1.169654396E-2
7.490000000E0	6.497468948E-1	1.130275760E-2
7.500000000E0	6.442504149E-1	1.073807005E-2
7.510000000E0	6.387135696E-1	1.035275125E-2
7.520000000E0	6.331364430E-1	1.015076293E-2
7.530000000E0	6.276441147E-1	1.008375105E-2
7.540000000E0	6.220558913E-1	9.977776248E-3
7.550000000E0	6.165272691E-1	9.908780979E-3
7.560000000E0	6.110133084E-1	9.775698748E-3
7.570000000E0	6.055056798E-1	9.561512428E-3
7.580000000E0	5.999772463E-1	9.460521845E-3
7.590000000E0	5.944905443E-1	9.410962185E-3
7.600000000E0	5.890346329E-1	9.300083001E-3
7.610000000E0	5.834654674E-1	9.311834023E-3
7.620000000E0	5.779437756E-1	9.172799253E-3
7.630000000E0	5.724512385E-1	9.179189507E-3
7.640000000E0	5.669530974E-1	9.226055791E-3
7.650000000E0	5.614944262E-1	9.217979788E-3
7.660000000E0	5.559716989E-1	9.270021352E-3
7.670000000E0	5.504265106E-1	9.154802793E-3
7.680000000E0	5.449258675E-1	9.163536108E-3
7.690000000E0	5.394459143E-1	9.188697402E-3
7.700000000E0	5.339171712E-1	9.128352220E-3
7.710000000E0	5.284411011E-1	9.082501772E-3
7.720000000E0	5.229172469E-1	9.136156399E-3
7.730000000E0	5.173856063E-1	9.087354246E-3
7.740000000E0	5.119126136E-1	9.164865384E-3
7.750000000E0	5.064027334E-1	9.095605245E-3
7.760000000E0	5.009191648E-1	9.222142787E-3
7.770000000E0	4.954082086E-1	9.176467278E-3
7.780000000E0	4.899012482E-1	9.197582964E-3
7.790000000E0	4.844305233E-1	9.290022406E-3
7.800000000E0	4.789567000E-1	9.374238986E-3
7.810000000E0	4.735620310E-1	9.320348768E-3
7.820000000E0	4.680489541E-1	9.453926626E-3
7.830000000E0	4.627361734E-1	9.370711408E-3
7.840000000E0	4.574487018E-1	9.580334858E-3
7.850000000E0	4.522400402E-1	9.599599423E-3
7.860000000E0	4.468581083E-1	9.941850366E-3
7.870000000E0	4.415524846E-1	1.031607179E-2
7.880000000E0	4.365663476E-1	1.042277887E-2
7.890000000E0	4.313746001E-1	1.051372682E-2
7.900000000E0	4.261301628E-1	1.066262805E-2
7.910000000E0	4.211744665E-1	1.108917258E-2
7.920000000E0	4.160739557E-1	1.132159177E-2
7.930000000E0	4.113329230E-1	1.165892262E-2
7.940000000E0	4.061242173E-1	1.170066773E-2
7.950000000E0	4.014104210E-1	1.190260177E-2
7.960000000E0	3.964087824E-1	1.235397407E-2
7.970000000E0	3.916634691E-1	1.273271315E-2
7.980000000E0	3.869958908E-1	1.311310179E-2
7.990000000E0	3.826268134E-1	1.369726018E-2
8.000000000E0	3.782789362E-1	1.382945428E-2
8.010000000E0	3.738147958E-1	1.453779637E-2
8.020000000E0	3.694931486E-1	1.491618879E-2
8.030000000E0	3.651466500E-1	1.568445827E-2
8.040000000E0	3.608511637E-1	1.603775141E-2
8.050000000E0	3.565341407E-1	1.660696035E-2
8.060000000E0	3.522671471E-1	1.711214228E-2
8.070000000E0	3.481816932E-1	1.754861182E-2
8.080000000E0	3.442718998E-1	1.811359421E-2
8.090000000E0	3.402314164E-1	1.867443956E-2
8.100000000E0	3.365650489E-1	1.928153489E-2
8.110000000E0	3.326333986E-1	1.987115022E-2
8.120000000E0	3.289901982E-1	2.044003431E-2
8.130000000E0	3.255604444E-1	2.124066310E-2
8.140000000E0	3.221792699E-1	2.157741243E-2
8.150000000E0	3.188381140E-1	2.212744634E-2
8.160000000E0	3.156799584E-1	2.273665492E-2
8.170000000E0	3.124204498E-1	2.345139829E-2
8.180000000E0	3.092606853E-1	2.376132110E-2
8.190000000E0	3.061054733E-1	2.429643408E-2
8.200000000E0	3.035100413E-1	2.481513446E-2
8.210000000E0	3.004603801E-1	2.550434767E-2
8.220000000E0	2.979647753E-1	2.589031375E-2
8.230000000E0	2.951746163E-1	2.623122124E-2
8.240000000E0	2.925978912E-1	2.666542733E-2
8.250000000E0	2.903683633E-1	2.701512242E-2
8.260000000E0	2.880718144E-1	2.740694709E-2
8.270000000E0	2.859663203E-1	2.788936328E-2
8.280000000E0	2.838475569E-1	2.821343786E-2
8.290000000E0	2.817500687E-1	2.860761365E-2
8.300000000E0	2.799262625E-1	2.897318699E-2
8.310000000E0	2.781863677E-1	2.927831749E-2
8.320000000E0	2.764405043E-1	2.947587668E-2
8.330000000E0	2.749879754E-1	2.984910285E-2
8.340000000E0	2.736950333E-1	3.026422656E-2
8.350000000E0	2.724331374E-1	3.046369775E-2
8.360000000E0	2.713018216E-1	3.056002803E-2
8.370000000E0	2.704022867E-1	3.056925342E-2
8.380000000E0	2.694729376E-1	3.091979512E-2
8.390000000E0	2.685072026E-1	3.117556316E-2
8.400000000E0	2.680411626E-1	3.137846063E-2
8.410000000E0	2.673592605E-1	3.138801444E-2
8.420000000E0	2.671014594E-1	3.147979948E-2
8.430000000E0	2.665547536E-1	3.140318483E-2
8.440000000E0	2.662648424E-1	3.146805294E-2
8.450000000E0	2.662090149E-1	3.150624705E-2
8.460000000E0	2.662055043E-1	3.147517966E-2
8.470000000E0	2.662247133E-1	3.137146238E-2
8.480000000E0	2.664573023E-1	3.128247842E-2
8.490000000E0	2.670244520E-1	3.129468121E-2
8.500000000E0	2.673490279E-1	3.121388762E-2
8.510000000E0	2.681863457E-1	3.116337288E-2
8.520000000E0	2.687363512E-1	3.080816360E-2
8.530000000E0	2.694876046E-1	3.075736038E-2
8.540000000E0	2.705366236E-1	3.045121349E-2
8.550000000E0	2.716444511E-1	3.023219871E-2
8.560000000E0	2.727806035E-1	3.007661123E-2
8.570000000E0	2.739734454E-1	2.955983467E-2
8.580000000E0	2.753802742E-1	2.916110809E-2
8.590000000E0	2.769940382E-1	2.906006084E-2
8.600000000E0	2.784814910E-1	2.859174978E-2
8.610000000E0	2.803868005E-1	2.834570116E-2
8.620000000E0	2.823485386E-1	2.805405447E-2
8.630000000E0	2.844991370E-1	2.768706364E-2
8.640000000E0	2.866807644E-1	2.728015941E-2
8.650000000E0	2.890042081E-1	2.686606779E-2
8.660000000E0	2.914099583E-1	2.654339510E-2
8.670000000E0	2.937246344E-1	2.593416199E-2
8.680000000E0	2.960982209E-1	2.570191805E-2
8.690000000E0	2.989612884E-1	2.512372196E-2
8.700000000E0	3.015315379E-1	2.455250002E-2
8.710000000E0	3.045079469E-1	2.395864232E-2
8.720000000E0	3.071403000E-1	2.354580666E-2
8.730000000E0	3.102716334E-1	2.289188060E-2
8.740000000E0	3.134636436E-1	2.242981750E-2
8.750000000E0	3.165882736E-1	2.187234258E-2
8.760000000E0	3.199574248E-1	2.136346602E-2
8.770000000E0	3.233124130E-1	2.089241998E-2
8.780000000E0	3.267149286E-1	2.040810009E-2
8.790000000E0	3.300922694E-1	1.994515465E-2
8.800000000E0	3.334876727E-1	1.941073984E-2
8.810000000E0	3.372094937E-1	1.891611728E-2
8.820000000E0	3.409731658E-1	1.829174093E-2
8.830000000E0	3.444937781E-1	1.800084548E-2
8.840000000E0	3.484976175E-1	1.729146895E-2
8.850000000E0	3.522888705E-1	1.682988655E-2
8.860000000E0	3.564120667E-1	1.624574954E-2
8.870000000E0	3.603446581E-1	1.569770451E-2
8.880000000E0	3.643116455E-1	1.508422876E-2
8.890000000E0	3.685813516E-1	1.463971727E-2
8.900000000E0	3.729498087E-1	1.411540490E-2
8.910000000E0	3.773301292E-1	1.367051072E-2
8.920000000E0	3.817104464E-1	1.345982872E-2
8.930000000E0	3.860585178E-1	1.282737080E-2
8.940000000E0	3.906395897E-1	1.249145581E-2
8.950000000E0	3.950554033E-1	1.190761822E-2
8.960000000E0	3.995558214E-1	1.155575445E-2
8.970000000E0	4.040270388E-1	1.122280318E-2
8.980000000E0	4.085967531E-1	1.101344369E-2
8.990000000E0	4.133930696E-1	1.078919983E-2
9.000000000E0	4.181471792E-1	1.034329513E-2
9.010000000E0	4.226452519E-1	1.012090104E-2
9.020000000E0	4.273439096E-1	1.001220313E-2
9.030000000E0	4.321767880E-1	1.000653501E-2
9.040000000E0	4.369337130E-1	9.776063079E-3
9.050000000E0	4.415967082E-1	9.378529234E-3
9.060000000E0	4.465817773E-1	9.152262586E-3
9.070000000E0	4.512609388E-1	9.068717902E-3
9.080000000E0	4.559242245E-1	8.987255753E-3
9.090000000E0	4.610246694E-1	8.758454140E-3
9.100000000E0	4.656922382E-1	9.006613820E-3
9.110000000E0	4.703657761E-1	8.975760475E-3
9.120000000E0	4.752544194E-1	8.797172220E-3
9.130000000E0	4.799016564E-1	8.882457066E-3
9.140000000E0	4.846337278E-1	9.094087818E-3
9.150000000E0	4.896166081E-1	8.945271626E-3
9.160000000E0	4.943382383E-1	9.182658886E-3
9.170000000E0	4.991151422E-1	9.241358262E-3
9.180000000E0	5.040150530E-1	9.183113717E-3
9.190000000E0	5.086987121E-1	9.290333499E-3
9.200000000E0	5.137510253E-1	9.255074599E-3
9.210000000E0	5.185122620E-1	9.319536777E-3
9.220000000E0	5.232631333E-1	9.456599785E-3
9.230000000E0	5.281552967E-1	9.487052000E-3
9.240000000E0	5.328767579E-1	9.591937065E-3
9.250000000E0	5.375287376E-1	9.796376100E-3
9.260000000E0	5.424546114E-1	9.633385935E-3
9.270000000E0	5.471212822E-1	9.652432416E-3
9.280000000E0	5.515876616E-1	9.598383932E-3
9.290000000E0	5.562193341E-1	9.653350788E-3
9.300000000E0	5.610513858E-1	9.479745377E-3
9.310000000E0	5.657941417E-1	9.457181740E-3
9.320000000E0	5.703281551E-1	9.451490248E-3
9.330000000E0	5.748969086E-1	9.434031065E-3
9.340000000E0	5.794768533E-1	9.513686426E-3
9.350000000E0	5.841471035E-1	9.326451088E-3
9.360000000E0	5.889325901E-1	9.376080465E-3
9.370000000E0	5.934017260E-1	9.504449692E-3
9.380000000E0	5.978776670E-1	9.491067136E-3
9.390000000E0	6.023783954E-1	9.556970881E-3
9.400000000E0	6.068101590E-1	9.733672563E-3
9.410000000E0	6.113165630E-1	9.674703056E-3
9.420000000E0	6.156652547E-1	9.500462137E-3
9.430000000E0	6.200946734E-1	9.582506004E-3
9.440000000E0	6.244856262E-1	9.440124042E-3
9.450000000E0	6.289863445E-1	9.722722805E-3
9.460000000E0	6.332189092E-1	9.884921013E-3
9.470000000E0	6.375232420E-1	1.015959692E-2
9.480000000E0	6.418582777E-1	1.056487622E-2
9.490000000E0	6.462174674E-1	1.074146278E-2
