mass_A
t	x	y
0.000000000E0	-1.296622181E-2	1.356057964E1
1.000000000E-2	1.640522308E-2	1.354826636E1
2.000000000E-2	8.727127478E-2	1.348902077E1
3.000000000E-2	1.955874042E-1	1.342761762E1
4.000000000E-2	3.229794301E-1	1.334066366E1
5.000000000E-2	4.825926094E-1	1.323044750E1
6.000000000E-2	6.659032882E-1	1.310412963E1
7.000000000E-2	8.944133333E-1	1.293602168E1
8.000000000E-2	1.144324084E0	1.278600718E1
9.000000000E-2	1.422296408E0	1.258037788E1
1.000000000E-1	1.738117651E0	1.236757090E1
1.100000000E-1	2.082690265E0	1.214326448E1
1.200000000E-1	2.439180906E0	1.191527708E1
1.300000000E-1	2.852648176E0	1.167543749E1
1.400000000E-1	3.291457878E0	1.138070102E1
1.500000000E-1	3.730279394E0	1.116851590E1
1.600000000E-1	4.264438942E0	1.110423422E1
1.700000000E-1	4.850249194E0	1.094967622E1
1.800000000E-1	5.381482375E0	1.065752704E1
1.900000000E-1	5.953959323E0	1.020324519E1
2.000000000E-1	6.475688382E0	9.746143857E0
2.100000000E-1	7.114677674E0	9.423721358E0
2.200000000E-1	7.752951550E0	9.050372884E0
2.300000000E-1	8.397425111E0	8.727570699E0
2.400000000E-1	9.067187375E0	8.393891537E0
2.500000000E-1	9.753367897E0	8.090664742E0
2.600000000E-1	1.046572026E1	7.742846063E0
2.700000000E-1	1.122684217E1	7.414808210E0
2.800000000E-1	1.200099856E1	7.100311288E0
2.900000000E-1	1.279156385E1	6.784829151E0
3.000000000E-1	1.362608153E1	6.489563966E0
3.100000000E-1	1.444939741E1	6.194533206E0
3.200000000E-1	1.531274176E1	5.876416452E0
3.300000000E-1	1.619237703E1	5.594827118E0
3.400000000E-1	1.707071758E1	5.306227642E0
3.500000000E-1	1.796465359E1	5.025836864E0
3.600000000E-1	1.885011688E1	4.752306178E0
3.700000000E-1	1.976281919E1	4.485720152E0
3.800000000E-1	2.069897732E1	4.256625742E0
3.900000000E-1	2.161980168E1	3.988282221E0
4.000000000E-1	2.255300341E1	3.963433021E0
4.100000000E-1	2.355695175E1	3.859211415E0
4.200000000E-1	2.453479094E1	3.436835981E0
4.300000000E-1	2.555450524E1	3.155275661E0
4.400000000E-1	2.657453039E1	2.935572424E0
4.500000000E-1	2.759624620E1	2.735522659E0
4.600000000E-1	2.864190049E1	2.530133388E0
4.700000000E-1	2.966715477E1	2.320449263E0
4.800000000E-1	3.074033751E1	2.129409208E0
4.900000000E-1	3.179135458E1	1.958545368E0
5.000000000E-1	3.284317247E1	1.794421309E0
5.100000000E-1	3.392788747E1	1.639580209E0
5.200000000E-1	3.502259316E1	1.508050634E0
5.300000000E-1	3.609916388E1	1.349151595E0
5.400000000E-1	3.719473957E1	1.222979615E0
5.500000000E-1	3.828252878E1	1.115229364E0
5.600000000E-1	3.938198485E1	1.009445873E0
5.700000000E-1	4.047708496E1	9.160676849E-1
5.800000000E-1	4.157167971E1	1.007128236E0
5.900000000E-1	4.271033696E1	1.039858690E0
6.000000000E-1	4.378602019E1	7.889657661E-1
6.100000000E-1	4.489991117E1	7.624618373E-1
6.200000000E-1	4.602515288E1	7.359580415E-1
6.300000000E-1	4.711354016E1	7.016368927E-1
6.400000000E-1	4.821072233E1	6.589752465E-1
6.500000000E-1	4.932532922E1	6.517154138E-1
6.600000000E-1	5.043204449E1	6.572286390E-1
6.700000000E-1	5.155326309E1	6.538032540E-1
6.800000000E-1	5.268515892E1	6.607085455E-1
6.900000000E-1	5.379302005E1	6.659105593E-1
7.000000000E-1	5.489189842E1	7.008678771E-1
7.100000000E-1	5.599336993E1	6.979039792E-1
7.200000000E-1	5.706851690E1	6.992599678E-1
7.300000000E-1	5.816053932E1	7.058367218E-1
7.400000000E-1	5.922293433E1	6.990024710E-1
7.500000000E-1	6.028615345E1	7.840527014E-1
7.600000000E-1	6.134805048E1	1.064794767E0
7.700000000E-1	6.248068472E1	8.731799834E-1
7.800000000E-1	6.358740677E1	8.854004947E-1
7.900000000E-1	6.468110624E1	9.616081478E-1
8.000000000E-1	6.573088573E1	1.064022717E0
8.100000000E-1	6.675540235E1	1.186203474E0
8.200000000E-1	6.779619348E1	1.314043665E0
8.300000000E-1	6.881303145E1	1.434385572E0
8.400000000E-1	6.982023640E1	1.583990925E0
8.500000000E-1	7.081638483E1	1.737123953E0
8.600000000E-1	7.180607514E1	1.898505198E0
8.700000000E-1	7.278848521E1	2.084100913E0
8.800000000E-1	7.376889612E1	2.295303814E0
8.900000000E-1	7.473040176E1	2.501828465E0
9.000000000E-1	7.563685299E1	2.714469375E0
9.100000000E-1	7.652018090E1	2.925666469E0
9.200000000E-1	7.739550559E1	3.161277587E0
9.300000000E-1	7.825016817E1	3.379356093E0
9.400000000E-1	7.906404577E1	3.716692267E0
9.500000000E-1	7.988343232E1	3.977184046E0
9.600000000E-1	8.071533581E1	4.136140163E0
9.700000000E-1	8.150984576E1	4.370618378E0
9.800000000E-1	8.232130334E1	4.590500661E0
9.900000000E-1	8.314058569E1	4.836674091E0
1.000000000E0	8.390866550E1	5.062252726E0
1.010000000E0	8.466703708E1	5.293409011E0
1.020000000E0	8.537825317E1	5.524376905E0
1.030000000E0	8.609955337E1	5.753628267E0
1.040000000E0	8.677870376E1	5.983545999E0
1.050000000E0	8.744222153E1	6.200784388E0
1.060000000E0	8.808669636E1	6.423416321E0
1.070000000E0	8.867066108E1	6.681796470E0
1.080000000E0	8.925712071E1	6.927574262E0
1.090000000E0	8.983429996E1	7.144301783E0
1.100000000E0	9.038814387E1	7.371967178E0
1.110000000E0	9.090275255E1	7.601956899E0
1.120000000E0	9.140434632E1	7.823185375E0
1.130000000E0	9.186755146E1	8.045008287E0
1.140000000E0	9.230907598E1	8.257097316E0
1.150000000E0	9.274458078E1	8.435800550E0
1.160000000E0	9.316383504E1	8.625068836E0
1.170000000E0	9.353504982E1	8.817340448E0
1.180000000E0	9.389898129E1	8.998751240E0
1.190000000E0	9.426986435E1	9.161681715E0
1.200000000E0	9.459121194E1	9.344273603E0
1.210000000E0	9.489486642E1	9.482309791E0
1.220000000E0	9.517173565E1	9.617328669E0
1.230000000E0	9.542258711E1	9.762601388E0
1.240000000E0	9.564125897E1	9.895956637E0
1.250000000E0	9.584184245E1	1.001533664E1
1.260000000E0	9.604100298E1	1.012504973E1
1.270000000E0	9.618849982E1	1.021461348E1
1.280000000E0	9.633416013E1	1.028480408E1
1.290000000E0	9.646022917E1	1.035295349E1
1.300000000E0	9.655931570E1	1.039298731E1
1.310000000E0	9.661430090E1	1.044534032E1
1.320000000E0	9.668285832E1	1.046641290E1
1.330000000E0	9.670718921E1	1.047733891E1
1.340000000E0	9.670536722E1	1.046803961E1
1.350000000E0	9.667972241E1	1.045406848E1
1.360000000E0	9.660920754E1	1.044039088E1
1.370000000E0	9.653221524E1	1.037891298E1
1.380000000E0	9.642601185E1	1.033747237E1
1.390000000E0	9.628394901E1	1.025548091E1
1.400000000E0	9.615090940E1	1.015815441E1
1.410000000E0	9.596281771E1	1.005942480E1
1.420000000E0	9.575967479E1	9.941731382E0
1.430000000E0	9.551931487E1	9.817528509E0
1.440000000E0	9.527885756E1	9.696379477E0
1.450000000E0	9.501789815E1	9.558786298E0
1.460000000E0	9.472692258E1	9.393890425E0
1.470000000E0	9.440151612E1	9.240956203E0
1.480000000E0	9.406798532E1	9.065463882E0
1.490000000E0	9.371623166E1	8.876343154E0
1.500000000E0	9.331963625E1	8.701794890E0
1.510000000E0	9.293010846E1	8.501406787E0
1.520000000E0	9.250554629E1	8.294904939E0
1.530000000E0	9.206659315E1	8.098505528E0
1.540000000E0	9.160609211E1	7.874469248E0
1.550000000E0	9.109969698E1	7.653388711E0
1.560000000E0	9.060863668E1	7.436612493E0
1.570000000E0	9.008637015E1	7.204364785E0
1.580000000E0	8.953606379E1	6.984033343E0
1.590000000E0	8.898099347E1	6.756292890E0
1.600000000E0	8.839958170E1	6.515151955E0
1.610000000E0	8.778476432E1	6.295189754E0
1.620000000E0	8.716990005E1	6.067474408E0
1.630000000E0	8.654490843E1	5.834470341E0
1.640000000E0	8.588593604E1	5.629068506E0
1.650000000E0	8.520094089E1	5.401104627E0
1.660000000E0	8.448338938E1	5.180481439E0
1.670000000E0	8.377456801E1	4.961645601E0
1.680000000E0	8.303621534E1	4.738403671E0
1.690000000E0	8.227849367E1	4.516814640E0
1.700000000E0	8.151391347E1	4.285951595E0
1.710000000E0	8.073963604E1	4.096594780E0
1.720000000E0	7.994125253E1	3.982085148E0
1.730000000E0	7.916687023E1	3.753142996E0
1.740000000E0	7.839000997E1	3.480722310E0
1.750000000E0	7.757258459E1	3.264844796E0
1.760000000E0	7.674274375E1	3.072467097E0
1.770000000E0	7.588860431E1	2.852993329E0
1.780000000E0	7.503645516E1	2.651022466E0
1.790000000E0	7.414669075E1	2.440902015E0
1.800000000E0	7.323724011E1	2.239981202E0
1.810000000E0	7.233927104E1	2.053003576E0
1.820000000E0	7.144295737E1	1.875095755E0
1.830000000E0	7.053583033E1	1.705676697E0
1.840000000E0	6.959942762E1	1.559572505E0
1.850000000E0	6.868228910E1	1.432592878E0
1.860000000E0	6.773251665E1	1.302783806E0
1.870000000E0	6.680804290E1	1.205013616E0
1.880000000E0	6.585531373E1	1.098087797E0
1.890000000E0	6.492003841E1	1.013672220E0
1.900000000E0	6.395183563E1	9.061315610E-1
1.910000000E0	6.297438219E1	8.545236011E-1
1.920000000E0	6.200018927E1	9.900340550E-1
1.930000000E0	6.100037897E1	1.006207706E0
1.940000000E0	6.006659647E1	8.690003078E-1
1.950000000E0	5.910549321E1	8.411627820E-1
1.960000000E0	5.814253746E1	8.373892592E-1
1.970000000E0	5.719395232E1	8.643625043E-1
1.980000000E0	5.623830764E1	8.405944939E-1
1.990000000E0	5.529896296E1	8.522061553E-1
2.000000000E0	5.435523081E1	8.578431922E-1
2.010000000E0	5.339790673E1	8.326341190E-1
2.020000000E0	5.245762962E1	8.359971768E-1
2.030000000E0	5.149666600E1	8.383734499E-1
2.040000000E0	5.052530273E1	8.391431623E-1
2.050000000E0	4.958405534E1	8.641675564E-1
2.060000000E0	4.862512377E1	8.642719064E-1
2.070000000E0	4.766079524E1	8.680336046E-1
2.080000000E0	4.673233653E1	8.893122135E-1
2.090000000E0	4.578391085E1	9.041151153E-1
2.100000000E0	4.486000671E1	9.507504139E-1
2.110000000E0	4.392035945E1	9.953969996E-1
2.120000000E0	4.299410282E1	1.036411607E0
2.130000000E0	4.209580935E1	1.129529360E0
2.140000000E0	4.118713073E1	1.145045702E0
2.150000000E0	4.031054477E1	1.192161423E0
2.160000000E0	3.938761182E1	1.220635440E0
2.170000000E0	3.848187014E1	1.320997967E0
2.180000000E0	3.760113109E1	1.411470866E0
2.190000000E0	3.671365608E1	1.513059367E0
2.200000000E0	3.583856315E1	1.632818965E0
2.210000000E0	3.498808737E1	1.728944300E0
2.220000000E0	3.415449379E1	1.852366207E0
2.230000000E0	3.331782008E1	1.955819463E0
2.240000000E0	3.250323732E1	2.088672744E0
2.250000000E0	3.167214557E1	2.194992422E0
2.260000000E0	3.086326768E1	2.330495203E0
2.270000000E0	3.008906252E1	2.478294983E0
2.280000000E0	2.930133674E1	2.617617963E0
2.290000000E0	2.852394035E1	2.759997490E0
2.300000000E0	2.777515366E1	2.915179106E0
2.310000000E0	2.701889847E1	3.054620715E0
2.320000000E0	2.625678416E1	3.193862153E0
2.330000000E0	2.556303223E1	3.382673029E0
2.340000000E0	2.481628626E1	3.519771838E0
2.350000000E0	2.414164407E1	3.721930380E0
2.360000000E0	2.347640385E1	3.932131978E0
2.370000000E0	2.281723985E1	4.079542672E0
2.380000000E0	2.216880817E1	4.198028533E0
2.390000000E0	2.156314412E1	4.386951022E0
2.400000000E0	2.095093336E1	4.511123300E0
2.410000000E0	2.038115803E1	4.692200489E0
2.420000000E0	1.979443997E1	4.847204353E0
2.430000000E0	1.927537379E1	5.025450157E0
2.440000000E0	1.874156652E1	5.163912585E0
2.450000000E0	1.825167219E1	5.333319146E0
2.460000000E0	1.777101115E1	5.471573200E0
2.470000000E0	1.729372500E1	5.628994001E0
2.480000000E0	1.684457406E1	5.808513001E0
2.490000000E0	1.639680642E1	5.949215724E0
2.500000000E0	1.596461042E1	6.089252652E0
2.510000000E0	1.554891041E1	6.246667218E0
2.520000000E0	1.515680063E1	6.385691911E0
2.530000000E0	1.477626537E1	6.514267041E0
2.540000000E0	1.442926543E1	6.663850144E0
2.550000000E0	1.409715189E1	6.755102113E0
2.560000000E0	1.377874369E1	6.864202857E0
2.570000000E0	1.347919742E1	6.959880966E0
2.580000000E0	1.321977845E1	7.100823543E0
2.590000000E0	1.296763242E1	7.183318933E0
2.600000000E0	1.275642487E1	7.273268843E0
2.610000000E0	1.255206571E1	7.366267899E0
2.620000000E0	1.235032759E1	7.451499584E0
2.630000000E0	1.217129518E1	7.502043272E0
2.640000000E0	1.201785366E1	7.582450703E0
2.650000000E0	1.190184717E1	7.661247477E0
2.660000000E0	1.178915385E1	7.707204876E0
2.670000000E0	1.168759156E1	7.714364851E0
2.680000000E0	1.165876605E1	7.778841309E0
2.690000000E0	1.159295549E1	7.790567901E0
2.700000000E0	1.156558295E1	7.815767443E0
2.710000000E0	1.156119822E1	7.812585106E0
2.720000000E0	1.156957695E1	7.809454910E0
2.730000000E0	1.158848978E1	7.793902639E0
2.740000000E0	1.166532797E1	7.797392325E0
2.750000000E0	1.170151032E1	7.721220205E0
2.760000000E0	1.179767712E1	7.690304286E0
2.770000000E0	1.190150291E1	7.625417523E0
2.780000000E0	1.203440839E1	7.576801337E0
2.790000000E0	1.219041033E1	7.506988465E0
2.800000000E0	1.235263884E1	7.405059521E0
2.810000000E0	1.255670167E1	7.325080713E0
2.820000000E0	1.278620760E1	7.221831496E0
2.830000000E0	1.301314290E1	7.141619710E0
2.840000000E0	1.327422624E1	7.019839128E0
2.850000000E0	1.354847329E1	6.928418180E0
2.860000000E0	1.386039058E1	6.818817670E0
2.870000000E0	1.419636438E1	6.699517132E0
2.880000000E0	1.453880539E1	6.575726534E0
2.890000000E0	1.487709763E1	6.425732837E0
2.900000000E0	1.527226160E1	6.290902673E0
2.910000000E0	1.566281645E1	6.144485901E0
2.920000000E0	1.607953773E1	5.999266054E0
2.930000000E0	1.652191160E1	5.833430981E0
2.940000000E0	1.697276680E1	5.688262160E0
2.950000000E0	1.742337378E1	5.514317968E0
2.960000000E0	1.792195983E1	5.377182812E0
2.970000000E0	1.841040854E1	5.211726400E0
2.980000000E0	1.894218154E1	5.060566394E0
2.990000000E0	1.948343881E1	4.916772337E0
3.000000000E0	2.001109695E1	4.771405525E0
3.010000000E0	2.059164190E1	4.612434741E0
3.020000000E0	2.115108583E1	4.429981976E0
3.030000000E0	2.172259178E1	4.276934569E0
3.040000000E0	2.229226901E1	4.114950452E0
3.050000000E0	2.291969575E1	4.008620239E0
3.060000000E0	2.355821773E1	3.865376260E0
3.070000000E0	2.420464071E1	3.660085993E0
3.080000000E0	2.486628443E1	3.463273139E0
3.090000000E0	2.556030778E1	3.295732589E0
3.100000000E0	2.623351953E1	3.160748101E0
3.110000000E0	2.692656611E1	3.005912533E0
3.120000000E0	2.765384956E1	2.849271359E0
3.130000000E0	2.836220196E1	2.710146015E0
3.140000000E0	2.908918238E1	2.558524670E0
3.150000000E0	2.982239321E1	2.416581318E0
3.160000000E0	3.056015111E1	2.299138547E0
3.170000000E0	3.131600634E1	2.179186410E0
3.180000000E0	3.207374745E1	2.063092517E0
3.190000000E0	3.284787881E1	1.959375948E0
3.200000000E0	3.361881225E1	1.848866668E0
3.210000000E0	3.439792902E1	1.741085858E0
3.220000000E0	3.517726666E1	1.635479705E0
3.230000000E0	3.596225715E1	1.535135860E0
3.240000000E0	3.677306965E1	1.440270610E0
3.250000000E0	3.760126686E1	1.345116836E0
3.260000000E0	3.844345169E1	1.292321267E0
3.270000000E0	3.926044760E1	1.205658198E0
3.280000000E0	4.008887482E1	1.129079077E0
3.290000000E0	4.091065905E1	1.071677683E0
3.300000000E0	4.174084330E1	1.093333709E0
3.310000000E0	4.256076574E1	1.087753202E0
3.320000000E0	4.341294095E1	9.610095588E-1
3.330000000E0	4.423855392E1	9.422675901E-1
3.340000000E0	4.507843730E1	8.968469311E-1
3.350000000E0	4.590633562E1	8.724186495E-1
3.360000000E0	4.674596137E1	8.540436806E-1
3.370000000E0	4.757101132E1	8.403461953E-1
3.380000000E0	4.840332454E1	8.433128384E-1
3.390000000E0	4.926055584E1	8.474909919E-1
3.400000000E0	5.010031753E1	8.539490766E-1
3.410000000E0	5.093762954E1	8.601631583E-1
3.420000000E0	5.178568891E1	8.588743305E-1
3.430000000E0	5.262527417E1	8.624906924E-1
3.440000000E0	5.345713717E1	8.670714228E-1
3.450000000E0	5.426253234E1	8.790349538E-1
3.460000000E0	5.510220027E1	8.785316561E-1
3.470000000E0	5.591084978E1	8.931054342E-1
3.480000000E0	5.673479266E1	8.986223119E-1
3.490000000E0	5.755456315E1	9.022481111E-1
3.500000000E0	5.835327303E1	8.978083466E-1
3.510000000E0	5.916812890E1	8.971023388E-1
3.520000000E0	5.998261040E1	9.016153896E-1
3.530000000E0	6.076761683E1	9.875006277E-1
3.540000000E0	6.157255198E1	1.070144790E0
3.550000000E0	6.240437989E1	9.986553024E-1
3.560000000E0	6.320999007E1	1.014972267E0
3.570000000E0	6.402977468E1	1.044074874E0
3.580000000E0	6.483524288E1	1.104812809E0
3.590000000E0	6.560804016E1	1.186680471E0
3.600000000E0	6.637751029E1	1.264872194E0
3.610000000E0	6.714945571E1	1.340167772E0
3.620000000E0	6.791681371E1	1.428030745E0
3.630000000E0	6.866485072E1	1.527463961E0
3.640000000E0	6.938813931E1	1.635556260E0
3.650000000E0	7.012646558E1	1.747434160E0
3.660000000E0	7.082417631E1	1.863118310E0
3.670000000E0	7.153151494E1	1.976027248E0
3.680000000E0	7.221963139E1	2.098941339E0
3.690000000E0	7.289150903E1	2.233253023E0
3.700000000E0	7.355353079E1	2.391785653E0
3.710000000E0	7.421282722E1	2.525122311E0
3.720000000E0	7.487022831E1	2.661423967E0
3.730000000E0	7.549397147E1	2.817860039E0
3.740000000E0	7.609969766E1	2.962132904E0
3.750000000E0	7.670764971E1	3.098162194E0
3.760000000E0	7.729107554E1	3.255402100E0
3.770000000E0	7.784984345E1	3.407683839E0
3.780000000E0	7.840772040E1	3.547976000E0
3.790000000E0	7.892996652E1	3.731040279E0
3.800000000E0	7.942248401E1	3.877973116E0
3.810000000E0	7.993750618E1	4.006273198E0
3.820000000E0	8.042064315E1	4.133544984E0
3.830000000E0	8.090620533E1	4.264298903E0
3.840000000E0	8.137609547E1	4.398475155E0
3.850000000E0	8.182859214E1	4.513081976E0
3.860000000E0	8.226626026E1	4.629963606E0
3.870000000E0	8.269625051E1	4.737829893E0
3.880000000E0	8.312481753E1	4.857079274E0
3.890000000E0	8.350413183E1	4.980480318E0
3.900000000E0	8.388667457E1	5.079120509E0
3.910000000E0	8.424932801E1	5.205391280E0
3.920000000E0	8.458755068E1	5.317193961E0
3.930000000E0	8.491242428E1	5.404759807E0
3.940000000E0	8.523487275E1	5.507480532E0
3.950000000E0	8.552755202E1	5.601360082E0
3.960000000E0	8.579848465E1	5.711538274E0
3.970000000E0	8.604134756E1	5.812256867E0
3.980000000E0	8.630475314E1	5.863902007E0
3.990000000E0	8.653300157E1	5.944443607E0
4.000000000E0	8.671739644E1	6.038133549E0
4.010000000E0	8.690165944E1	6.090925682E0
4.020000000E0	8.707103479E1	6.148097893E0
4.030000000E0	8.722376018E1	6.201128995E0
4.040000000E0	8.734444967E1	6.251946670E0
4.050000000E0	8.746070248E1	6.281420689E0
4.060000000E0	8.756706101E1	6.307687904E0
4.070000000E0	8.766406236E1	6.323103288E0
4.080000000E0	8.774362820E1	6.321853073E0
4.090000000E0	8.777875934E1	6.353496154E0
4.100000000E0	8.779833267E1	6.381773375E0
4.110000000E0	8.780934054E1	6.376306812E0
4.120000000E0	8.779361907E1	6.382030506E0
4.130000000E0	8.777631002E1	6.367287815E0
4.140000000E0	8.775138737E1	6.345395658E0
4.150000000E0	8.767500394E1	6.345912233E0
4.160000000E0	8.759791124E1	6.300035170E0
4.170000000E0	8.749028765E1	6.267284011E0
4.180000000E0	8.735554275E1	6.228500042E0
4.190000000E0	8.722801322E1	6.174668613E0
4.200000000E0	8.709598823E1	6.130796693E0
4.210000000E0	8.690541581E1	6.059349361E0
4.220000000E0	8.672793885E1	6.002803343E0
4.230000000E0	8.650641237E1	5.925695161E0
4.240000000E0	8.626293906E1	5.839488292E0
4.250000000E0	8.601670704E1	5.747400926E0
4.260000000E0	8.577672801E1	5.680467740E0
4.270000000E0	8.547848151E1	5.599347104E0
4.280000000E0	8.521299484E1	5.495458393E0
4.290000000E0	8.490198247E1	5.393120448E0
4.300000000E0	8.457541241E1	5.289756466E0
4.310000000E0	8.424027381E1	5.180212624E0
4.320000000E0	8.389025712E1	5.066398156E0
4.330000000E0	8.349979214E1	4.956330721E0
4.340000000E0	8.313059961E1	4.839486660E0
4.350000000E0	8.270753986E1	4.727543092E0
4.360000000E0	8.229823269E1	4.610613597E0
4.370000000E0	8.185694182E1	4.502278260E0
4.380000000E0	8.140469395E1	4.392449667E0
4.390000000E0	8.094679636E1	4.275361127E0
4.400000000E0	8.049005272E1	4.162071958E0
4.410000000E0	8.001487545E1	4.050405858E0
4.420000000E0	7.951865668E1	3.924373026E0
4.430000000E0	7.903535271E1	3.784279492E0
4.440000000E0	7.851956753E1	3.624788924E0
4.450000000E0	7.799537883E1	3.491864820E0
4.460000000E0	7.743358534E1	3.337634213E0
4.470000000E0	7.687817053E1	3.187900737E0
4.480000000E0	7.631059053E1	3.060142113E0
4.490000000E0	7.574050041E1	2.930331151E0
4.500000000E0	7.512800999E1	2.760309825E0
4.510000000E0	7.453087756E1	2.638615526E0
4.520000000E0	7.389504936E1	2.506193270E0
4.530000000E0	7.325562836E1	2.377864712E0
4.540000000E0	7.259422548E1	2.233944219E0
4.550000000E0	7.193490888E1	2.090889623E0
4.560000000E0	7.125731692E1	1.969911187E0
4.570000000E0	7.058091115E1	1.862217389E0
4.580000000E0	6.991195887E1	1.756928368E0
4.590000000E0	6.923745105E1	1.648984902E0
4.600000000E0	6.856044206E1	1.538028963E0
4.610000000E0	6.784938758E1	1.435646151E0
4.620000000E0	6.714851334E1	1.341103667E0
4.630000000E0	6.645524527E1	1.263109547E0
4.640000000E0	6.573142592E1	1.170764657E0
4.650000000E0	6.503449412E1	1.095279256E0
4.660000000E0	6.429320027E1	1.015761962E0
4.670000000E0	6.354593461E1	9.643828516E-1
4.680000000E0	6.283155755E1	9.639066229E-1
4.690000000E0	6.208104461E1	9.949537773E-1
4.700000000E0	6.132806416E1	1.036489111E0
4.710000000E0	6.059620798E1	9.823087697E-1
4.720000000E0	5.986990043E1	9.119150539E-1
4.730000000E0	5.913209228E1	8.795157065E-1
4.740000000E0	5.841670120E1	8.769876795E-1
4.750000000E0	5.767547409E1	8.691008463E-1
4.760000000E0	5.694699771E1	8.511692268E-1
4.770000000E0	5.622205131E1	8.619198949E-1
4.780000000E0	5.549208862E1	8.412470362E-1
4.790000000E0	5.477718321E1	8.529865944E-1
4.800000000E0	5.403512172E1	8.430468199E-1
4.810000000E0	5.328570994E1	8.087408233E-1
4.820000000E0	5.257922767E1	7.956801446E-1
4.830000000E0	5.182705288E1	7.820122481E-1
4.840000000E0	5.109313368E1	7.681987676E-1
4.850000000E0	5.036678823E1	7.719535482E-1
4.860000000E0	4.962271033E1	7.778670330E-1
4.870000000E0	4.889480541E1	7.576135099E-1
4.880000000E0	4.816965534E1	7.703199640E-1
4.890000000E0	4.743379006E1	7.721086914E-1
4.900000000E0	4.673721444E1	7.871045093E-1
4.910000000E0	4.600519326E1	7.885645432E-1
4.920000000E0	4.530337177E1	8.069756021E-1
4.930000000E0	4.457066169E1	8.126922275E-1
4.940000000E0	4.388106067E1	8.409118596E-1
4.950000000E0	4.319391380E1	9.331211135E-1
4.960000000E0	4.251289759E1	1.064689701E0
4.970000000E0	4.182562797E1	1.076872388E0
4.980000000E0	4.112916643E1	1.053170781E0
4.990000000E0	4.044800199E1	1.101857209E0
5.000000000E0	3.978546825E1	1.155147189E0
5.010000000E0	3.909756731E1	1.215728122E0
5.020000000E0	3.845366696E1	1.284118932E0
5.030000000E0	3.779157160E1	1.339401058E0
5.040000000E0	3.715052537E1	1.398571369E0
5.050000000E0	3.649395489E1	1.441717685E0
5.060000000E0	3.585251896E1	1.528206746E0
5.070000000E0	3.524395235E1	1.632556447E0
5.080000000E0	3.462800048E1	1.718153672E0
5.090000000E0	3.401678202E1	1.809908462E0
5.100000000E0	3.342347619E1	1.863499170E0
5.110000000E0	3.284680441E1	1.967239895E0
5.120000000E0	3.227835655E1	2.066833007E0
5.130000000E0	3.171945217E1	2.164623444E0
5.140000000E0	3.117594074E1	2.260575915E0
5.150000000E0	3.061668953E1	2.334938761E0
5.160000000E0	3.008776553E1	2.425346902E0
5.170000000E0	2.955500165E1	2.526234293E0
5.180000000E0	2.902232701E1	2.619126769E0
5.190000000E0	2.853336088E1	2.737515442E0
5.200000000E0	2.802573734E1	2.832197471E0
5.210000000E0	2.755208221E1	2.945564826E0
5.220000000E0	2.707754257E1	3.056884706E0
5.230000000E0	2.658853129E1	3.128341778E0
5.240000000E0	2.613892139E1	3.206565818E0
5.250000000E0	2.570111369E1	3.302064297E0
5.260000000E0	2.527142762E1	3.396781954E0
5.270000000E0	2.487957476E1	3.513686624E0
5.280000000E0	2.448451832E1	3.600840003E0
5.290000000E0	2.412804733E1	3.726100384E0
5.300000000E0	2.378308467E1	3.843069645E0
5.310000000E0	2.343987853E1	3.948846443E0
5.320000000E0	2.310915888E1	4.015258088E0
5.330000000E0	2.280360105E1	4.074888421E0
5.340000000E0	2.248205226E1	4.107546877E0
5.350000000E0	2.218797617E1	4.176773314E0
5.360000000E0	2.192646116E1	4.278202311E0
5.370000000E0	2.165261805E1	4.299750786E0
5.380000000E0	2.140622656E1	4.373648835E0
5.390000000E0	2.117623683E1	4.419662528E0
5.400000000E0	2.096724057E1	4.486143122E0
5.410000000E0	2.074327133E1	4.529706586E0
5.420000000E0	2.059336117E1	4.614298987E0
5.430000000E0	2.039727516E1	4.631217656E0
5.440000000E0	2.027387466E1	4.703014215E0
5.450000000E0	2.012065993E1	4.739188816E0
5.460000000E0	1.998068924E1	4.740462853E0
5.470000000E0	1.985414404E1	4.775087432E0
5.480000000E0	1.974700013E1	4.776473780E0
5.490000000E0	1.969834810E1	4.836847550E0
5.500000000E0	1.962074769E1	4.834978146E0
5.510000000E0	1.955135351E1	4.831808588E0
5.520000000E0	1.951002811E1	4.852936103E0
5.530000000E0	1.949341147E1	4.864362179E0
5.540000000E0	1.949426054E1	4.864290344E0
5.550000000E0	1.950204314E1	4.849504561E0
5.560000000E0	1.951243641E1	4.841062302E0
5.570000000E0	1.954105060E1	4.822498560E0
5.580000000E0	1.960984202E1	4.836620038E0
5.590000000E0	1.966280887E1	4.796850300E0
5.600000000E0	1.973792267E1	4.801169673E0
5.610000000E0	1.982782616E1	4.789192101E0
5.620000000E0	1.994686634E1	4.734185551E0
5.630000000E0	2.006701034E1	4.710284734E0
5.640000000E0	2.018384886E1	4.644663075E0
5.650000000E0	2.036171823E1	4.633477807E0
5.660000000E0	2.053112105E1	4.576482919E0
5.670000000E0	2.070953057E1	4.539103704E0
5.680000000E0	2.092323978E1	4.502450869E0
5.690000000E0	2.112620719E1	4.427660062E0
5.700000000E0	2.137555995E1	4.378246659E0
5.710000000E0	2.160099222E1	4.300242360E0
5.720000000E0	2.183558215E1	4.219216479E0
5.730000000E0	2.212469935E1	4.163854100E0
5.740000000E0	2.238914067E1	4.077354855E0
5.750000000E0	2.270107620E1	4.058443195E0
5.760000000E0	2.301579018E1	3.990644480E0
5.770000000E0	2.334384882E1	3.935760214E0
5.780000000E0	2.368746286E1	3.850672304E0
5.790000000E0	2.403010505E1	3.749151163E0
5.800000000E0	2.437336038E1	3.632027116E0
5.810000000E0	2.476143074E1	3.527524223E0
5.820000000E0	2.514706905E1	3.437388331E0
5.830000000E0	2.556998048E1	3.362664147E0
5.840000000E0	2.599995873E1	3.279656935E0
5.850000000E0	2.643146651E1	3.180417054E0
5.860000000E0	2.687851707E1	3.086571409E0
5.870000000E0	2.732858803E1	2.985694056E0
5.880000000E0	2.778468143E1	2.879962328E0
5.890000000E0	2.823442115E1	2.777393934E0
5.900000000E0	2.869731054E1	2.665430162E0
5.910000000E0	2.920507817E1	2.597296532E0
5.920000000E0	2.969773697E1	2.509472090E0
5.930000000E0	3.020089219E1	2.420565202E0
5.940000000E0	3.070945781E1	2.334784074E0
5.950000000E0	3.122578747E1	2.235937311E0
5.960000000E0	3.176170561E1	2.161818631E0
5.970000000E0	3.230496563E1	2.076446432E0
5.980000000E0	3.285054008E1	1.989971447E0
5.990000000E0	3.340272793E1	1.901327945E0
6.000000000E0	3.395996948E1	1.814091224E0
6.010000000E0	3.454015030E1	1.734839700E0
6.020000000E0	3.511632416E1	1.657110645E0
6.030000000E0	3.571015414E1	1.566691754E0
6.040000000E0	3.629649957E1	1.510390550E0
6.050000000E0	3.691424359E1	1.436899584E0
6.060000000E0	3.751168800E1	1.387567165E0
6.070000000E0	3.813470998E1	1.326892031E0
6.080000000E0	3.874647279E1	1.265954912E0
6.090000000E0	3.935620482E1	1.215613866E0
6.100000000E0	3.998803225E1	1.173484199E0
6.110000000E0	4.058756304E1	1.120430263E0
6.120000000E0	4.122358352E1	1.105156772E0
6.130000000E0	4.183390672E1	1.105478632E0
6.140000000E0	4.245011170E1	1.103238417E0
6.150000000E0	4.309446969E1	1.008187014E0
6.160000000E0	4.373103493E1	9.535968434E-1
6.170000000E0	4.437656869E1	9.350492422E-1
6.180000000E0	4.498777585E1	8.894362890E-1
6.190000000E0	4.564377073E1	8.684086205E-1
6.200000000E0	4.629271349E1	8.562160379E-1
6.210000000E0	4.694463900E1	8.424923359E-1
6.220000000E0	4.757901472E1	8.293523526E-1
6.230000000E0	4.823103348E1	8.069635050E-1
6.240000000E0	4.885770356E1	7.758947716E-1
6.250000000E0	4.951072956E1	7.616444853E-1
6.260000000E0	5.015934266E1	7.625986319E-1
6.270000000E0	5.079858874E1	7.682502340E-1
6.280000000E0	5.141650136E1	7.583301786E-1
6.290000000E0	5.204263450E1	7.633123442E-1
6.300000000E0	5.269163907E1	7.725507427E-1
6.310000000E0	5.331965067E1	7.750880385E-1
6.320000000E0	5.394745355E1	7.874561920E-1
6.330000000E0	5.457680345E1	7.913199390E-1
6.340000000E0	5.521592467E1	7.895862914E-1
6.350000000E0	5.581721383E1	7.995926066E-1
6.360000000E0	5.644854410E1	7.976466502E-1
6.370000000E0	5.707741904E1	8.030053329E-1
6.380000000E0	5.769175908E1	8.032375523E-1
6.390000000E0	5.831792916E1	8.019227161E-1
6.400000000E0	5.894885855E1	7.968446257E-1
6.410000000E0	5.956358136E1	8.087029932E-1
6.420000000E0	6.018298930E1	8.444653488E-1
6.430000000E0	6.077622483E1	9.658810167E-1
6.440000000E0	6.139031732E1	1.053821777E0
6.450000000E0	6.204864430E1	1.003351539E0
6.460000000E0	6.263815021E1	9.786879661E-1
6.470000000E0	6.327243214E1	9.892220976E-1
6.480000000E0	6.385706123E1	1.017420868E0
6.490000000E0	6.447907952E1	1.075294873E0
6.500000000E0	6.505731754E1	1.127352052E0
6.510000000E0	6.561962365E1	1.189614094E0
6.520000000E0	6.618562671E1	1.229648039E0
6.530000000E0	6.673587774E1	1.298287778E0
6.540000000E0	6.728448283E1	1.358427265E0
6.550000000E0	6.783348150E1	1.422338694E0
6.560000000E0	6.837253476E1	1.496173908E0
6.570000000E0	6.891556353E1	1.555328364E0
6.580000000E0	6.945539470E1	1.637755847E0
6.590000000E0	6.998695021E1	1.726627050E0
6.600000000E0	7.048511185E1	1.803460483E0
6.610000000E0	7.100019269E1	1.871835799E0
6.620000000E0	7.147799619E1	1.962245961E0
6.630000000E0	7.198552064E1	2.055732624E0
6.640000000E0	7.245008818E1	2.155675404E0
6.650000000E0	7.290400713E1	2.236837424E0
6.660000000E0	7.334345339E1	2.317277646E0
6.670000000E0	7.377694263E1	2.409458052E0
6.680000000E0	7.420881826E1	2.497336458E0
6.690000000E0	7.463156971E1	2.593604895E0
6.700000000E0	7.501174815E1	2.667639653E0
6.710000000E0	7.540699401E1	2.756325543E0
6.720000000E0	7.575739836E1	2.848721609E0
6.730000000E0	7.611001847E1	2.927986440E0
6.740000000E0	7.644699002E1	3.002430117E0
6.750000000E0	7.676103442E1	3.083037782E0
6.760000000E0	7.708495775E1	3.159014651E0
6.770000000E0	7.739700401E1	3.235646563E0
6.780000000E0	7.765454139E1	3.294907819E0
6.790000000E0	7.793327403E1	3.355703937E0
6.800000000E0	7.818037131E1	3.411560777E0
6.810000000E0	7.841642272E1	3.489620512E0
6.820000000E0	7.863623254E1	3.547468552E0
6.830000000E0	7.884767128E1	3.629721088E0
6.840000000E0	7.906004978E1	3.718383533E0
6.850000000E0	7.924166621E1	3.787611500E0
6.860000000E0	7.943735825E1	3.841833198E0
6.870000000E0	7.959325961E1	3.879501371E0
6.880000000E0	7.975261423E1	3.924252162E0
6.890000000E0	7.989844030E1	3.977551725E0
6.900000000E0	8.003982532E1	3.996704940E0
6.910000000E0	8.016909962E1	4.021139627E0
6.920000000E0	8.027669202E1	4.075918823E0
6.930000000E0	8.037323341E1	4.091777023E0
6.940000000E0	8.043573593E1	4.098713290E0
6.950000000E0	8.049476058E1	4.108921461E0
6.960000000E0	8.053910615E1	4.106325127E0
6.970000000E0	8.058457493E1	4.109210210E0
6.980000000E0	8.060780530E1	4.101130031E0
6.990000000E0	8.061220032E1	4.096273286E0
7.000000000E0	8.061122651E1	4.095579071E0
7.010000000E0	8.060709310E1	4.090681310E0
7.020000000E0	8.059753342E1	4.083904747E0
7.030000000E0	8.055069078E1	4.087163387E0
7.040000000E0	8.049429547E1	4.080539655E0
7.050000000E0	8.041562358E1	4.074268731E0
7.060000000E0	8.035965540E1	4.070772416E0
7.070000000E0	8.027395152E1	4.059197836E0
7.080000000E0	8.016132378E1	4.016072117E0
7.090000000E0	8.005017200E1	3.981684365E0
7.100000000E0	7.993301632E1	3.967588899E0
7.110000000E0	7.978823250E1	3.950756341E0
7.120000000E0	7.962711161E1	3.889948429E0
7.130000000E0	7.947572240E1	3.861030909E0
7.140000000E0	7.929229957E1	3.801587308E0
7.150000000E0	7.909061590E1	3.753648001E0
7.160000000E0	7.887355424E1	3.674598718E0
7.170000000E0	7.866203536E1	3.610071392E0
7.180000000E0	7.841706602E1	3.535680487E0
7.190000000E0	7.818307597E1	3.477884057E0
7.200000000E0	7.794407475E1	3.420090576E0
7.210000000E0	7.765953002E1	3.337460439E0
7.220000000E0	7.739065915E1	3.287301071E0
7.230000000E0	7.708275862E1	3.200061695E0
7.240000000E0	7.677258836E1	3.112906372E0
7.250000000E0	7.645330074E1	3.044255903E0
7.260000000E0	7.610388748E1	2.968636597E0
7.270000000E0	7.576562756E1	2.876710967E0
7.280000000E0	7.541736383E1	2.795096828E0
7.290000000E0	7.506828495E1	2.716198322E0
7.300000000E0	7.467056758E1	2.626539110E0
7.310000000E0	7.429675087E1	2.535933699E0
7.320000000E0	7.388205161E1	2.437090813E0
7.330000000E0	7.345675883E1	2.349586597E0
7.340000000E0	7.303776234E1	2.262318113E0
7.350000000E0	7.257616405E1	2.190309083E0
7.360000000E0	7.212267183E1	2.094990007E0
7.370000000E0	7.167145640E1	2.010232395E0
7.380000000E0	7.121904766E1	1.933550544E0
7.390000000E0	7.073772008E1	1.859574937E0
7.400000000E0	7.024632227E1	1.769871650E0
7.410000000E0	6.977554587E1	1.708527140E0
7.420000000E0	6.925918305E1	1.632895516E0
7.430000000E0	6.877178587E1	1.552381720E0
7.440000000E0	6.825155846E1	1.477462847E0
7.450000000E0	6.772147935E1	1.407896219E0
7.460000000E0	6.719898534E1	1.328660268E0
7.470000000E0	6.667772399E1	1.295782531E0
7.480000000E0	6.615207060E1	1.221025037E0
7.490000000E0	6.561092854E1	1.177502839E0
7.500000000E0	6.506455717E1	1.109384822E0
7.510000000E0	6.451334636E1	1.073195910E0
7.520000000E0	6.395154889E1	9.984178625E-1
7.530000000E0	6.339737272E1	9.767125737E-1
7.540000000E0	6.285235199E1	9.626314941E-1
7.550000000E0	6.228759415E1	9.714332749E-1
7.560000000E0	6.174215793E1	1.017822056E0
7.570000000E0	6.116113510E1	1.009755860E0
7.580000000E0	6.059781741E1	9.794455854E-1
7.590000000E0	6.005454487E1	9.473956720E-1
7.600000000E0	5.949131516E1	9.548594357E-1
7.610000000E0	5.894788738E1	9.597618212E-1
7.620000000E0	5.839300846E1	9.608267941E-1
7.630000000E0	5.781702861E1	9.472855859E-1
7.640000000E0	5.724964550E1	9.539281660E-1
7.650000000E0	5.668813693E1	9.602740244E-1
7.660000000E0	5.612600661E1	9.665492635E-1
7.670000000E0	5.557066728E1	9.717323202E-1
7.680000000E0	5.501408015E1	9.703983922E-1
7.690000000E0	5.446011569E1	9.691737305E-1
7.700000000E0	5.390618068E1	9.685587738E-1
7.710000000E0	5.335594935E1	9.703150169E-1
7.720000000E0	5.280702313E1	9.592178110E-1
7.730000000E0	5.224980195E1	9.608304377E-1
7.740000000E0	5.169686215E1	9.614712546E-1
7.750000000E0	5.113574017E1	9.694498012E-1
7.760000000E0	5.057617524E1	9.755548313E-1
7.770000000E0	5.003272429E1	9.785552562E-1
7.780000000E0	4.947924924E1	9.815301068E-1
7.790000000E0	4.892408205E1	9.811876120E-1
7.800000000E0	4.837104252E1	9.837473374E-1
7.810000000E0	4.782074162E1	9.882050441E-1
7.820000000E0	4.727490970E1	9.927378098E-1
7.830000000E0	4.673775115E1	9.933654574E-1
7.840000000E0	4.619069814E1	1.003677341E0
7.850000000E0	4.564392323E1	1.020996628E0
7.860000000E0	4.510006764E1	1.032026873E0
7.870000000E0	4.455660156E1	1.056370166E0
7.880000000E0	4.401889858E1	1.086524316E0
7.890000000E0	4.350360018E1	1.090055993E0
7.900000000E0	4.299275315E1	1.107232014E0
7.910000000E0	4.246190646E1	1.150064112E0
7.920000000E0	4.194958219E1	1.174588921E0
7.930000000E0	4.143667331E1	1.197467281E0
7.940000000E0	4.091691576E1	1.206795896E0
7.950000000E0	4.043473643E1	1.237072504E0
7.960000000E0	3.992298834E1	1.252750864E0
7.970000000E0	3.945062263E1	1.298405325E0
7.980000000E0	3.893192978E1	1.319806000E0
7.990000000E0	3.846529234E1	1.389765646E0
8.000000000E0	3.797915794E1	1.410738235E0
8.010000000E0	3.748427705E1	1.448181071E0
8.020000000E0	3.703128803E1	1.510479833E0
8.030000000E0	3.655950235E1	1.540623393E0
8.040000000E0	3.612473008E1	1.608897931E0
8.050000000E0	3.568802954E1	1.647216880E0
8.060000000E0	3.526348365E1	1.718508227E0
8.070000000E0	3.483446034E1	1.765115679E0
8.080000000E0	3.440648002E1	1.830650413E0
8.090000000E0	3.398086300E1	1.866176414E0
8.100000000E0	3.360163494E1	1.944200219E0
8.110000000E0	3.319272991E1	1.983677923E0
8.120000000E0	3.282744471E1	2.057346602E0
8.130000000E0	3.243352900E1	2.093733239E0
8.140000000E0	3.208062681E1	2.169392719E0
8.150000000E0	3.173549221E1	2.207922252E0
8.160000000E0	3.139666829E1	2.268011542E0
8.170000000E0	3.107330546E1	2.310986372E0
8.180000000E0	3.075233984E1	2.383433016E0
8.190000000E0	3.043167067E1	2.421091834E0
8.200000000E0	3.012355390E1	2.489487285E0
8.210000000E0	2.986058668E1	2.529799419E0
8.220000000E0	2.956932373E1	2.599935068E0
8.230000000E0	2.930843807E1	2.640355485E0
8.240000000E0	2.904295194E1	2.700084034E0
8.250000000E0	2.877669220E1	2.751470182E0
8.260000000E0	2.855013369E1	2.827550749E0
8.270000000E0	2.832694068E1	2.860475754E0
8.280000000E0	2.811142899E1	2.921722294E0
8.290000000E0	2.789638108E1	2.964352108E0
8.300000000E0	2.769038591E1	2.999667200E0
8.310000000E0	2.753215988E1	3.057676222E0
8.320000000E0	2.734651823E1	3.082868603E0
8.330000000E0	2.719750228E1	3.121388126E0
8.340000000E0	2.704422552E1	3.157904318E0
8.350000000E0	2.689848762E1	3.191013892E0
8.360000000E0	2.677551539E1	3.209886578E0
8.370000000E0	2.666976710E1	3.255399855E0
8.380000000E0	2.656445801E1	3.290115272E0
8.390000000E0	2.646031885E1	3.300547225E0
8.400000000E0	2.636555060E1	3.307790287E0
8.410000000E0	2.631557134E1	3.320959256E0
8.420000000E0	2.624838831E1	3.326705413E0
8.430000000E0	2.621372865E1	3.346034340E0
8.440000000E0	2.618079502E1	3.333794878E0
8.450000000E0	2.616556472E1	3.312786561E0
8.460000000E0	2.613997981E1	3.306576064E0
8.470000000E0	2.613045828E1	3.302331543E0
8.480000000E0	2.613390321E1	3.298877248E0
8.490000000E0	2.614470922E1	3.291878991E0
8.500000000E0	2.619051324E1	3.292050275E0
8.510000000E0	2.623930826E1	3.283922362E0
8.520000000E0	2.630857250E1	3.267546045E0
8.530000000E0	2.636241644E1	3.259261250E0
8.540000000E0	2.644914954E1	3.236505517E0
8.550000000E0	2.655666247E1	3.189417492E0
8.560000000E0	2.666140223E1	3.171886360E0
8.570000000E0	2.678173763E1	3.143916976E0
8.580000000E0	2.689767064E1	3.103057299E0
8.590000000E0	2.702486844E1	3.069845047E0
8.600000000E0	2.719077958E1	3.046512721E0
8.610000000E0	2.734060096E1	2.981427136E0
8.620000000E0	2.752897389E1	2.953938214E0
8.630000000E0	2.769267870E1	2.885476517E0
8.640000000E0	2.789087076E1	2.851488414E0
8.650000000E0	2.810337565E1	2.825888789E0
8.660000000E0	2.832366346E1	2.769421513E0
8.670000000E0	2.854785038E1	2.732350079E0
8.680000000E0	2.877681954E1	2.675925511E0
8.690000000E0	2.901280222E1	2.625751619E0
8.700000000E0	2.929046469E1	2.588483610E0
8.710000000E0	2.955501312E1	2.529514993E0
8.720000000E0	2.985120103E1	2.505920386E0
8.730000000E0	3.011110119E1	2.433262464E0
8.740000000E0	3.042171238E1	2.397604166E0
8.750000000E0	3.073080608E1	2.326044334E0
8.760000000E0	3.104519613E1	2.275833905E0
8.770000000E0	3.135754656E1	2.218704633E0
8.780000000E0	3.167320476E1	2.173440463E0
8.790000000E0	3.200489803E1	2.111378546E0
8.800000000E0	3.234762926E1	2.058028308E0
8.810000000E0	3.270911753E1	1.998190156E0
8.820000000E0	3.307077932E1	1.958150011E0
8.830000000E0	3.344072484E1	1.892619529E0
8.840000000E0	3.383263775E1	1.850733008E0
8.850000000E0	3.420318892E1	1.775001750E0
8.860000000E0	3.461043062E1	1.738287458E0
8.870000000E0	3.501951683E1	1.674861289E0
8.880000000E0	3.542300803E1	1.624399371E0
8.890000000E0	3.583973580E1	1.558599769E0
8.900000000E0	3.626903861E1	1.516992935E0
8.910000000E0	3.670438612E1	1.449715858E0
8.920000000E0	3.714771456E1	1.416746826E0
8.930000000E0	3.759623059E1	1.384204200E0
8.940000000E0	3.804112060E1	1.327029983E0
8.950000000E0	3.849162659E1	1.286393418E0
8.960000000E0	3.893540240E1	1.221608282E0
8.970000000E0	3.939429346E1	1.187597631E0
8.980000000E0	3.987302053E1	1.149920787E0
8.990000000E0	4.034131199E1	1.091030728E0
9.000000000E0	4.079986230E1	1.070893856E0
9.010000000E0	4.126578135E1	1.050029994E0
9.020000000E0	4.175492103E1	1.085692820E0
9.030000000E0	4.222720860E1	1.097608480E0
9.040000000E0	4.269641933E1	1.061063786E0
9.050000000E0	4.319787465E1	9.857911242E-1
9.060000000E0	4.367118705E1	9.648032201E-1
9.070000000E0	4.416852427E1	9.488064679E-1
9.080000000E0	4.465826697E1	9.367895452E-1
9.090000000E0	4.516981112E1	9.029469486E-1
9.100000000E0	4.566187040E1	8.770674252E-1
9.110000000E0	4.617288498E1	8.596029428E-1
9.120000000E0	4.665325188E1	8.506247040E-1
9.130000000E0	4.717024789E1	8.416541382E-1
9.140000000E0	4.764730623E1	8.539783753E-1
9.150000000E0	4.816514715E1	8.516115134E-1
9.160000000E0	4.864803380E1	8.509928929E-1
9.170000000E0	4.916740480E1	8.514401448E-1
9.180000000E0	4.965496358E1	8.583033574E-1
9.190000000E0	5.016508414E1	8.596046773E-1
9.200000000E0	5.065532266E1	8.566585635E-1
9.210000000E0	5.115642752E1	8.658413151E-1
9.220000000E0	5.163564078E1	8.638675203E-1
9.230000000E0	5.214367274E1	8.710262267E-1
9.240000000E0	5.261620079E1	8.721120717E-1
9.250000000E0	5.312494682E1	8.795915732E-1
9.260000000E0	5.359588120E1	8.818904536E-1
9.270000000E0	5.409616366E1	8.810650147E-1
9.280000000E0	5.458260824E1	8.842558889E-1
9.290000000E0	5.505269529E1	8.828005990E-1
9.300000000E0	5.554907391E1	8.896295455E-1
9.310000000E0	5.602337414E1	8.852772278E-1
9.320000000E0	5.648558533E1	8.849164511E-1
9.330000000E0	5.698073490E1	8.902753693E-1
9.340000000E0	5.745286072E1	8.913505520E-1
9.350000000E0	5.792966722E1	8.863917774E-1
9.360000000E0	5.841783014E1	8.810200146E-1
9.370000000E0	5.888800913E1	8.873576386E-1
9.380000000E0	5.935665344E1	8.892664628E-1
9.390000000E0	5.983617859E1	8.990839242E-1
9.400000000E0	6.031289577E1	9.080868433E-1
9.410000000E0	6.076503185E1	9.808918373E-1
9.420000000E0	6.123681546E1	1.034535457E0
9.430000000E0	6.173535153E1	1.016626532E0
9.440000000E0	6.219013197E1	1.003868774E0
9.450000000E0	6.264645720E1	1.001893975E0
9.460000000E0	6.310590865E1	1.005703932E0
9.470000000E0	6.354751869E1	1.017455254E0
9.480000000E0	6.401686959E1	1.046661146E0
9.490000000E0	6.448609415E1	1.096530701E0
9.500000000E0	6.493091810E1	1.127850678E0
9.510000000E0	6.537465525E1	1.173882641E0
9.520000000E0	6.581304801E1	1.201997181E0
9.530000000E0	6.622840166E1	1.227143907E0
9.540000000E0	6.663723940E1	1.282204901E0
