mass_A
t	x	y
0.000000000E0	4.149816564E-4	1.402734791E-1
1.000000000E-2	6.735624372E-4	1.402196238E-1
2.000000000E-2	1.321093531E-3	1.399381636E-1
3.000000000E-2	2.173640688E-3	1.392370238E-1
4.000000000E-2	3.494072349E-3	1.382282225E-1
5.000000000E-2	4.940403646E-3	1.372530147E-1
6.000000000E-2	6.882558902E-3	1.359782176E-1
7.000000000E-2	9.055512693E-3	1.347236918E-1
8.000000000E-2	1.144625057E-2	1.330157874E-1
9.000000000E-2	1.397011575E-2	1.312895092E-1
1.000000000E-1	1.693292572E-2	1.293742719E-1
1.100000000E-1	2.001270789E-2	1.272446379E-1
1.200000000E-1	2.356980574E-2	1.249174463E-1
1.300000000E-1	2.732107185E-2	1.225545437E-1
1.400000000E-1	3.133240747E-2	1.198771558E-1
1.500000000E-1	3.575885859E-2	1.172042457E-1
1.600000000E-1	4.026332110E-2	1.152621339E-1
1.700000000E-1	4.679278103E-2	1.145846076E-1
1.800000000E-1	5.222397704E-2	1.127889351E-1
1.900000000E-1	5.787072766E-2	1.096744514E-1
2.000000000E-1	6.319871292E-2	1.048752025E-1
2.100000000E-1	6.868878870E-2	1.007885633E-1
2.200000000E-1	7.539132330E-2	9.791872019E-2
2.300000000E-1	8.189954902E-2	9.508359332E-2
2.400000000E-1	8.857594889E-2	9.172862451E-2
2.500000000E-1	9.538110065E-2	8.848745835E-2
2.600000000E-1	1.022378567E-1	8.489491285E-2
2.700000000E-1	1.097033470E-1	8.173273757E-2
2.800000000E-1	1.174118406E-1	7.850779318E-2
2.900000000E-1	1.252520461E-1	7.512296846E-2
3.000000000E-1	1.334334405E-1	7.198337575E-2
3.100000000E-1	1.416620779E-1	6.885428159E-2
3.200000000E-1	1.504792585E-1	6.599007998E-2
3.300000000E-1	1.590773554E-1	6.300032889E-2
3.400000000E-1	1.679046881E-1	5.998538371E-2
3.500000000E-1	1.769527683E-1	5.711856236E-2
3.600000000E-1	1.859220144E-1	5.425459642E-2
3.700000000E-1	1.950546278E-1	5.154388648E-2
3.800000000E-1	2.041998561E-1	4.917243741E-2
3.900000000E-1	2.135653312E-1	4.640176474E-2
4.000000000E-1	2.232905597E-1	4.397980682E-2
4.100000000E-1	2.331876985E-1	4.366617034E-2
4.200000000E-1	2.433169823E-1	4.094933045E-2
4.300000000E-1	2.532742371E-1	3.732941581E-2
4.400000000E-1	2.635754805E-1	3.474216275E-2
4.500000000E-1	2.741396769E-1	3.237032980E-2
4.600000000E-1	2.847928551E-1	3.038904889E-2
4.700000000E-1	2.954388744E-1	2.821443698E-2
4.800000000E-1	3.060905138E-1	2.649219686E-2
4.900000000E-1	3.167938366E-1	2.467137946E-2
5.000000000E-1	3.274808401E-1	2.300546546E-2
5.100000000E-1	3.383146465E-1	2.133231578E-2
5.200000000E-1	3.493460767E-1	1.984605542E-2
5.300000000E-1	3.604111042E-1	1.836688390E-2
5.400000000E-1	3.715982282E-1	1.744022240E-2
5.500000000E-1	3.827811962E-1	1.629142448E-2
5.600000000E-1	3.939880614E-1	1.526128707E-2
5.700000000E-1	4.049001108E-1	1.432758745E-2
5.800000000E-1	4.158166143E-1	1.396885456E-2
5.900000000E-1	4.269138890E-1	1.457503536E-2
6.000000000E-1	4.382485349E-1	1.291159062E-2
6.100000000E-1	4.496158823E-1	1.236047306E-2
6.200000000E-1	4.609864752E-1	1.205950308E-2
6.300000000E-1	4.723237226E-1	1.181840322E-2
6.400000000E-1	4.836064074E-1	1.185068459E-2
6.500000000E-1	4.950782823E-1	1.178734855E-2
6.600000000E-1	5.063365477E-1	1.161875890E-2
6.700000000E-1	5.175485903E-1	1.152902658E-2
6.800000000E-1	5.288303835E-1	1.134183838E-2
6.900000000E-1	5.401596494E-1	1.145984612E-2
7.000000000E-1	5.512207149E-1	1.145437737E-2
7.100000000E-1	5.622615882E-1	1.149904590E-2
7.200000000E-1	5.733339084E-1	1.168302192E-2
7.300000000E-1	5.843182205E-1	1.182798579E-2
7.400000000E-1	5.954155740E-1	1.205265106E-2
7.500000000E-1	6.063757727E-1	1.279242714E-2
7.600000000E-1	6.172298950E-1	1.436551050E-2
7.700000000E-1	6.285822404E-1	1.336674169E-2
7.800000000E-1	6.395369001E-1	1.389523235E-2
7.900000000E-1	6.506927066E-1	1.475371937E-2
8.000000000E-1	6.612509056E-1	1.560211712E-2
8.100000000E-1	6.717998214E-1	1.658169658E-2
8.200000000E-1	6.823621255E-1	1.770127060E-2
8.300000000E-1	6.927107041E-1	1.902454843E-2
8.400000000E-1	7.028264797E-1	2.057488731E-2
8.500000000E-1	7.128913798E-1	2.229029590E-2
8.600000000E-1	7.227956432E-1	2.434825405E-2
8.700000000E-1	7.326269756E-1	2.632013770E-2
8.800000000E-1	7.424455451E-1	2.807031861E-2
8.900000000E-1	7.521032104E-1	3.000914259E-2
9.000000000E-1	7.613306223E-1	3.226919248E-2
9.100000000E-1	7.706458773E-1	3.435296942E-2
9.200000000E-1	7.796055273E-1	3.653972256E-2
9.300000000E-1	7.884616749E-1	3.885148572E-2
9.400000000E-1	7.965782412E-1	4.222455611E-2
9.500000000E-1	8.052952952E-1	4.443325184E-2
9.600000000E-1	8.139247571E-1	4.581223627E-2
9.700000000E-1	8.221413263E-1	4.826444878E-2
9.800000000E-1	8.304157130E-1	5.072660345E-2
9.900000000E-1	8.384536874E-1	5.313565051E-2
1.000000000E0	8.461765511E-1	5.538411530E-2
1.010000000E0	8.538546246E-1	5.764140090E-2
1.020000000E0	8.612903518E-1	5.994995413E-2
1.030000000E0	8.682794497E-1	6.249894015E-2
1.040000000E0	8.751093647E-1	6.514448603E-2
1.050000000E0	8.816726525E-1	6.756875082E-2
1.060000000E0	8.881131148E-1	6.971769140E-2
1.070000000E0	8.944587884E-1	7.195124596E-2
1.080000000E0	9.003021925E-1	7.424113128E-2
1.090000000E0	9.059692618E-1	7.666967463E-2
1.100000000E0	9.113997291E-1	7.885370674E-2
1.110000000E0	9.167700393E-1	8.093312032E-2
1.120000000E0	9.220701587E-1	8.303629454E-2
1.130000000E0	9.268642522E-1	8.528909843E-2
1.140000000E0	9.314685651E-1	8.751668699E-2
1.150000000E0	9.357858871E-1	8.970690811E-2
1.160000000E0	9.399222686E-1	9.176635851E-2
1.170000000E0	9.438610443E-1	9.380688611E-2
1.180000000E0	9.475718862E-1	9.586010080E-2
1.190000000E0	9.509986374E-1	9.773522522E-2
1.200000000E0	9.540850604E-1	9.921025308E-2
1.210000000E0	9.569615828E-1	1.006185953E-1
1.220000000E0	9.596335094E-1	1.017133286E-1
1.230000000E0	9.619470138E-1	1.027815595E-1
1.240000000E0	9.640540047E-1	1.038390168E-1
1.250000000E0	9.659726896E-1	1.047926326E-1
1.260000000E0	9.674452508E-1	1.056666254E-1
1.270000000E0	9.687528627E-1	1.064706106E-1
1.280000000E0	9.697718589E-1	1.069874780E-1
1.290000000E0	9.707528720E-1	1.073212577E-1
1.300000000E0	9.714047745E-1	1.076613831E-1
1.310000000E0	9.717981119E-1	1.075329687E-1
1.320000000E0	9.719131784E-1	1.074629263E-1
1.330000000E0	9.718759260E-1	1.073195390E-1
1.340000000E0	9.716693756E-1	1.071084526E-1
1.350000000E0	9.708904059E-1	1.070167248E-1
1.360000000E0	9.700908601E-1	1.063770398E-1
1.370000000E0	9.688092459E-1	1.058973141E-1
1.380000000E0	9.676655686E-1	1.049922848E-1
1.390000000E0	9.663338948E-1	1.040031846E-1
1.400000000E0	9.644722901E-1	1.030756830E-1
1.410000000E0	9.626591278E-1	1.017767296E-1
1.420000000E0	9.606754044E-1	1.006210873E-1
1.430000000E0	9.581546225E-1	9.943056048E-2
1.440000000E0	9.553715968E-1	9.809204228E-2
1.450000000E0	9.524612151E-1	9.641543735E-2
1.460000000E0	9.493739856E-1	9.495766091E-2
1.470000000E0	9.463432809E-1	9.318244300E-2
1.480000000E0	9.428122001E-1	9.156922603E-2
1.490000000E0	9.390126450E-1	8.971414717E-2
1.500000000E0	9.352735287E-1	8.776071369E-2
1.510000000E0	9.310273275E-1	8.593312056E-2
1.520000000E0	9.265669816E-1	8.398632083E-2
1.530000000E0	9.219105155E-1	8.194561378E-2
1.540000000E0	9.169719867E-1	7.981690613E-2
1.550000000E0	9.119696696E-1	7.758152480E-2
1.560000000E0	9.067724173E-1	7.547890654E-2
1.570000000E0	9.012704970E-1	7.310660764E-2
1.580000000E0	8.956657273E-1	7.106455368E-2
1.590000000E0	8.899273056E-1	6.879895566E-2
1.600000000E0	8.838157834E-1	6.665135952E-2
1.610000000E0	8.778469414E-1	6.452771700E-2
1.620000000E0	8.714559937E-1	6.215747359E-2
1.630000000E0	8.649194899E-1	5.997106544E-2
1.640000000E0	8.582852295E-1	5.775448645E-2
1.650000000E0	8.514955846E-1	5.565323186E-2
1.660000000E0	8.445257487E-1	5.344937160E-2
1.670000000E0	8.373647055E-1	5.127247889E-2
1.680000000E0	8.298592310E-1	4.898552967E-2
1.690000000E0	8.225435905E-1	4.660919160E-2
1.700000000E0	8.149299013E-1	4.432682651E-2
1.710000000E0	8.072178866E-1	4.430951956E-2
1.720000000E0	7.991680345E-1	4.304548939E-2
1.730000000E0	7.912188499E-1	3.948517669E-2
1.740000000E0	7.831709432E-1	3.688164711E-2
1.750000000E0	7.753238814E-1	3.448128628E-2
1.760000000E0	7.668327201E-1	3.223724693E-2
1.770000000E0	7.585907612E-1	3.023155857E-2
1.780000000E0	7.502053718E-1	2.814271385E-2
1.790000000E0	7.414255230E-1	2.599846753E-2
1.800000000E0	7.326711155E-1	2.397116626E-2
1.810000000E0	7.236530780E-1	2.226676629E-2
1.820000000E0	7.147268482E-1	2.070138894E-2
1.830000000E0	7.056816067E-1	1.911960947E-2
1.840000000E0	6.964390354E-1	1.776489082E-2
1.850000000E0	6.871164496E-1	1.633220995E-2
1.860000000E0	6.777552588E-1	1.539267579E-2
1.870000000E0	6.683137514E-1	1.432388272E-2
1.880000000E0	6.588157743E-1	1.335191518E-2
1.890000000E0	6.494917990E-1	1.247467576E-2
1.900000000E0	6.398229503E-1	1.162351392E-2
1.910000000E0	6.304270952E-1	1.122901589E-2
1.920000000E0	6.209040469E-1	1.405629602E-2
1.930000000E0	6.114979505E-1	1.416052840E-2
1.940000000E0	6.019973076E-1	1.144294933E-2
1.950000000E0	5.925890970E-1	1.089686795E-2
1.960000000E0	5.830477102E-1	1.111700682E-2
1.970000000E0	5.735103054E-1	1.091986734E-2
1.980000000E0	5.641824426E-1	1.080394809E-2
1.990000000E0	5.547857682E-1	1.067102093E-2
2.000000000E0	5.454829922E-1	1.090389423E-2
2.010000000E0	5.360936854E-1	1.081593946E-2
2.020000000E0	5.268952557E-1	1.093855401E-2
2.030000000E0	5.175012809E-1	1.086561909E-2
2.040000000E0	5.082591896E-1	1.094451564E-2
2.050000000E0	4.989312685E-1	1.102349256E-2
2.060000000E0	4.896146633E-1	1.114635226E-2
2.070000000E0	4.805229979E-1	1.135301374E-2
2.080000000E0	4.714137430E-1	1.129601347E-2
2.090000000E0	4.620511689E-1	1.138282803E-2
2.100000000E0	4.530080037E-1	1.187784802E-2
2.110000000E0	4.436199189E-1	1.200835645E-2
2.120000000E0	4.344776418E-1	1.317912254E-2
2.130000000E0	4.255376414E-1	1.465749746E-2
2.140000000E0	4.166703219E-1	1.437029211E-2
2.150000000E0	4.078821927E-1	1.451785183E-2
2.160000000E0	3.991256414E-1	1.518395244E-2
2.170000000E0	3.901982734E-1	1.579187257E-2
2.180000000E0	3.815665706E-1	1.648068481E-2
2.190000000E0	3.728812810E-1	1.729045820E-2
2.200000000E0	3.641782645E-1	1.838448543E-2
2.210000000E0	3.556689512E-1	1.969181773E-2
2.220000000E0	3.471632780E-1	2.075584868E-2
2.230000000E0	3.389094697E-1	2.205454355E-2
2.240000000E0	3.306707763E-1	2.311601342E-2
2.250000000E0	3.227373296E-1	2.440577292E-2
2.260000000E0	3.148417315E-1	2.566376657E-2
2.270000000E0	3.071973645E-1	2.708619376E-2
2.280000000E0	2.995896614E-1	2.833517268E-2
2.290000000E0	2.920132161E-1	2.979856449E-2
2.300000000E0	2.848877606E-1	3.116182778E-2
2.310000000E0	2.775231745E-1	3.256556693E-2
2.320000000E0	2.704366446E-1	3.396479898E-2
2.330000000E0	2.633383031E-1	3.543402231E-2
2.340000000E0	2.564945215E-1	3.695981085E-2
2.350000000E0	2.497180529E-1	3.871337570E-2
2.360000000E0	2.431918482E-1	4.087902308E-2
2.370000000E0	2.366331753E-1	4.306899109E-2
2.380000000E0	2.301975007E-1	4.425666647E-2
2.390000000E0	2.241523604E-1	4.540799022E-2
2.400000000E0	2.182323841E-1	4.660488674E-2
2.410000000E0	2.124314233E-1	4.836483555E-2
2.420000000E0	2.068747768E-1	4.979568297E-2
2.430000000E0	2.018068019E-1	5.148651539E-2
2.440000000E0	1.967430625E-1	5.314975167E-2
2.450000000E0	1.917140885E-1	5.451889571E-2
2.460000000E0	1.868517185E-1	5.616868858E-2
2.470000000E0	1.822223733E-1	5.760929482E-2
2.480000000E0	1.777444805E-1	5.909325032E-2
2.490000000E0	1.736080140E-1	6.055050284E-2
2.500000000E0	1.693648955E-1	6.182843222E-2
2.510000000E0	1.654429185E-1	6.302841984E-2
2.520000000E0	1.615148215E-1	6.440518246E-2
2.530000000E0	1.579197050E-1	6.571494740E-2
2.540000000E0	1.544887987E-1	6.681712884E-2
2.550000000E0	1.514706673E-1	6.785384786E-2
2.560000000E0	1.483059626E-1	6.880224827E-2
2.570000000E0	1.452936554E-1	6.982021920E-2
2.580000000E0	1.427106079E-1	7.098143167E-2
2.590000000E0	1.402832487E-1	7.202294812E-2
2.600000000E0	1.381505733E-1	7.302493994E-2
2.610000000E0	1.360894763E-1	7.392134157E-2
2.620000000E0	1.339457810E-1	7.456348804E-2
2.630000000E0	1.321519534E-1	7.506361223E-2
2.640000000E0	1.306545298E-1	7.605343182E-2
2.650000000E0	1.293332459E-1	7.651781782E-2
2.660000000E0	1.283260494E-1	7.711535049E-2
2.670000000E0	1.273096412E-1	7.743428004E-2
2.680000000E0	1.263124173E-1	7.758024733E-2
2.690000000E0	1.260557654E-1	7.812269815E-2
2.700000000E0	1.254270435E-1	7.798542604E-2
2.710000000E0	1.251415086E-1	7.834735969E-2
2.720000000E0	1.251482025E-1	7.840688196E-2
2.730000000E0	1.252147814E-1	7.830415768E-2
2.740000000E0	1.255835894E-1	7.808885160E-2
2.750000000E0	1.261523724E-1	7.807939795E-2
2.760000000E0	1.269145605E-1	7.779733232E-2
2.770000000E0	1.280642985E-1	7.735975404E-2
2.780000000E0	1.293268060E-1	7.670811144E-2
2.790000000E0	1.306914953E-1	7.609754092E-2
2.800000000E0	1.322296415E-1	7.523724019E-2
2.810000000E0	1.340046523E-1	7.462648260E-2
2.820000000E0	1.360679624E-1	7.394484910E-2
2.830000000E0	1.382643023E-1	7.307308914E-2
2.840000000E0	1.405686530E-1	7.215826514E-2
2.850000000E0	1.429854256E-1	7.086040349E-2
2.860000000E0	1.459048197E-1	6.989102041E-2
2.870000000E0	1.488786256E-1	6.855220486E-2
2.880000000E0	1.517509116E-1	6.740232075E-2
2.890000000E0	1.549487591E-1	6.630105693E-2
2.900000000E0	1.583860886E-1	6.506390680E-2
2.910000000E0	1.619460704E-1	6.370593828E-2
2.920000000E0	1.658387994E-1	6.266232919E-2
2.930000000E0	1.695646639E-1	6.121173535E-2
2.940000000E0	1.736764233E-1	5.995393744E-2
2.950000000E0	1.780723205E-1	5.849347097E-2
2.960000000E0	1.825115900E-1	5.707198781E-2
2.970000000E0	1.869753366E-1	5.577951676E-2
2.980000000E0	1.915997726E-1	5.413782968E-2
2.990000000E0	1.966890726E-1	5.278967530E-2
3.000000000E0	2.015337135E-1	5.102441609E-2
3.010000000E0	2.068656145E-1	4.965018389E-2
3.020000000E0	2.122183734E-1	4.792603798E-2
3.030000000E0	2.178818158E-1	4.631398884E-2
3.040000000E0	2.234021987E-1	4.476385184E-2
3.050000000E0	2.293618391E-1	4.398783392E-2
3.060000000E0	2.354910768E-1	4.323035519E-2
3.070000000E0	2.419381014E-1	4.127969268E-2
3.080000000E0	2.481852795E-1	3.911525494E-2
3.090000000E0	2.544681254E-1	3.744027308E-2
3.100000000E0	2.610799502E-1	3.595556319E-2
3.110000000E0	2.677380180E-1	3.445066146E-2
3.120000000E0	2.745221505E-1	3.310760382E-2
3.130000000E0	2.814303159E-1	3.176288173E-2
3.140000000E0	2.884591687E-1	3.028084857E-2
3.150000000E0	2.953795552E-1	2.885149347E-2
3.160000000E0	3.027253948E-1	2.771113582E-2
3.170000000E0	3.097513918E-1	2.643039247E-2
3.180000000E0	3.172236358E-1	2.526231774E-2
3.190000000E0	3.247776543E-1	2.407958329E-2
3.200000000E0	3.324263702E-1	2.296947060E-2
3.210000000E0	3.402481596E-1	2.184630119E-2
3.220000000E0	3.480445151E-1	2.093991987E-2
3.230000000E0	3.559628141E-1	1.989576224E-2
3.240000000E0	3.638110876E-1	1.887290520E-2
3.250000000E0	3.718182737E-1	1.801884103E-2
3.260000000E0	3.799023101E-1	1.719790706E-2
3.270000000E0	3.878808351E-1	1.651343319E-2
3.280000000E0	3.958520824E-1	1.564498468E-2
3.290000000E0	4.038358922E-1	1.523364429E-2
3.300000000E0	4.119579421E-1	1.482783389E-2
3.310000000E0	4.199856881E-1	1.460887521E-2
3.320000000E0	4.280022786E-1	1.452551777E-2
3.330000000E0	4.363007287E-1	1.341109187E-2
3.340000000E0	4.444109433E-1	1.317154073E-2
3.350000000E0	4.527653398E-1	1.283550284E-2
3.360000000E0	4.611025674E-1	1.279707983E-2
3.370000000E0	4.695818994E-1	1.263326175E-2
3.380000000E0	4.777848601E-1	1.237805974E-2
3.390000000E0	4.861645413E-1	1.225830286E-2
3.400000000E0	4.945642533E-1	1.212852921E-2
3.410000000E0	5.027773852E-1	1.216208821E-2
3.420000000E0	5.110878088E-1	1.207805171E-2
3.430000000E0	5.193623069E-1	1.219355371E-2
3.440000000E0	5.273723423E-1	1.238857603E-2
3.450000000E0	5.355884701E-1	1.229598054E-2
3.460000000E0	5.436456601E-1	1.247907368E-2
3.470000000E0	5.515992748E-1	1.238437402E-2
3.480000000E0	5.598449741E-1	1.232982978E-2
3.490000000E0	5.679609622E-1	1.237432939E-2
3.500000000E0	5.758779843E-1	1.256006155E-2
3.510000000E0	5.841583970E-1	1.261328255E-2
3.520000000E0	5.922278912E-1	1.258684547E-2
3.530000000E0	6.001032952E-1	1.279780891E-2
3.540000000E0	6.081700159E-1	1.347466447E-2
3.550000000E0	6.157759317E-1	1.445143058E-2
3.560000000E0	6.238761176E-1	1.416971686E-2
3.570000000E0	6.318885517E-1	1.430301149E-2
3.580000000E0	6.396886811E-1	1.460324451E-2
3.590000000E0	6.474597840E-1	1.533606844E-2
3.600000000E0	6.551340964E-1	1.601149700E-2
3.610000000E0	6.627326172E-1	1.654209296E-2
3.620000000E0	6.703076098E-1	1.741194559E-2
3.630000000E0	6.775509937E-1	1.837881665E-2
3.640000000E0	6.849818086E-1	1.940561386E-2
3.650000000E0	6.925003763E-1	2.029455063E-2
3.660000000E0	6.995126372E-1	2.151721483E-2
3.670000000E0	7.068359114E-1	2.241774769E-2
3.680000000E0	7.137873783E-1	2.351866699E-2
3.690000000E0	7.206781915E-1	2.473344858E-2
3.700000000E0	7.275558727E-1	2.587056211E-2
3.710000000E0	7.343176943E-1	2.683080572E-2
3.720000000E0	7.405978453E-1	2.842987539E-2
3.730000000E0	7.469139067E-1	2.979192218E-2
3.740000000E0	7.531711010E-1	3.113531933E-2
3.750000000E0	7.590497163E-1	3.253069600E-2
3.760000000E0	7.648633072E-1	3.402376392E-2
3.770000000E0	7.706365498E-1	3.519865433E-2
3.780000000E0	7.763159513E-1	3.660469901E-2
3.790000000E0	7.818104160E-1	3.787999041E-2
3.800000000E0	7.873389710E-1	3.903150588E-2
3.810000000E0	7.922853358E-1	4.082990909E-2
3.820000000E0	7.973275546E-1	4.267137586E-2
3.830000000E0	8.021627666E-1	4.414333887E-2
3.840000000E0	8.071635096E-1	4.513509453E-2
3.850000000E0	8.118406330E-1	4.645227956E-2
3.860000000E0	8.163012707E-1	4.750329188E-2
3.870000000E0	8.207139800E-1	4.865349502E-2
3.880000000E0	8.250253274E-1	4.974385252E-2
3.890000000E0	8.292315241E-1	5.087903216E-2
3.900000000E0	8.331775142E-1	5.201399219E-2
3.910000000E0	8.370105287E-1	5.304068105E-2
3.920000000E0	8.405478186E-1	5.413232012E-2
3.930000000E0	8.439037159E-1	5.517279770E-2
3.940000000E0	8.471111777E-1	5.620041515E-2
3.950000000E0	8.501620458E-1	5.701921952E-2
3.960000000E0	8.529522089E-1	5.816519657E-2
3.970000000E0	8.558303506E-1	5.880362803E-2
3.980000000E0	8.582514998E-1	5.975692096E-2
3.990000000E0	8.604953291E-1	6.069185380E-2
4.000000000E0	8.626214262E-1	6.139667966E-2
4.010000000E0	8.647293616E-1	6.201355603E-2
4.020000000E0	8.662914130E-1	6.282863769E-2
4.030000000E0	8.679820523E-1	6.316586865E-2
4.040000000E0	8.693041281E-1	6.391669281E-2
4.050000000E0	8.705750983E-1	6.424881440E-2
4.060000000E0	8.715557766E-1	6.465119247E-2
4.070000000E0	8.725589478E-1	6.515480072E-2
4.080000000E0	8.733885229E-1	6.525037182E-2
4.090000000E0	8.739229289E-1	6.552300652E-2
4.100000000E0	8.744132591E-1	6.544217130E-2
4.110000000E0	8.746955254E-1	6.536774895E-2
4.120000000E0	8.747409991E-1	6.537047441E-2
4.130000000E0	8.746623022E-1	6.531507608E-2
4.140000000E0	8.744116205E-1	6.523728288E-2
4.150000000E0	8.737494364E-1	6.519622132E-2
4.160000000E0	8.728562365E-1	6.515787743E-2
4.170000000E0	8.720180764E-1	6.506029979E-2
4.180000000E0	8.707236487E-1	6.488246614E-2
4.190000000E0	8.696387765E-1	6.441149410E-2
4.200000000E0	8.681849560E-1	6.397471571E-2
4.210000000E0	8.669166566E-1	6.310796960E-2
4.220000000E0	8.650196751E-1	6.283963882E-2
4.230000000E0	8.634334511E-1	6.188820362E-2
4.240000000E0	8.615270698E-1	6.127395789E-2
4.250000000E0	8.592775802E-1	6.058634524E-2
4.260000000E0	8.570279999E-1	5.965120094E-2
4.270000000E0	8.546146183E-1	5.868560759E-2
4.280000000E0	8.519032774E-1	5.793981251E-2
4.290000000E0	8.491543845E-1	5.663147661E-2
4.300000000E0	8.460367668E-1	5.562765212E-2
4.310000000E0	8.427921596E-1	5.445026198E-2
4.320000000E0	8.394665052E-1	5.354313203E-2
4.330000000E0	8.360114547E-1	5.233374416E-2
4.340000000E0	8.322332164E-1	5.113449556E-2
4.350000000E0	8.283694414E-1	4.992576331E-2
4.360000000E0	8.241964012E-1	4.872060784E-2
4.370000000E0	8.201339208E-1	4.764985539E-2
4.380000000E0	8.157109797E-1	4.650272766E-2
4.390000000E0	8.110567462E-1	4.534730859E-2
4.400000000E0	8.064439888E-1	4.445097656E-2
4.410000000E0	8.017158005E-1	4.359780499E-2
4.420000000E0	7.968984567E-1	4.218512938E-2
4.430000000E0	7.920533109E-1	4.079120821E-2
4.440000000E0	7.870606775E-1	3.909101872E-2
4.450000000E0	7.819876728E-1	3.768861273E-2
4.460000000E0	7.766575296E-1	3.639600655E-2
4.470000000E0	7.712317630E-1	3.516307927E-2
4.480000000E0	7.657482444E-1	3.387110035E-2
4.490000000E0	7.601296475E-1	3.283604657E-2
4.500000000E0	7.544735088E-1	3.146964353E-2
4.510000000E0	7.487950809E-1	2.991043548E-2
4.520000000E0	7.426004618E-1	2.868657719E-2
4.530000000E0	7.366898604E-1	2.732167925E-2
4.540000000E0	7.303357807E-1	2.596003972E-2
4.550000000E0	7.238732383E-1	2.460221941E-2
4.560000000E0	7.173458074E-1	2.343921600E-2
4.570000000E0	7.106211467E-1	2.225642384E-2
4.580000000E0	7.038219026E-1	2.109949782E-2
4.590000000E0	6.970753710E-1	2.002014187E-2
4.600000000E0	6.904000830E-1	1.887848596E-2
4.610000000E0	6.836475369E-1	1.781205776E-2
4.620000000E0	6.768200156E-1	1.691170861E-2
4.630000000E0	6.698259468E-1	1.613821176E-2
4.640000000E0	6.628152469E-1	1.549910494E-2
4.650000000E0	6.559869573E-1	1.463980613E-2
4.660000000E0	6.488121590E-1	1.419845455E-2
4.670000000E0	6.417971019E-1	1.350647158E-2
4.680000000E0	6.345239158E-1	1.314512801E-2
4.690000000E0	6.273848939E-1	1.292390092E-2
4.700000000E0	6.202593380E-1	1.410256629E-2
4.710000000E0	6.128722518E-1	1.419908766E-2
4.720000000E0	6.056815741E-1	1.274312932E-2
4.730000000E0	5.985856609E-1	1.238352534E-2
4.740000000E0	5.913965570E-1	1.220584647E-2
4.750000000E0	5.840390381E-1	1.209759204E-2
4.760000000E0	5.767994758E-1	1.203080964E-2
4.770000000E0	5.697986024E-1	1.213169018E-2
4.780000000E0	5.625126753E-1	1.197318087E-2
4.790000000E0	5.555169136E-1	1.204387727E-2
4.800000000E0	5.482184032E-1	1.198317864E-2
4.810000000E0	5.413126857E-1	1.209172991E-2
4.820000000E0	5.342604705E-1	1.212256775E-2
4.830000000E0	5.272099001E-1	1.200239699E-2
4.840000000E0	5.202822888E-1	1.205761516E-2
4.850000000E0	5.131544591E-1	1.209698218E-2
4.860000000E0	5.060133779E-1	1.202586856E-2
4.870000000E0	4.989408276E-1	1.199265082E-2
4.880000000E0	4.919268706E-1	1.210002293E-2
4.890000000E0	4.849266728E-1	1.222781793E-2
4.900000000E0	4.776140032E-1	1.227434751E-2
4.910000000E0	4.707220616E-1	1.244795083E-2
4.920000000E0	4.636994226E-1	1.246787188E-2
4.930000000E0	4.566900686E-1	1.264265811E-2
4.940000000E0	4.497232352E-1	1.290876032E-2
4.950000000E0	4.429547701E-1	1.329193969E-2
4.960000000E0	4.360500271E-1	1.364568528E-2
4.970000000E0	4.296533230E-1	1.441442698E-2
4.980000000E0	4.229462673E-1	1.474375466E-2
4.990000000E0	4.164354322E-1	1.482381593E-2
5.000000000E0	4.100124169E-1	1.527964549E-2
5.010000000E0	4.034956366E-1	1.564741896E-2
5.020000000E0	3.969084579E-1	1.604930100E-2
5.030000000E0	3.903224602E-1	1.651763891E-2
5.040000000E0	3.839074111E-1	1.694631606E-2
5.050000000E0	3.776878352E-1	1.768541487E-2
5.060000000E0	3.715155967E-1	1.852069391E-2
5.070000000E0	3.650973875E-1	1.911715697E-2
5.080000000E0	3.591041897E-1	1.991717014E-2
5.090000000E0	3.529744958E-1	2.070988559E-2
5.100000000E0	3.470358824E-1	2.160788282E-2
5.110000000E0	3.412768876E-1	2.232632021E-2
5.120000000E0	3.354677931E-1	2.307364772E-2
5.130000000E0	3.296592692E-1	2.410287948E-2
5.140000000E0	3.240707088E-1	2.496979930E-2
5.150000000E0	3.186523470E-1	2.578582850E-2
5.160000000E0	3.134344100E-1	2.677289734E-2
5.170000000E0	3.084333207E-1	2.759929013E-2
5.180000000E0	3.034143106E-1	2.853270443E-2
5.190000000E0	2.984809291E-1	2.943301613E-2
5.200000000E0	2.937642252E-1	3.036518725E-2
5.210000000E0	2.890573688E-1	3.103125453E-2
5.220000000E0	2.842731147E-1	3.185733394E-2
5.230000000E0	2.798249548E-1	3.287683418E-2
5.240000000E0	2.753978629E-1	3.358249050E-2
5.250000000E0	2.711036578E-1	3.423617854E-2
5.260000000E0	2.667782184E-1	3.528125459E-2
5.270000000E0	2.627522704E-1	3.628020249E-2
5.280000000E0	2.589263196E-1	3.711296528E-2
5.290000000E0	2.551871014E-1	3.805795697E-2
5.300000000E0	2.513841811E-1	3.877503278E-2
5.310000000E0	2.478522928E-1	3.975416587E-2
5.320000000E0	2.444991226E-1	4.085073595E-2
5.330000000E0	2.412754868E-1	4.197356497E-2
5.340000000E0	2.380244130E-1	4.298947281E-2
5.350000000E0	2.351466893E-1	4.352644020E-2
5.360000000E0	2.322602003E-1	4.424141406E-2
5.370000000E0	2.294800338E-1	4.447728387E-2
5.380000000E0	2.268465341E-1	4.515092911E-2
5.390000000E0	2.244739735E-1	4.554299884E-2
5.400000000E0	2.223047601E-1	4.613469405E-2
5.410000000E0	2.201525161E-1	4.651617382E-2
5.420000000E0	2.181402173E-1	4.709764764E-2
5.430000000E0	2.160852882E-1	4.749174306E-2
5.440000000E0	2.145054093E-1	4.806557099E-2
5.450000000E0	2.131696329E-1	4.840261604E-2
5.460000000E0	2.117682844E-1	4.855872711E-2
5.470000000E0	2.105232773E-1	4.883353596E-2
5.480000000E0	2.094971618E-1	4.919838606E-2
5.490000000E0	2.086759549E-1	4.967944218E-2
5.500000000E0	2.080309949E-1	4.981279385E-2
5.510000000E0	2.073024180E-1	4.978466063E-2
5.520000000E0	2.069345126E-1	4.987447098E-2
5.530000000E0	2.067980954E-1	4.991738452E-2
5.540000000E0	2.067847945E-1	4.988490343E-2
5.550000000E0	2.068182815E-1	4.985119802E-2
5.560000000E0	2.069852006E-1	4.978727117E-2
5.570000000E0	2.073198220E-1	4.965360857E-2
5.580000000E0	2.080181212E-1	4.956370521E-2
5.590000000E0	2.087775245E-1	4.960632317E-2
5.600000000E0	2.095735122E-1	4.925214957E-2
5.610000000E0	2.104626505E-1	4.890580447E-2
5.620000000E0	2.115484759E-1	4.859933044E-2
5.630000000E0	2.129451172E-1	4.812387801E-2
5.640000000E0	2.143904830E-1	4.779073082E-2
5.650000000E0	2.159279593E-1	4.740992735E-2
5.660000000E0	2.178595302E-1	4.686296000E-2
5.670000000E0	2.198912550E-1	4.644294979E-2
5.680000000E0	2.219015572E-1	4.582004364E-2
5.690000000E0	2.243959918E-1	4.519050947E-2
5.700000000E0	2.267544176E-1	4.463382763E-2
5.710000000E0	2.292258337E-1	4.426933877E-2
5.720000000E0	2.319971803E-1	4.403932321E-2
5.730000000E0	2.348758128E-1	4.339462846E-2
5.740000000E0	2.377598390E-1	4.286664177E-2
5.750000000E0	2.409267601E-1	4.202622491E-2
5.760000000E0	2.442190867E-1	4.097338024E-2
5.770000000E0	2.475238861E-1	4.003616649E-2
5.780000000E0	2.509488761E-1	3.909832355E-2
5.790000000E0	2.543902413E-1	3.822425894E-2
5.800000000E0	2.580774855E-1	3.745928717E-2
5.810000000E0	2.619027088E-1	3.651334688E-2
5.820000000E0	2.657433355E-1	3.560367570E-2
5.830000000E0	2.697560343E-1	3.472870277E-2
5.840000000E0	2.739809574E-1	3.382575715E-2
5.850000000E0	2.780454705E-1	3.301627705E-2
5.860000000E0	2.822120271E-1	3.209887225E-2
5.870000000E0	2.864748569E-1	3.120125266E-2
5.880000000E0	2.908916791E-1	3.021176088E-2
5.890000000E0	2.954494927E-1	2.939194707E-2
5.900000000E0	3.002402578E-1	2.869133346E-2
5.910000000E0	3.051078177E-1	2.775636411E-2
5.920000000E0	3.099352982E-1	2.678506570E-2
5.930000000E0	3.149069533E-1	2.589052213E-2
5.940000000E0	3.199555839E-1	2.501736069E-2
5.950000000E0	3.250616568E-1	2.428896391E-2
5.960000000E0	3.304429347E-1	2.334281427E-2
5.970000000E0	3.359004435E-1	2.249183039E-2
5.980000000E0	3.414297289E-1	2.173569919E-2
5.990000000E0	3.470226523E-1	2.108554256E-2
6.000000000E0	3.526665449E-1	2.020837770E-2
6.010000000E0	3.582598948E-1	1.969309044E-2
6.020000000E0	3.639983005E-1	1.887248035E-2
6.030000000E0	3.699365066E-1	1.825850769E-2
6.040000000E0	3.757998591E-1	1.752561589E-2
6.050000000E0	3.817009425E-1	1.689783297E-2
6.060000000E0	3.875113051E-1	1.637250249E-2
6.070000000E0	3.935476680E-1	1.573165822E-2
6.080000000E0	3.994273932E-1	1.539170546E-2
6.090000000E0	4.054225196E-1	1.496018486E-2
6.100000000E0	4.113396399E-1	1.446937420E-2
6.110000000E0	4.174314389E-1	1.448581551E-2
6.120000000E0	4.234055223E-1	1.455901391E-2
6.130000000E0	4.296380464E-1	1.426591075E-2
6.140000000E0	4.356937288E-1	1.350647715E-2
6.150000000E0	4.419656862E-1	1.328100921E-2
6.160000000E0	4.482088776E-1	1.304121024E-2
6.170000000E0	4.544290084E-1	1.301243188E-2
6.180000000E0	4.608536639E-1	1.301613882E-2
6.190000000E0	4.672160970E-1	1.308661187E-2
6.200000000E0	4.735631936E-1	1.295227781E-2
6.210000000E0	4.797856157E-1	1.298601765E-2
6.220000000E0	4.861724477E-1	1.284796215E-2
6.230000000E0	4.925815276E-1	1.293840877E-2
6.240000000E0	4.986601932E-1	1.305666898E-2
6.250000000E0	5.049509404E-1	1.296394707E-2
6.260000000E0	5.112352405E-1	1.311299782E-2
6.270000000E0	5.172536875E-1	1.318271584E-2
6.280000000E0	5.235249465E-1	1.320671840E-2
6.290000000E0	5.294936035E-1	1.328273309E-2
6.300000000E0	5.357737713E-1	1.328772916E-2
6.310000000E0	5.417360512E-1	1.339455805E-2
6.320000000E0	5.478927085E-1	1.334785783E-2
6.330000000E0	5.537867328E-1	1.339649908E-2
6.340000000E0	5.600294761E-1	1.343453770E-2
6.350000000E0	5.659639435E-1	1.341556441E-2
6.360000000E0	5.721417537E-1	1.356608190E-2
6.370000000E0	5.780259060E-1	1.369073754E-2
6.380000000E0	5.842388591E-1	1.385185034E-2
6.390000000E0	5.900937825E-1	1.404578651E-2
6.400000000E0	5.961986278E-1	1.420243028E-2
6.410000000E0	6.021616605E-1	1.428047717E-2
6.420000000E0	6.080746445E-1	1.445655189E-2
6.430000000E0	6.139816124E-1	1.465131156E-2
6.440000000E0	6.198845323E-1	1.466665744E-2
6.450000000E0	6.255139760E-1	1.469962636E-2
6.460000000E0	6.315717612E-1	1.467599695E-2
6.470000000E0	6.372552759E-1	1.518192065E-2
6.480000000E0	6.429919322E-1	1.556120276E-2
6.490000000E0	6.485231730E-1	1.628181766E-2
6.500000000E0	6.541073965E-1	1.665374527E-2
6.510000000E0	6.595005783E-1	1.717515373E-2
6.520000000E0	6.650409346E-1	1.775288025E-2
6.530000000E0	6.704715927E-1	1.836972461E-2
6.540000000E0	6.759028291E-1	1.886341068E-2
6.550000000E0	6.810914304E-1	1.966075002E-2
6.560000000E0	6.863693909E-1	2.025228866E-2
6.570000000E0	6.914715452E-1	2.099960379E-2
6.580000000E0	6.963100804E-1	2.190414989E-2
6.590000000E0	7.013450686E-1	2.253504283E-2
6.600000000E0	7.060837845E-1	2.323564268E-2
6.610000000E0	7.108085018E-1	2.408844534E-2
6.620000000E0	7.155838492E-1	2.464021743E-2
6.630000000E0	7.201631159E-1	2.543388768E-2
6.640000000E0	7.246145751E-1	2.630750780E-2
6.650000000E0	7.290061475E-1	2.695375013E-2
6.660000000E0	7.331073026E-1	2.768912736E-2
6.670000000E0	7.370804725E-1	2.864404260E-2
6.680000000E0	7.411672595E-1	2.906187698E-2
6.690000000E0	7.448731921E-1	2.996705196E-2
6.700000000E0	7.483417798E-1	3.082082888E-2
6.710000000E0	7.519767396E-1	3.146466311E-2
6.720000000E0	7.553655533E-1	3.215478921E-2
6.730000000E0	7.585593250E-1	3.295482318E-2
6.740000000E0	7.618486516E-1	3.337309679E-2
6.750000000E0	7.647728642E-1	3.426919286E-2
6.760000000E0	7.676895894E-1	3.474214597E-2
6.770000000E0	7.702967118E-1	3.537626772E-2
6.780000000E0	7.731124915E-1	3.576268073E-2
6.790000000E0	7.754021541E-1	3.638347249E-2
6.800000000E0	7.777779180E-1	3.673849859E-2
6.810000000E0	7.798865824E-1	3.747481749E-2
6.820000000E0	7.820923193E-1	3.771389383E-2
6.830000000E0	7.840774665E-1	3.841823947E-2
6.840000000E0	7.859634377E-1	3.868760711E-2
6.850000000E0	7.874841387E-1	3.930325137E-2
6.860000000E0	7.889675064E-1	3.979254030E-2
6.870000000E0	7.905862228E-1	4.000531158E-2
6.880000000E0	7.917327042E-1	4.061715815E-2
6.890000000E0	7.929426466E-1	4.097477796E-2
6.900000000E0	7.940159236E-1	4.134749411E-2
6.910000000E0	7.950267595E-1	4.172552622E-2
6.920000000E0	7.956667394E-1	4.205051673E-2
6.930000000E0	7.963342264E-1	4.214291634E-2
6.940000000E0	7.967679876E-1	4.225118690E-2
6.950000000E0	7.971808315E-1	4.239626757E-2
6.960000000E0	7.974494611E-1	4.232231511E-2
6.970000000E0	7.975752015E-1	4.225413545E-2
6.980000000E0	7.975984848E-1	4.220728496E-2
6.990000000E0	7.975477989E-1	4.215207137E-2
7.000000000E0	7.974753236E-1	4.210902492E-2
7.010000000E0	7.973209025E-1	4.207164669E-2
7.020000000E0	7.967891961E-1	4.204438254E-2
7.030000000E0	7.962492242E-1	4.198317493E-2
7.040000000E0	7.954692771E-1	4.195651063E-2
7.050000000E0	7.945230316E-1	4.182040367E-2
7.060000000E0	7.934187009E-1	4.167442551E-2
7.070000000E0	7.924121648E-1	4.122138416E-2
7.080000000E0	7.910661025E-1	4.095020064E-2
7.090000000E0	7.897546021E-1	4.078335747E-2
7.100000000E0	7.884565990E-1	4.027269555E-2
7.110000000E0	7.867242451E-1	3.982343981E-2
7.120000000E0	7.851043907E-1	3.959619849E-2
7.130000000E0	7.832912248E-1	3.892211826E-2
7.140000000E0	7.811868564E-1	3.864805344E-2
7.150000000E0	7.792342095E-1	3.806315030E-2
7.160000000E0	7.767945090E-1	3.751914453E-2
7.170000000E0	7.745589497E-1	3.672548423E-2
7.180000000E0	7.721625445E-1	3.639025309E-2
7.190000000E0	7.697822609E-1	3.555043807E-2
7.200000000E0	7.669098956E-1	3.524308498E-2
7.210000000E0	7.642289177E-1	3.441786880E-2
7.220000000E0	7.612152769E-1	3.386177587E-2
7.230000000E0	7.581920403E-1	3.321550245E-2
7.240000000E0	7.551383199E-1	3.222996624E-2
7.250000000E0	7.520994247E-1	3.136338759E-2
7.260000000E0	7.487454700E-1	3.059985504E-2
7.270000000E0	7.453626223E-1	2.989190192E-2
7.280000000E0	7.416434105E-1	2.907169303E-2
7.290000000E0	7.378824880E-1	2.817269001E-2
7.300000000E0	7.338875363E-1	2.751570642E-2
7.310000000E0	7.300604828E-1	2.658697516E-2
7.320000000E0	7.258551226E-1	2.568014845E-2
7.330000000E0	7.215606522E-1	2.508195217E-2
7.340000000E0	7.172576272E-1	2.429912532E-2
7.350000000E0	7.127398446E-1	2.337821735E-2
7.360000000E0	7.082007941E-1	2.280991741E-2
7.370000000E0	7.036752803E-1	2.208269557E-2
7.380000000E0	6.990877593E-1	2.116290717E-2
7.390000000E0	6.943529696E-1	2.055321327E-2
7.400000000E0	6.895906977E-1	1.986917728E-2
7.410000000E0	6.848605619E-1	1.890717184E-2
7.420000000E0	6.800818092E-1	1.837861854E-2
7.430000000E0	6.751309724E-1	1.781287712E-2
7.440000000E0	6.702929202E-1	1.737607833E-2
7.450000000E0	6.652229105E-1	1.669412599E-2
7.460000000E0	6.603375698E-1	1.628639023E-2
7.470000000E0	6.552158254E-1	1.580898685E-2
7.480000000E0	6.500226598E-1	1.543266929E-2
7.490000000E0	6.450483931E-1	1.480918387E-2
7.500000000E0	6.397066862E-1	1.433790823E-2
7.510000000E0	6.343314180E-1	1.417272750E-2
7.520000000E0	6.290901826E-1	1.388848311E-2
7.530000000E0	6.237743361E-1	1.398605157E-2
7.540000000E0	6.185749906E-1	1.445608059E-2
7.550000000E0	6.131778922E-1	1.440612461E-2
7.560000000E0	6.077761072E-1	1.380168546E-2
7.570000000E0	6.023543444E-1	1.342974424E-2
7.580000000E0	5.969099379E-1	1.335882652E-2
7.590000000E0	5.914826914E-1	1.326154039E-2
7.600000000E0	5.859751223E-1	1.317030861E-2
7.610000000E0	5.805313470E-1	1.311541891E-2
7.620000000E0	5.751314415E-1	1.298013867E-2
7.630000000E0	5.699794930E-1	1.300606244E-2
7.640000000E0	5.646176068E-1	1.258079242E-2
7.650000000E0	5.592606215E-1	1.232662278E-2
7.660000000E0	5.539545759E-1	1.225001030E-2
7.670000000E0	5.488053850E-1	1.213662104E-2
7.680000000E0	5.436219848E-1	1.216646782E-2
7.690000000E0	5.383327393E-1	1.216020116E-2
7.700000000E0	5.333544812E-1	1.215515704E-2
7.710000000E0	5.281313682E-1	1.213472170E-2
7.720000000E0	5.227782501E-1	1.212436394E-2
7.730000000E0	5.177807470E-1	1.208226438E-2
7.740000000E0	5.126416458E-1	1.199468459E-2
7.750000000E0	5.073099189E-1	1.206847444E-2
7.760000000E0	5.021444755E-1	1.208442284E-2
7.770000000E0	4.969712929E-1	1.215889992E-2
7.780000000E0	4.917660879E-1	1.219963585E-2
7.790000000E0	4.863915699E-1	1.224270213E-2
7.800000000E0	4.812066274E-1	1.226055639E-2
7.810000000E0	4.759422058E-1	1.236125742E-2
7.820000000E0	4.707815046E-1	1.242014657E-2
7.830000000E0	4.656216469E-1	1.263110306E-2
7.840000000E0	4.606074918E-1	1.261749979E-2
7.850000000E0	4.554347020E-1	1.255088275E-2
7.860000000E0	4.503234082E-1	1.264486245E-2
7.870000000E0	4.454266519E-1	1.277832945E-2
7.880000000E0	4.406646472E-1	1.319845447E-2
7.890000000E0	4.356463250E-1	1.337023010E-2
7.900000000E0	4.309870473E-1	1.424465799E-2
7.910000000E0	4.263395283E-1	1.460676608E-2
7.920000000E0	4.214641285E-1	1.469202465E-2
7.930000000E0	4.167625391E-1	1.473622020E-2
7.940000000E0	4.122297346E-1	1.503198747E-2
7.950000000E0	4.076993228E-1	1.541056168E-2
7.960000000E0	4.032281327E-1	1.558817320E-2
7.970000000E0	3.988457371E-1	1.610973466E-2
7.980000000E0	3.944387417E-1	1.656555646E-2
7.990000000E0	3.900483789E-1	1.690007099E-2
8.000000000E0	3.857118020E-1	1.737433100E-2
8.010000000E0	3.813853049E-1	1.771566900E-2
8.020000000E0	3.770630470E-1	1.819915495E-2
8.030000000E0	3.727286125E-1	1.865984910E-2
8.040000000E0	3.685425486E-1	1.900952567E-2
8.050000000E0	3.645388461E-1	1.970626234E-2
8.060000000E0	3.605337436E-1	2.003325428E-2
8.070000000E0	3.567579467E-1	2.072803985E-2
8.080000000E0	3.527502704E-1	2.103304423E-2
8.090000000E0	3.491408305E-1	2.164950797E-2
8.100000000E0	3.454083779E-1	2.206974281E-2
8.110000000E0	3.416484084E-1	2.261421598E-2
8.120000000E0	3.382010217E-1	2.297420504E-2
8.130000000E0	3.348733601E-1	2.339406985E-2
8.140000000E0	3.316319392E-1	2.382050380E-2
8.150000000E0	3.284083252E-1	2.439925078E-2
8.160000000E0	3.252826334E-1	2.497379927E-2
8.170000000E0	3.222897053E-1	2.540709657E-2
8.180000000E0	3.195205086E-1	2.584687811E-2
8.190000000E0	3.168101117E-1	2.635915348E-2
8.200000000E0	3.141151255E-1	2.668898790E-2
8.210000000E0	3.117033904E-1	2.712380925E-2
8.220000000E0	3.092784540E-1	2.770890762E-2
8.230000000E0	3.069855540E-1	2.797382277E-2
8.240000000E0	3.049190449E-1	2.841107838E-2
8.250000000E0	3.027827674E-1	2.879171793E-2
8.260000000E0	3.007624861E-1	2.911128716E-2
8.270000000E0	2.987008706E-1	2.943029218E-2
8.280000000E0	2.970680817E-1	2.976490391E-2
8.290000000E0	2.953287063E-1	2.993280528E-2
8.300000000E0	2.938544409E-1	3.002039614E-2
8.310000000E0	2.922559619E-1	3.056138065E-2
8.320000000E0	2.907965309E-1	3.089350593E-2
8.330000000E0	2.895818960E-1	3.101670463E-2
8.340000000E0	2.883849249E-1	3.134593135E-2
8.350000000E0	2.873766989E-1	3.127175452E-2
8.360000000E0	2.863766137E-1	3.139756977E-2
8.370000000E0	2.853528469E-1	3.134156770E-2
8.380000000E0	2.847039103E-1	3.170597259E-2
8.390000000E0	2.839758214E-1	3.183118668E-2
8.400000000E0	2.832722916E-1	3.195092443E-2
8.410000000E0	2.828893681E-1	3.206284938E-2
8.420000000E0	2.825323307E-1	3.201682881E-2
8.430000000E0	2.822933171E-1	3.203033405E-2
8.440000000E0	2.820397106E-1	3.209143823E-2
8.450000000E0	2.819753771E-1	3.204696423E-2
8.460000000E0	2.820652828E-1	3.202269161E-2
8.470000000E0	2.820905747E-1	3.198665775E-2
8.480000000E0	2.822426130E-1	3.191296828E-2
8.490000000E0	2.826910740E-1	3.195738170E-2
8.500000000E0	2.831653686E-1	3.190094678E-2
8.510000000E0	2.838715627E-1	3.187947587E-2
8.520000000E0	2.844502147E-1	3.179338336E-2
8.530000000E0	2.852996034E-1	3.170590246E-2
8.540000000E0	2.862600491E-1	3.163428933E-2
8.550000000E0	2.872566668E-1	3.164778943E-2
8.560000000E0	2.882811003E-1	3.130352345E-2
8.570000000E0	2.895376599E-1	3.096928154E-2
8.580000000E0	2.907745922E-1	3.088273312E-2
8.590000000E0	2.921409547E-1	3.059674335E-2
8.600000000E0	2.934670138E-1	3.031166916E-2
8.610000000E0	2.951309479E-1	2.991976548E-2
8.620000000E0	2.967768811E-1	2.951953001E-2
8.630000000E0	2.985297962E-1	2.920811882E-2
8.640000000E0	3.005106908E-1	2.878524417E-2
8.650000000E0	3.025540725E-1	2.837843319E-2
8.660000000E0	3.047270085E-1	2.787940659E-2
8.670000000E0	3.069227540E-1	2.758573596E-2
8.680000000E0	3.093660160E-1	2.710996814E-2
8.690000000E0	3.117781066E-1	2.672938132E-2
8.700000000E0	3.141469669E-1	2.640901617E-2
8.710000000E0	3.168935180E-1	2.584158246E-2
8.720000000E0	3.195833415E-1	2.538231425E-2
8.730000000E0	3.224778786E-1	2.466837201E-2
8.740000000E0	3.251309752E-1	2.431201133E-2
8.750000000E0	3.282338334E-1	2.390238546E-2
8.760000000E0	3.314535446E-1	2.328771300E-2
8.770000000E0	3.345547444E-1	2.294263802E-2
8.780000000E0	3.380384721E-1	2.251117224E-2
8.790000000E0	3.414689915E-1	2.209759867E-2
8.800000000E0	3.448805040E-1	2.175657671E-2
8.810000000E0	3.483928668E-1	2.131987592E-2
8.820000000E0	3.519726881E-1	2.083296982E-2
8.830000000E0	3.557506676E-1	2.036476451E-2
8.840000000E0	3.594271349E-1	1.978232290E-2
8.850000000E0	3.633900248E-1	1.939011958E-2
8.860000000E0	3.671994471E-1	1.903340250E-2
8.870000000E0	3.712002497E-1	1.863328061E-2
8.880000000E0	3.752901375E-1	1.799593918E-2
8.890000000E0	3.792362362E-1	1.769130744E-2
8.900000000E0	3.834200608E-1	1.733658099E-2
8.910000000E0	3.875126005E-1	1.685899152E-2
8.920000000E0	3.916307305E-1	1.645458298E-2
8.930000000E0	3.957145714E-1	1.622025611E-2
8.940000000E0	4.000210865E-1	1.600354464E-2
8.950000000E0	4.042708504E-1	1.551331727E-2
8.960000000E0	4.086310102E-1	1.535711038E-2
8.970000000E0	4.130158634E-1	1.515638785E-2
8.980000000E0	4.173266292E-1	1.495512305E-2
8.990000000E0	4.218206861E-1	1.471970736E-2
9.000000000E0	4.262812291E-1	1.454284137E-2
9.010000000E0	4.308082106E-1	1.435335819E-2
9.020000000E0	4.353254034E-1	1.399904709E-2
9.030000000E0	4.398219916E-1	1.373624806E-2
9.040000000E0	4.443168469E-1	1.342736557E-2
9.050000000E0	4.488033643E-1	1.336077492E-2
9.060000000E0	4.533396160E-1	1.319729690E-2
9.070000000E0	4.578280263E-1	1.314055540E-2
9.080000000E0	4.626603826E-1	1.297773327E-2
9.090000000E0	4.674027884E-1	1.303779381E-2
9.100000000E0	4.720356202E-1	1.302785444E-2
9.110000000E0	4.767984684E-1	1.311096282E-2
9.120000000E0	4.815050936E-1	1.303428672E-2
9.130000000E0	4.862192927E-1	1.321697084E-2
9.140000000E0	4.907379775E-1	1.315378117E-2
9.150000000E0	4.953456667E-1	1.314711622E-2
9.160000000E0	5.001621046E-1	1.307742443E-2
9.170000000E0	5.049121318E-1	1.309934310E-2
9.180000000E0	5.094974768E-1	1.314197044E-2
9.190000000E0	5.139823678E-1	1.320386173E-2
9.200000000E0	5.184393887E-1	1.321084322E-2
9.210000000E0	5.229315590E-1	1.324728119E-2
9.220000000E0	5.274111841E-1	1.326425853E-2
9.230000000E0	5.319646375E-1	1.332085596E-2
9.240000000E0	5.363924769E-1	1.333012701E-2
9.250000000E0	5.406501908E-1	1.336406711E-2
9.260000000E0	5.450582135E-1	1.329978688E-2
9.270000000E0	5.495033221E-1	1.331511424E-2
9.280000000E0	5.537784929E-1	1.331146918E-2
9.290000000E0	5.582143215E-1	1.330883587E-2
9.300000000E0	5.627344706E-1	1.334033680E-2
9.310000000E0	5.671577913E-1	1.338013882E-2
9.320000000E0	5.715557719E-1	1.337657258E-2
9.330000000E0	5.759392501E-1	1.343853530E-2
9.340000000E0	5.803185771E-1	1.351539747E-2
9.350000000E0	5.848802708E-1	1.354281949E-2
9.360000000E0	5.892445914E-1	1.346902587E-2
9.370000000E0	5.936010972E-1	1.355385430E-2
9.380000000E0	5.979439676E-1	1.356425004E-2
9.390000000E0	6.023798891E-1	1.351097400E-2
9.400000000E0	6.067126064E-1	1.367150875E-2
9.410000000E0	6.110164072E-1	1.428086895E-2
