mass_A
t	x	y
0.000000000E0	3.147602102E-4	1.369946422E-1
1.000000000E-2	1.267573368E-3	1.368864959E-1
2.000000000E-2	2.015066189E-3	1.361254675E-1
3.000000000E-2	3.349127521E-3	1.351119098E-1
4.000000000E-2	4.837097325E-3	1.340316654E-1
5.000000000E-2	6.845003714E-3	1.327480794E-1
6.000000000E-2	9.124522197E-3	1.314084136E-1
7.000000000E-2	1.145599908E-2	1.296997806E-1
8.000000000E-2	1.438642875E-2	1.279111931E-1
9.000000000E-2	1.718606210E-2	1.260206576E-1
1.000000000E-1	2.038273193E-2	1.238079137E-1
1.100000000E-1	2.381184242E-2	1.216057557E-1
1.200000000E-1	2.789158010E-2	1.193740899E-1
1.300000000E-1	3.212575164E-2	1.169990602E-1
1.400000000E-1	3.645517022E-2	1.141173170E-1
1.500000000E-1	4.137306339E-2	1.121276173E-1
1.600000000E-1	4.670850124E-2	1.108633561E-1
1.700000000E-1	5.241157323E-2	1.083794160E-1
1.800000000E-1	5.798519307E-2	1.048853956E-1
1.900000000E-1	6.334995167E-2	1.006693312E-1
2.000000000E-1	6.940641998E-2	9.694248994E-2
2.100000000E-1	7.583680114E-2	9.359748423E-2
2.200000000E-1	8.269624505E-2	8.993739335E-2
2.300000000E-1	8.960065411E-2	8.718212090E-2
2.400000000E-1	9.683020690E-2	8.355213560E-2
2.500000000E-1	1.042382688E-1	8.045821910E-2
2.600000000E-1	1.119602793E-1	7.713642031E-2
2.700000000E-1	1.198727637E-1	7.377669243E-2
2.800000000E-1	1.277223407E-1	7.045806942E-2
2.900000000E-1	1.356883792E-1	6.708874231E-2
3.000000000E-1	1.441586066E-1	6.401503677E-2
3.100000000E-1	1.523129480E-1	6.079246052E-2
3.200000000E-1	1.609182986E-1	5.802131770E-2
3.300000000E-1	1.696192703E-1	5.509836556E-2
3.400000000E-1	1.785613566E-1	5.211661694E-2
3.500000000E-1	1.876505687E-1	4.907594516E-2
3.600000000E-1	1.969594477E-1	4.643937211E-2
3.700000000E-1	2.064822006E-1	4.373568302E-2
3.800000000E-1	2.160710529E-1	4.107196832E-2
3.900000000E-1	2.256718969E-1	3.859630255E-2
4.000000000E-1	2.356846547E-1	3.854229913E-2
4.100000000E-1	2.459699775E-1	3.466442319E-2
4.200000000E-1	2.561022745E-1	3.117477718E-2
4.300000000E-1	2.668782954E-1	2.875728624E-2
4.400000000E-1	2.773184372E-1	2.640064009E-2
4.500000000E-1	2.878679966E-1	2.419709592E-2
4.600000000E-1	2.984683568E-1	2.194709195E-2
4.700000000E-1	3.092647543E-1	1.993215909E-2
4.800000000E-1	3.202262373E-1	1.812156384E-2
4.900000000E-1	3.313295204E-1	1.643435941E-2
5.000000000E-1	3.425054167E-1	1.477882985E-2
5.100000000E-1	3.536606575E-1	1.323839178E-2
5.200000000E-1	3.649272766E-1	1.166696240E-2
5.300000000E-1	3.760236419E-1	1.050665076E-2
5.400000000E-1	3.871525609E-1	9.510996953E-3
5.500000000E-1	3.982195488E-1	8.499984800E-3
5.600000000E-1	4.092635504E-1	7.614597215E-3
5.700000000E-1	4.200773473E-1	8.814669630E-3
5.800000000E-1	4.318548323E-1	8.471278559E-3
5.900000000E-1	4.434925724E-1	6.152703767E-3
6.000000000E-1	4.554083480E-1	5.983895810E-3
6.100000000E-1	4.669941724E-1	5.621678686E-3
6.200000000E-1	4.785181424E-1	5.161046733E-3
6.300000000E-1	4.898821146E-1	4.990482243E-3
6.400000000E-1	5.010561511E-1	4.987634055E-3
6.500000000E-1	5.122383633E-1	5.063825360E-3
6.600000000E-1	5.234775722E-1	5.051763598E-3
6.700000000E-1	5.346946598E-1	5.087887070E-3
6.800000000E-1	5.460538838E-1	5.143436167E-3
6.900000000E-1	5.573949379E-1	5.287382340E-3
7.000000000E-1	5.687915402E-1	5.620349987E-3
7.100000000E-1	5.799052631E-1	5.495185101E-3
7.200000000E-1	5.910050189E-1	5.483406794E-3
7.300000000E-1	6.018816398E-1	5.539206612E-3
7.400000000E-1	6.124538907E-1	8.564493918E-3
7.500000000E-1	6.238529101E-1	8.462840417E-3
7.600000000E-1	6.350219569E-1	7.229866468E-3
7.700000000E-1	6.461804571E-1	7.892410192E-3
7.800000000E-1	6.571431978E-1	8.849683634E-3
7.900000000E-1	6.680042589E-1	9.496172514E-3
8.000000000E-1	6.787218410E-1	1.077782327E-2
8.100000000E-1	6.894370487E-1	1.216048669E-2
8.200000000E-1	7.001289685E-1	1.368159311E-2
8.300000000E-1	7.104123627E-1	1.524940106E-2
8.400000000E-1	7.207566595E-1	1.707019897E-2
8.500000000E-1	7.307657694E-1	1.902404113E-2
8.600000000E-1	7.404483864E-1	2.083658687E-2
8.700000000E-1	7.501033641E-1	2.281174804E-2
8.800000000E-1	7.592103603E-1	2.499872740E-2
8.900000000E-1	7.686680059E-1	2.713366348E-2
9.000000000E-1	7.779095722E-1	2.941291012E-2
9.100000000E-1	7.868725110E-1	3.177652341E-2
9.200000000E-1	7.953078693E-1	3.548118742E-2
9.300000000E-1	8.041771628E-1	3.857515236E-2
9.400000000E-1	8.132736705E-1	3.966144743E-2
9.500000000E-1	8.219835883E-1	4.165219081E-2
9.600000000E-1	8.303002717E-1	4.401680837E-2
9.700000000E-1	8.386851387E-1	4.631411340E-2
9.800000000E-1	8.465077222E-1	4.874003294E-2
9.900000000E-1	8.540580383E-1	5.116619653E-2
1.000000000E0	8.616673440E-1	5.371237792E-2
1.010000000E0	8.688725043E-1	5.614931236E-2
1.020000000E0	8.761568248E-1	5.845303391E-2
1.030000000E0	8.830431164E-1	6.076219098E-2
1.040000000E0	8.897432884E-1	6.318691734E-2
1.050000000E0	8.962633519E-1	6.574859213E-2
1.060000000E0	9.027037963E-1	6.819783181E-2
1.070000000E0	9.086885101E-1	7.071967132E-2
1.080000000E0	9.146001266E-1	7.319154796E-2
1.090000000E0	9.201565917E-1	7.551741849E-2
1.100000000E0	9.253083970E-1	7.771935858E-2
1.110000000E0	9.305828026E-1	7.992481202E-2
1.120000000E0	9.352489653E-1	8.198724474E-2
1.130000000E0	9.398143097E-1	8.427845754E-2
1.140000000E0	9.440510964E-1	8.626925871E-2
1.150000000E0	9.482132506E-1	8.827198882E-2
1.160000000E0	9.518119315E-1	9.042953932E-2
1.170000000E0	9.551689242E-1	9.248282249E-2
1.180000000E0	9.585161006E-1	9.426559491E-2
1.190000000E0	9.615104382E-1	9.581943573E-2
1.200000000E0	9.640683373E-1	9.732226301E-2
1.210000000E0	9.663976524E-1	9.847654664E-2
1.220000000E0	9.685030157E-1	9.945985691E-2
1.230000000E0	9.705110377E-1	1.004568532E-1
1.240000000E0	9.720011593E-1	1.014753372E-1
1.250000000E0	9.736533662E-1	1.018817871E-1
1.260000000E0	9.748263485E-1	1.026474755E-1
1.270000000E0	9.759748319E-1	1.028733571E-1
1.280000000E0	9.763819539E-1	1.036438392E-1
1.290000000E0	9.770486552E-1	1.037606175E-1
1.300000000E0	9.772597024E-1	1.038140539E-1
1.310000000E0	9.772671583E-1	1.038098762E-1
1.320000000E0	9.771716077E-1	1.037073388E-1
1.330000000E0	9.767792687E-1	1.034022482E-1
1.340000000E0	9.762827966E-1	1.029558065E-1
1.350000000E0	9.752556895E-1	1.025959047E-1
1.360000000E0	9.742385606E-1	1.017200401E-1
1.370000000E0	9.729099183E-1	1.007666227E-1
1.380000000E0	9.715946427E-1	9.984306155E-2
1.390000000E0	9.694899196E-1	9.880968247E-2
1.400000000E0	9.674269443E-1	9.779363831E-2
1.410000000E0	9.651277545E-1	9.665887124E-2
1.420000000E0	9.628696698E-1	9.517911856E-2
1.430000000E0	9.603091023E-1	9.377943380E-2
1.440000000E0	9.572425564E-1	9.239742576E-2
1.450000000E0	9.540590496E-1	9.061512696E-2
1.460000000E0	9.505830040E-1	8.924556213E-2
1.470000000E0	9.471266057E-1	8.723967383E-2
1.480000000E0	9.430881834E-1	8.566696405E-2
1.490000000E0	9.392908573E-1	8.378167366E-2
1.500000000E0	9.351290946E-1	8.170721227E-2
1.510000000E0	9.307247130E-1	7.960373149E-2
1.520000000E0	9.262283916E-1	7.755041103E-2
1.530000000E0	9.215722849E-1	7.524871668E-2
1.540000000E0	9.164697239E-1	7.329414398E-2
1.550000000E0	9.114066226E-1	7.077604449E-2
1.560000000E0	9.061578806E-1	6.856143493E-2
1.570000000E0	9.005235891E-1	6.627537688E-2
1.580000000E0	8.947004688E-1	6.402019621E-2
1.590000000E0	8.886746099E-1	6.184738158E-2
1.600000000E0	8.822931892E-1	5.970723984E-2
1.610000000E0	8.756886962E-1	5.736430955E-2
1.620000000E0	8.689610438E-1	5.510615312E-2
1.630000000E0	8.620770131E-1	5.284588447E-2
1.640000000E0	8.552758516E-1	5.063397398E-2
1.650000000E0	8.483845545E-1	4.850877448E-2
1.660000000E0	8.410917156E-1	4.639255123E-2
1.670000000E0	8.336659158E-1	4.427688502E-2
1.680000000E0	8.261055238E-1	4.219507472E-2
1.690000000E0	8.186228698E-1	3.979803044E-2
1.700000000E0	8.111624778E-1	3.873534390E-2
1.710000000E0	8.028161383E-1	3.829035660E-2
1.720000000E0	7.950154254E-1	3.549184026E-2
1.730000000E0	7.875080733E-1	3.155489653E-2
1.740000000E0	7.791269200E-1	2.933716036E-2
1.750000000E0	7.706478334E-1	2.739342175E-2
1.760000000E0	7.622520620E-1	2.524562255E-2
1.770000000E0	7.535066961E-1	2.302893801E-2
1.780000000E0	7.446995170E-1	2.085015108E-2
1.790000000E0	7.358215476E-1	1.895755969E-2
1.800000000E0	7.269137631E-1	1.727409669E-2
1.810000000E0	7.179696196E-1	1.543462957E-2
1.820000000E0	7.090117017E-1	1.395864640E-2
1.830000000E0	6.996636114E-1	1.225178166E-2
1.840000000E0	6.903676375E-1	1.079629164E-2
1.850000000E0	6.809884705E-1	9.535148754E-3
1.860000000E0	6.715195922E-1	8.501176601E-3
1.870000000E0	6.618913367E-1	7.391169291E-3
1.880000000E0	6.523937214E-1	6.691494960E-3
1.890000000E0	6.425087684E-1	5.596868562E-3
1.900000000E0	6.327027373E-1	5.202413365E-3
1.910000000E0	6.229709994E-1	8.091894316E-3
1.920000000E0	6.128529905E-1	8.496355187E-3
1.930000000E0	6.037465487E-1	5.400452401E-3
1.940000000E0	5.943069038E-1	4.758917431E-3
1.950000000E0	5.846990174E-1	4.923625236E-3
1.960000000E0	5.752170381E-1	4.861922885E-3
1.970000000E0	5.654997462E-1	4.775111753E-3
1.980000000E0	5.558697074E-1	4.949644087E-3
1.990000000E0	5.463034825E-1	4.857820345E-3
2.000000000E0	5.365949592E-1	4.920350485E-3
2.010000000E0	5.267919050E-1	4.789674266E-3
2.020000000E0	5.172546035E-1	4.759273589E-3
2.030000000E0	5.076381221E-1	4.977839851E-3
2.040000000E0	4.981964919E-1	5.147044555E-3
2.050000000E0	4.888392570E-1	5.163734433E-3
2.060000000E0	4.795284616E-1	5.324774036E-3
2.070000000E0	4.702345847E-1	5.471341211E-3
2.080000000E0	4.607548368E-1	5.641458668E-3
2.090000000E0	4.511665021E-1	5.627088885E-3
2.100000000E0	4.418201736E-1	6.136732922E-3
2.110000000E0	4.327895121E-1	8.536966282E-3
2.120000000E0	4.234208044E-1	9.709373124E-3
2.130000000E0	4.141049599E-1	8.900503396E-3
2.140000000E0	4.052915151E-1	8.789745278E-3
2.150000000E0	3.962982840E-1	9.598134354E-3
2.160000000E0	3.876635769E-1	1.053777348E-2
2.170000000E0	3.789828485E-1	1.135455597E-2
2.180000000E0	3.702360070E-1	1.248328635E-2
2.190000000E0	3.614282298E-1	1.340487565E-2
2.200000000E0	3.527992677E-1	1.426684280E-2
2.210000000E0	3.443978295E-1	1.532442149E-2
2.220000000E0	3.359829284E-1	1.639438497E-2
2.230000000E0	3.277277849E-1	1.786283494E-2
2.240000000E0	3.194141542E-1	1.895804622E-2
2.250000000E0	3.115087724E-1	2.043496759E-2
2.260000000E0	3.034585647E-1	2.193699433E-2
2.270000000E0	2.955710545E-1	2.329343520E-2
2.280000000E0	2.881235674E-1	2.486032019E-2
2.290000000E0	2.805246699E-1	2.620291872E-2
2.300000000E0	2.730300542E-1	2.760442044E-2
2.310000000E0	2.659812305E-1	2.940111735E-2
2.320000000E0	2.586653316E-1	3.083869806E-2
2.330000000E0	2.517330516E-1	3.254511688E-2
2.340000000E0	2.452873653E-1	3.508414867E-2
2.350000000E0	2.387289993E-1	3.766371937E-2
2.360000000E0	2.321436294E-1	3.909117477E-2
2.370000000E0	2.254813637E-1	3.964974189E-2
2.380000000E0	2.196517162E-1	4.126383816E-2
2.390000000E0	2.133477253E-1	4.258990677E-2
2.400000000E0	2.074291934E-1	4.430355611E-2
2.410000000E0	2.018714418E-1	4.604744595E-2
2.420000000E0	1.962505109E-1	4.750135441E-2
2.430000000E0	1.908408507E-1	4.923805297E-2
2.440000000E0	1.854511219E-1	5.057512694E-2
2.450000000E0	1.805839585E-1	5.236408402E-2
2.460000000E0	1.755244983E-1	5.379860138E-2
2.470000000E0	1.708995613E-1	5.517000377E-2
2.480000000E0	1.665227805E-1	5.677678298E-2
2.490000000E0	1.620908605E-1	5.827322769E-2
2.500000000E0	1.579261116E-1	5.946790358E-2
2.510000000E0	1.541513816E-1	6.097898763E-2
2.520000000E0	1.507493715E-1	6.233132431E-2
2.530000000E0	1.473056132E-1	6.366001017E-2
2.540000000E0	1.441711322E-1	6.481610252E-2
2.550000000E0	1.410095490E-1	6.592971370E-2
2.560000000E0	1.382929725E-1	6.714119614E-2
2.570000000E0	1.355762538E-1	6.811431951E-2
2.580000000E0	1.332387471E-1	6.914330062E-2
2.590000000E0	1.309065439E-1	6.990891346E-2
2.600000000E0	1.288443149E-1	7.046926153E-2
2.610000000E0	1.271920894E-1	7.140273898E-2
2.620000000E0	1.254581178E-1	7.184280148E-2
2.630000000E0	1.241879939E-1	7.254949135E-2
2.640000000E0	1.228238763E-1	7.286864007E-2
2.650000000E0	1.220202923E-1	7.351861203E-2
2.660000000E0	1.210453588E-1	7.373995859E-2
2.670000000E0	1.202483275E-1	7.375898949E-2
2.680000000E0	1.198385939E-1	7.395805286E-2
2.690000000E0	1.195067286E-1	7.406438806E-2
2.700000000E0	1.196248687E-1	7.398556859E-2
2.710000000E0	1.198370044E-1	7.381696817E-2
2.720000000E0	1.200331736E-1	7.370051682E-2
2.730000000E0	1.207585191E-1	7.364925311E-2
2.740000000E0	1.211330394E-1	7.312298434E-2
2.750000000E0	1.221933093E-1	7.264938024E-2
2.760000000E0	1.232878033E-1	7.213986967E-2
2.770000000E0	1.246472364E-1	7.147191604E-2
2.780000000E0	1.264905125E-1	7.111535110E-2
2.790000000E0	1.280130593E-1	7.031863831E-2
2.800000000E0	1.299211459E-1	6.944155452E-2
2.810000000E0	1.320762650E-1	6.850865661E-2
2.820000000E0	1.343937802E-1	6.760212054E-2
2.830000000E0	1.368364838E-1	6.640730328E-2
2.840000000E0	1.397329411E-1	6.542035693E-2
2.850000000E0	1.424598259E-1	6.401367322E-2
2.860000000E0	1.455221258E-1	6.285811568E-2
2.870000000E0	1.488250078E-1	6.170057319E-2
2.880000000E0	1.522958098E-1	6.046364937E-2
2.890000000E0	1.562441668E-1	5.931301053E-2
2.900000000E0	1.599836386E-1	5.792682128E-2
2.910000000E0	1.640502339E-1	5.644877910E-2
2.920000000E0	1.683895565E-1	5.504847174E-2
2.930000000E0	1.729644990E-1	5.371557441E-2
2.940000000E0	1.774938915E-1	5.203422172E-2
2.950000000E0	1.822249955E-1	5.053763999E-2
2.960000000E0	1.873819883E-1	4.911745604E-2
2.970000000E0	1.925299555E-1	4.761040927E-2
2.980000000E0	1.978211091E-1	4.583804710E-2
2.990000000E0	2.031663207E-1	4.421733834E-2
3.000000000E0	2.087342471E-1	4.262621195E-2
3.010000000E0	2.144136991E-1	4.098146173E-2
3.020000000E0	2.204226538E-1	3.958422989E-2
3.030000000E0	2.262165588E-1	3.858920329E-2
3.040000000E0	2.325898997E-1	3.861985468E-2
3.050000000E0	2.388737694E-1	3.741927370E-2
3.060000000E0	2.451208641E-1	3.498970830E-2
3.070000000E0	2.515746981E-1	3.262048020E-2
3.080000000E0	2.583400397E-1	3.087814555E-2
3.090000000E0	2.650503328E-1	2.930989434E-2
3.100000000E0	2.718597611E-1	2.769457807E-2
3.110000000E0	2.789072497E-1	2.613846258E-2
3.120000000E0	2.860946235E-1	2.485908923E-2
3.130000000E0	2.933867782E-1	2.341100868E-2
3.140000000E0	3.007698046E-1	2.184238005E-2
3.150000000E0	3.082734797E-1	2.064250720E-2
3.160000000E0	3.159536346E-1	1.938624126E-2
3.170000000E0	3.236847865E-1	1.823013656E-2
3.180000000E0	3.314661081E-1	1.711976035E-2
3.190000000E0	3.392685039E-1	1.599967828E-2
3.200000000E0	3.470445173E-1	1.499225939E-2
3.210000000E0	3.548537573E-1	1.401895794E-2
3.220000000E0	3.627295310E-1	1.300859278E-2
3.230000000E0	3.707199612E-1	1.206485177E-2
3.240000000E0	3.788805202E-1	1.128280616E-2
3.250000000E0	3.868942954E-1	1.060318323E-2
3.260000000E0	3.949493863E-1	9.694645418E-3
3.270000000E0	4.033463798E-1	9.103928269E-3
3.280000000E0	4.115236581E-1	8.725392272E-3
3.290000000E0	4.197598689E-1	9.395888071E-3
3.300000000E0	4.280616522E-1	9.636362261E-3
3.310000000E0	4.367985152E-1	7.867707065E-3
3.320000000E0	4.452992990E-1	7.183319827E-3
3.330000000E0	4.537070922E-1	6.871381053E-3
3.340000000E0	4.621709766E-1	6.776375581E-3
3.350000000E0	4.706371708E-1	6.338503888E-3
3.360000000E0	4.788244234E-1	6.231177423E-3
3.370000000E0	4.873294169E-1	6.238968026E-3
3.380000000E0	4.955740350E-1	6.140566571E-3
3.390000000E0	5.040278608E-1	6.109982370E-3
3.400000000E0	5.123096537E-1	6.121244949E-3
3.410000000E0	5.208102139E-1	6.170281516E-3
3.420000000E0	5.289766000E-1	6.223226814E-3
3.430000000E0	5.374551728E-1	6.275119736E-3
3.440000000E0	5.460187549E-1	6.348095807E-3
3.450000000E0	5.541926083E-1	6.364038504E-3
3.460000000E0	5.626759076E-1	6.404434647E-3
3.470000000E0	5.708201333E-1	6.445993550E-3
3.480000000E0	5.789927438E-1	6.735285529E-3
3.490000000E0	5.871553793E-1	6.866084054E-3
3.500000000E0	5.951451815E-1	7.143777676E-3
3.510000000E0	6.030397510E-1	7.409395157E-3
3.520000000E0	6.107642100E-1	8.452869535E-3
3.530000000E0	6.185919015E-1	9.408299128E-3
3.540000000E0	6.270074161E-1	8.501799050E-3
3.550000000E0	6.351510859E-1	8.404813787E-3
3.560000000E0	6.434416594E-1	8.642637731E-3
3.570000000E0	6.516083696E-1	9.450917576E-3
3.580000000E0	6.594790671E-1	1.020257330E-2
3.590000000E0	6.672386187E-1	1.077473035E-2
3.600000000E0	6.749689929E-1	1.171324675E-2
3.610000000E0	6.826169519E-1	1.273315431E-2
3.620000000E0	6.902473117E-1	1.367286165E-2
3.630000000E0	6.977317073E-1	1.488514267E-2
3.640000000E0	7.048797217E-1	1.607693452E-2
3.650000000E0	7.122860658E-1	1.725759378E-2
3.660000000E0	7.192272874E-1	1.841379099E-2
3.670000000E0	7.261093351E-1	1.956244845E-2
3.680000000E0	7.330822203E-1	2.073705648E-2
3.690000000E0	7.399376381E-1	2.191221713E-2
3.700000000E0	7.466893059E-1	2.316309332E-2
3.710000000E0	7.532629302E-1	2.459328690E-2
3.720000000E0	7.596953559E-1	2.615312180E-2
3.730000000E0	7.659583846E-1	2.747463359E-2
3.740000000E0	7.721670457E-1	2.915796424E-2
3.750000000E0	7.779165463E-1	3.056376015E-2
3.760000000E0	7.835068423E-1	3.189413367E-2
3.770000000E0	7.890364899E-1	3.355976192E-2
3.780000000E0	7.943184866E-1	3.535652265E-2
3.790000000E0	7.994231492E-1	3.732203177E-2
3.800000000E0	8.043612893E-1	3.877687902E-2
3.810000000E0	8.095834364E-1	3.970654079E-2
3.820000000E0	8.144332330E-1	4.080678988E-2
3.830000000E0	8.190419307E-1	4.199279970E-2
3.840000000E0	8.235176516E-1	4.297051046E-2
3.850000000E0	8.278315614E-1	4.417212331E-2
3.860000000E0	8.321201566E-1	4.528720155E-2
3.870000000E0	8.364589122E-1	4.642132947E-2
3.880000000E0	8.402622077E-1	4.751066287E-2
3.890000000E0	8.440046275E-1	4.847289950E-2
3.900000000E0	8.475933601E-1	4.954452097E-2
3.910000000E0	8.509671853E-1	5.062071198E-2
3.920000000E0	8.542462216E-1	5.167767629E-2
3.930000000E0	8.574849198E-1	5.273227825E-2
3.940000000E0	8.604306285E-1	5.370598150E-2
3.950000000E0	8.631849226E-1	5.479106162E-2
3.960000000E0	8.657482455E-1	5.575769089E-2
3.970000000E0	8.682306583E-1	5.645839020E-2
3.980000000E0	8.706995760E-1	5.726367792E-2
3.990000000E0	8.728144196E-1	5.810188137E-2
4.000000000E0	8.746236711E-1	5.896458984E-2
4.010000000E0	8.763628564E-1	5.951797529E-2
4.020000000E0	8.777186198E-1	6.036327966E-2
4.030000000E0	8.793396500E-1	6.067388052E-2
4.040000000E0	8.806362922E-1	6.128896367E-2
4.050000000E0	8.817534911E-1	6.164583432E-2
4.060000000E0	8.826400629E-1	6.202217035E-2
4.070000000E0	8.831899824E-1	6.243515689E-2
4.080000000E0	8.838460512E-1	6.266877641E-2
4.090000000E0	8.841749888E-1	6.282417699E-2
4.100000000E0	8.842664721E-1	6.283976831E-2
4.110000000E0	8.842712448E-1	6.280278577E-2
4.120000000E0	8.841806174E-1	6.271192911E-2
4.130000000E0	8.840457290E-1	6.256085431E-2
4.140000000E0	8.833903948E-1	6.245772568E-2
4.150000000E0	8.829167591E-1	6.200696903E-2
4.160000000E0	8.819922086E-1	6.166790735E-2
4.170000000E0	8.808963912E-1	6.143200498E-2
4.180000000E0	8.797690918E-1	6.077855865E-2
4.190000000E0	8.784983691E-1	6.038852563E-2
4.200000000E0	8.767460784E-1	5.970278854E-2
4.210000000E0	8.751153016E-1	5.906902047E-2
4.220000000E0	8.731082702E-1	5.836819199E-2
4.230000000E0	8.709993452E-1	5.756555170E-2
4.240000000E0	8.686908794E-1	5.685007894E-2
4.250000000E0	8.663986586E-1	5.606293855E-2
4.260000000E0	8.638965165E-1	5.508815864E-2
4.270000000E0	8.610305489E-1	5.408621315E-2
4.280000000E0	8.582527771E-1	5.305247811E-2
4.290000000E0	8.552987452E-1	5.218158348E-2
4.300000000E0	8.520368937E-1	5.111068110E-2
4.310000000E0	8.487111270E-1	5.002952411E-2
4.320000000E0	8.453162087E-1	4.874677602E-2
4.330000000E0	8.417336361E-1	4.766180138E-2
4.340000000E0	8.378033557E-1	4.642573847E-2
4.350000000E0	8.338666722E-1	4.521092919E-2
4.360000000E0	8.299036778E-1	4.406257892E-2
4.370000000E0	8.256048295E-1	4.285449169E-2
4.380000000E0	8.211525472E-1	4.159474883E-2
4.390000000E0	8.167330712E-1	4.029961595E-2
4.400000000E0	8.122143732E-1	3.959788797E-2
4.410000000E0	8.073669956E-1	3.903784357E-2
4.420000000E0	8.023715358E-1	3.837930929E-2
4.430000000E0	7.975742528E-1	3.682099669E-2
4.440000000E0	7.925030896E-1	3.470651056E-2
4.450000000E0	7.872334512E-1	3.308525083E-2
4.460000000E0	7.817145425E-1	3.159214951E-2
4.470000000E0	7.759166718E-1	3.032324656E-2
4.480000000E0	7.700842619E-1	2.885707202E-2
4.490000000E0	7.643576573E-1	2.726847007E-2
4.500000000E0	7.582040937E-1	2.588008482E-2
4.510000000E0	7.522601300E-1	2.441710249E-2
4.520000000E0	7.459343586E-1	2.285881896E-2
4.530000000E0	7.397661303E-1	2.164444643E-2
4.540000000E0	7.334605610E-1	2.049085262E-2
4.550000000E0	7.269781807E-1	1.919125049E-2
4.560000000E0	7.203793541E-1	1.798147218E-2
4.570000000E0	7.136982075E-1	1.696836960E-2
4.580000000E0	7.069853989E-1	1.594088093E-2
4.590000000E0	7.002722031E-1	1.473339871E-2
4.600000000E0	6.935428188E-1	1.386347154E-2
4.610000000E0	6.866533139E-1	1.280500465E-2
4.620000000E0	6.795310797E-1	1.179191649E-2
4.630000000E0	6.724120058E-1	1.108124774E-2
4.640000000E0	6.650474854E-1	1.034923474E-2
4.650000000E0	6.577714999E-1	9.684272669E-3
4.660000000E0	6.504423938E-1	9.201993003E-3
4.670000000E0	6.428645335E-1	8.521622911E-3
4.680000000E0	6.355084725E-1	8.253526732E-3
4.690000000E0	6.279712638E-1	8.344826472E-3
4.700000000E0	6.207447023E-1	8.979687712E-3
4.710000000E0	6.130437354E-1	8.703345956E-3
4.720000000E0	6.060385576E-1	7.916376722E-3
4.730000000E0	5.987408138E-1	7.538869048E-3
4.740000000E0	5.915726830E-1	7.363112565E-3
4.750000000E0	5.842513352E-1	7.270264438E-3
4.760000000E0	5.770254074E-1	7.243475798E-3
4.770000000E0	5.696862767E-1	7.040728367E-3
4.780000000E0	5.622296110E-1	7.004786215E-3
4.790000000E0	5.549612780E-1	6.996216961E-3
4.800000000E0	5.475531874E-1	7.108855688E-3
4.810000000E0	5.399771818E-1	7.067062244E-3
4.820000000E0	5.328241140E-1	7.133216189E-3
4.830000000E0	5.253055790E-1	7.048447770E-3
4.840000000E0	5.179504311E-1	7.054261353E-3
4.850000000E0	5.107789800E-1	7.228323655E-3
4.860000000E0	5.033522004E-1	7.320985098E-3
4.870000000E0	4.963175389E-1	7.382293669E-3
4.880000000E0	4.889487867E-1	7.410226526E-3
4.890000000E0	4.818817618E-1	7.657063846E-3
4.900000000E0	4.747382555E-1	7.544157971E-3
4.910000000E0	4.676263125E-1	7.618997702E-3
4.920000000E0	4.605024429E-1	7.616914241E-3
4.930000000E0	4.532566159E-1	7.721513958E-3
4.940000000E0	4.462060270E-1	8.122960287E-3
4.950000000E0	4.392151632E-1	8.387819781E-3
4.960000000E0	4.320886647E-1	9.155591068E-3
4.970000000E0	4.252386966E-1	1.003463139E-2
4.980000000E0	4.183000230E-1	9.881530078E-3
4.990000000E0	4.113104759E-1	1.006742079E-2
5.000000000E0	4.046755364E-1	1.035657054E-2
5.010000000E0	3.978906645E-1	1.075490969E-2
5.020000000E0	3.913177343E-1	1.146097456E-2
5.030000000E0	3.846604493E-1	1.190913532E-2
5.040000000E0	3.781441459E-1	1.271165923E-2
5.050000000E0	3.715525528E-1	1.314750391E-2
5.060000000E0	3.653530780E-1	1.402145273E-2
5.070000000E0	3.592057829E-1	1.486602679E-2
5.080000000E0	3.530362697E-1	1.541009152E-2
5.090000000E0	3.468978337E-1	1.621202641E-2
5.100000000E0	3.408622682E-1	1.704807761E-2
5.110000000E0	3.347881827E-1	1.775272028E-2
5.120000000E0	3.290556799E-1	1.852756691E-2
5.130000000E0	3.233381670E-1	1.953255262E-2
5.140000000E0	3.179047369E-1	2.053996255E-2
5.150000000E0	3.124375601E-1	2.158809381E-2
5.160000000E0	3.069571190E-1	2.252890145E-2
5.170000000E0	3.015850253E-1	2.360047842E-2
5.180000000E0	2.962112020E-1	2.439273426E-2
5.190000000E0	2.910006916E-1	2.516179575E-2
5.200000000E0	2.860665344E-1	2.618383080E-2
5.210000000E0	2.813801845E-1	2.724517596E-2
5.220000000E0	2.765392863E-1	2.827152733E-2
5.230000000E0	2.718211402E-1	2.930513593E-2
5.240000000E0	2.673485913E-1	3.045225529E-2
5.250000000E0	2.630833914E-1	3.134240690E-2
5.260000000E0	2.586780515E-1	3.222385720E-2
5.270000000E0	2.546967410E-1	3.309377247E-2
5.280000000E0	2.506954440E-1	3.394021310E-2
5.290000000E0	2.472056246E-1	3.485422920E-2
5.300000000E0	2.437274073E-1	3.611597783E-2
5.310000000E0	2.403893450E-1	3.722130626E-2
5.320000000E0	2.372038211E-1	3.823758142E-2
5.330000000E0	2.340994691E-1	3.885973981E-2
5.340000000E0	2.310764397E-1	3.951069351E-2
5.350000000E0	2.281955141E-1	3.996944038E-2
5.360000000E0	2.253385214E-1	4.045699201E-2
5.370000000E0	2.229479896E-1	4.122383761E-2
5.380000000E0	2.204203360E-1	4.200443030E-2
5.390000000E0	2.183237523E-1	4.267317355E-2
5.400000000E0	2.160541061E-1	4.306999697E-2
5.410000000E0	2.140892572E-1	4.371359349E-2
5.420000000E0	2.119455849E-1	4.402312565E-2
5.430000000E0	2.103513430E-1	4.486782650E-2
5.440000000E0	2.086556493E-1	4.506300685E-2
5.450000000E0	2.071434903E-1	4.549153808E-2
5.460000000E0	2.060675802E-1	4.600922421E-2
5.470000000E0	2.048800185E-1	4.624311857E-2
5.480000000E0	2.038524011E-1	4.637836320E-2
5.490000000E0	2.029491903E-1	4.655559130E-2
5.500000000E0	2.022415138E-1	4.678799847E-2
5.510000000E0	2.016689268E-1	4.720968983E-2
5.520000000E0	2.009353196E-1	4.721136611E-2
5.530000000E0	2.007262293E-1	4.727803485E-2
5.540000000E0	2.006232564E-1	4.730731623E-2
5.550000000E0	2.006563206E-1	4.729152591E-2
5.560000000E0	2.007617255E-1	4.727048346E-2
5.570000000E0	2.009079280E-1	4.720318151E-2
5.580000000E0	2.015952962E-1	4.722098395E-2
5.590000000E0	2.020562418E-1	4.706848324E-2
5.600000000E0	2.029460562E-1	4.701131836E-2
5.610000000E0	2.036616345E-1	4.671616464E-2
5.620000000E0	2.048577850E-1	4.623384166E-2
5.630000000E0	2.061419759E-1	4.601349439E-2
5.640000000E0	2.073306855E-1	4.553579930E-2
5.650000000E0	2.086808937E-1	4.501686062E-2
5.660000000E0	2.105429715E-1	4.473860002E-2
5.670000000E0	2.120422831E-1	4.404915993E-2
5.680000000E0	2.140731605E-1	4.381034494E-2
5.690000000E0	2.160125803E-1	4.312947614E-2
5.700000000E0	2.184078386E-1	4.273773436E-2
5.710000000E0	2.206177942E-1	4.193657801E-2
5.720000000E0	2.230993063E-1	4.134162057E-2
5.730000000E0	2.254354445E-1	4.059658109E-2
5.740000000E0	2.283209259E-1	4.011165071E-2
5.750000000E0	2.309370537E-1	3.961863465E-2
5.760000000E0	2.340334017E-1	3.912935847E-2
5.770000000E0	2.370400229E-1	3.847948491E-2
5.780000000E0	2.404395122E-1	3.747494442E-2
5.790000000E0	2.438203628E-1	3.632139657E-2
5.800000000E0	2.471744312E-1	3.516748537E-2
5.810000000E0	2.506743752E-1	3.411066593E-2
5.820000000E0	2.544714927E-1	3.324179767E-2
5.830000000E0	2.583380005E-1	3.197962440E-2
5.840000000E0	2.622952515E-1	3.102303648E-2
5.850000000E0	2.662475862E-1	2.990938411E-2
5.860000000E0	2.705829556E-1	2.903813237E-2
5.870000000E0	2.749605897E-1	2.826341862E-2
5.880000000E0	2.794091777E-1	2.724264685E-2
5.890000000E0	2.838662525E-1	2.620175541E-2
5.900000000E0	2.883749967E-1	2.518702560E-2
5.910000000E0	2.932061145E-1	2.418423805E-2
5.920000000E0	2.981565501E-1	2.330955969E-2
5.930000000E0	3.031371210E-1	2.239089427E-2
5.940000000E0	3.082057129E-1	2.167628597E-2
5.950000000E0	3.135200505E-1	2.071207483E-2
5.960000000E0	3.188290792E-1	1.970197996E-2
5.970000000E0	3.241045964E-1	1.870360278E-2
5.980000000E0	3.294678634E-1	1.787312739E-2
5.990000000E0	3.349544814E-1	1.706156122E-2
6.000000000E0	3.404948557E-1	1.620713684E-2
6.010000000E0	3.460619139E-1	1.535271825E-2
6.020000000E0	3.517557859E-1	1.471518299E-2
6.030000000E0	3.576897091E-1	1.397241910E-2
6.040000000E0	3.635394076E-1	1.323018745E-2
6.050000000E0	3.693012358E-1	1.269052815E-2
6.060000000E0	3.752887944E-1	1.185414583E-2
6.070000000E0	3.813810268E-1	1.143858983E-2
6.080000000E0	3.873781586E-1	1.075941919E-2
6.090000000E0	3.934738880E-1	1.038980707E-2
6.100000000E0	3.994423868E-1	9.640575599E-3
6.110000000E0	4.055939196E-1	9.345747716E-3
6.120000000E0	4.119254289E-1	9.035382355E-3
6.130000000E0	4.179843386E-1	8.892696228E-3
6.140000000E0	4.244619849E-1	9.601143241E-3
6.150000000E0	4.310725778E-1	8.756041529E-3
6.160000000E0	4.375567834E-1	7.575733220E-3
6.170000000E0	4.439484978E-1	7.154328799E-3
6.180000000E0	4.502904272E-1	6.936523600E-3
6.190000000E0	4.567748231E-1	6.564587362E-3
6.200000000E0	4.632555874E-1	6.408925343E-3
6.210000000E0	4.697838647E-1	6.217022942E-3
6.220000000E0	4.759178619E-1	6.140953297E-3
6.230000000E0	4.821425983E-1	6.087031590E-3
6.240000000E0	4.886571754E-1	6.101751333E-3
6.250000000E0	4.950754733E-1	6.011078263E-3
6.260000000E0	5.014339406E-1	6.029051736E-3
6.270000000E0	5.076702427E-1	6.060861354E-3
6.280000000E0	5.141287156E-1	6.123983021E-3
6.290000000E0	5.204655068E-1	6.169350023E-3
6.300000000E0	5.267492570E-1	6.231440638E-3
6.310000000E0	5.330838334E-1	6.301942168E-3
6.320000000E0	5.395916579E-1	6.361022163E-3
6.330000000E0	5.458531761E-1	6.422156345E-3
6.340000000E0	5.521911604E-1	6.473781486E-3
6.350000000E0	5.584890890E-1	6.530665063E-3
6.360000000E0	5.647937811E-1	6.530644778E-3
6.370000000E0	5.709126538E-1	6.760673817E-3
6.380000000E0	5.771795655E-1	6.846301471E-3
6.390000000E0	5.832431129E-1	6.944440691E-3
6.400000000E0	5.893833977E-1	7.225666746E-3
6.410000000E0	5.952960319E-1	7.388350440E-3
6.420000000E0	6.014450309E-1	7.503566813E-3
6.430000000E0	6.072796192E-1	7.840282915E-3
6.440000000E0	6.130409342E-1	8.711332354E-3
6.450000000E0	6.190196288E-1	9.324542451E-3
6.460000000E0	6.254986392E-1	8.919310843E-3
6.470000000E0	6.314348932E-1	8.401225863E-3
6.480000000E0	6.374989470E-1	8.699463423E-3
6.490000000E0	6.437062011E-1	8.814215073E-3
6.500000000E0	6.495358540E-1	9.450543541E-3
6.510000000E0	6.555581062E-1	9.797299389E-3
6.520000000E0	6.614881668E-1	1.044649615E-2
6.530000000E0	6.670965219E-1	1.084799384E-2
6.540000000E0	6.727101829E-1	1.159472768E-2
6.550000000E0	6.782229902E-1	1.214290121E-2
6.560000000E0	6.836865970E-1	1.279431660E-2
6.570000000E0	6.891040883E-1	1.360169231E-2
6.580000000E0	6.945160457E-1	1.417549149E-2
6.590000000E0	6.994712778E-1	1.497493702E-2
6.600000000E0	7.046996344E-1	1.566042575E-2
6.610000000E0	7.098618223E-1	1.628437610E-2
6.620000000E0	7.147487804E-1	1.717248925E-2
6.630000000E0	7.194594568E-1	1.786618154E-2
6.640000000E0	7.242203744E-1	1.843895122E-2
6.650000000E0	7.290472119E-1	1.936918325E-2
6.660000000E0	7.335660990E-1	2.003873858E-2
6.670000000E0	7.379635841E-1	2.070303005E-2
6.680000000E0	7.423596998E-1	2.165732366E-2
6.690000000E0	7.465017065E-1	2.250662354E-2
6.700000000E0	7.503200812E-1	2.363794280E-2
6.710000000E0	7.542241352E-1	2.425791750E-2
6.720000000E0	7.578593792E-1	2.505127277E-2
6.730000000E0	7.612783627E-1	2.604830555E-2
6.740000000E0	7.646891087E-1	2.700785955E-2
6.750000000E0	7.680462031E-1	2.792356508E-2
6.760000000E0	7.712652449E-1	2.865397958E-2
6.770000000E0	7.744768712E-1	2.949288325E-2
6.780000000E0	7.775196613E-1	3.037468808E-2
6.790000000E0	7.802213944E-1	3.110469944E-2
6.800000000E0	7.830591193E-1	3.175122384E-2
6.810000000E0	7.856061424E-1	3.255597805E-2
6.820000000E0	7.878953171E-1	3.309362146E-2
6.830000000E0	7.900848899E-1	3.389618302E-2
6.840000000E0	7.922231777E-1	3.458363445E-2
6.850000000E0	7.942508530E-1	3.538613685E-2
6.860000000E0	7.959347232E-1	3.607634665E-2
6.870000000E0	7.976644401E-1	3.678426022E-2
6.880000000E0	7.990513652E-1	3.741480743E-2
6.890000000E0	8.003848433E-1	3.783240163E-2
6.900000000E0	8.017909638E-1	3.834840092E-2
6.910000000E0	8.030562423E-1	3.854124554E-2
6.920000000E0	8.041598542E-1	3.870251203E-2
6.930000000E0	8.051620907E-1	3.888023788E-2
6.940000000E0	8.058749633E-1	3.912135106E-2
6.950000000E0	8.065635732E-1	3.946036605E-2
6.960000000E0	8.070060059E-1	3.959172392E-2
6.970000000E0	8.074909840E-1	3.958250636E-2
6.980000000E0	8.077353248E-1	3.963008086E-2
6.990000000E0	8.077786276E-1	3.962637941E-2
7.000000000E0	8.077568113E-1	3.961779392E-2
7.010000000E0	8.076946149E-1	3.956174224E-2
7.020000000E0	8.075297508E-1	3.952545690E-2
7.030000000E0	8.069735433E-1	3.955130304E-2
7.040000000E0	8.064860798E-1	3.944900514E-2
7.050000000E0	8.056097095E-1	3.943745684E-2
7.060000000E0	8.047426053E-1	3.937762554E-2
7.070000000E0	8.036837955E-1	3.908462901E-2
7.080000000E0	8.026230912E-1	3.883913120E-2
7.090000000E0	8.012406531E-1	3.850206830E-2
7.100000000E0	7.999730386E-1	3.822590059E-2
7.110000000E0	7.985182945E-1	3.761018604E-2
7.120000000E0	7.968234374E-1	3.721506066E-2
7.130000000E0	7.952934070E-1	3.644289649E-2
7.140000000E0	7.933590644E-1	3.594383044E-2
7.150000000E0	7.912933632E-1	3.525589013E-2
7.160000000E0	7.890610277E-1	3.470803627E-2
7.170000000E0	7.867825611E-1	3.400027344E-2
7.180000000E0	7.844210259E-1	3.315864805E-2
7.190000000E0	7.820019908E-1	3.258591184E-2
7.200000000E0	7.791305619E-1	3.174400420E-2
7.210000000E0	7.764653199E-1	3.080976113E-2
7.220000000E0	7.734525608E-1	3.018664749E-2
7.230000000E0	7.702771355E-1	2.943549370E-2
7.240000000E0	7.669166062E-1	2.848530876E-2
7.250000000E0	7.635813571E-1	2.752149804E-2
7.260000000E0	7.601124653E-1	2.662090182E-2
7.270000000E0	7.566906278E-1	2.579464463E-2
7.280000000E0	7.529562767E-1	2.505544394E-2
7.290000000E0	7.491062436E-1	2.404456325E-2
7.300000000E0	7.452061638E-1	2.315553228E-2
7.310000000E0	7.412413414E-1	2.231739733E-2
7.320000000E0	7.370023437E-1	2.150843181E-2
7.330000000E0	7.325869309E-1	2.064256823E-2
7.340000000E0	7.281869546E-1	1.968685355E-2
7.350000000E0	7.236767147E-1	1.899073287E-2
7.360000000E0	7.191759570E-1	1.822910028E-2
7.370000000E0	7.146717405E-1	1.739338158E-2
7.380000000E0	7.100769226E-1	1.653988999E-2
7.390000000E0	7.053700642E-1	1.589753996E-2
7.400000000E0	7.004505603E-1	1.504079869E-2
7.410000000E0	6.956273813E-1	1.427705665E-2
7.420000000E0	6.905200896E-1	1.366669580E-2
7.430000000E0	6.856894359E-1	1.289528656E-2
7.440000000E0	6.803657793E-1	1.206474385E-2
7.450000000E0	6.750423867E-1	1.156232288E-2
7.460000000E0	6.698104533E-1	1.078911755E-2
7.470000000E0	6.644876562E-1	1.037835902E-2
7.480000000E0	6.591762536E-1	9.759335858E-3
7.490000000E0	6.537290862E-1	9.407475319E-3
7.500000000E0	6.481571765E-1	8.780068566E-3
7.510000000E0	6.425958772E-1	8.384082303E-3
7.520000000E0	6.370495810E-1	8.201708030E-3
7.530000000E0	6.315202040E-1	7.911566650E-3
7.540000000E0	6.259083844E-1	8.186855568E-3
7.550000000E0	6.203559965E-1	8.819157758E-3
7.560000000E0	6.147781564E-1	8.643912894E-3
7.570000000E0	6.093426372E-1	8.237026154E-3
7.580000000E0	6.038913616E-1	7.613974156E-3
7.590000000E0	5.984220391E-1	7.411443087E-3
7.600000000E0	5.929515376E-1	7.260184826E-3
7.610000000E0	5.874502500E-1	7.188872172E-3
7.620000000E0	5.818854857E-1	6.940829742E-3
7.630000000E0	5.763484390E-1	6.894769528E-3
7.640000000E0	5.707795731E-1	6.919185008E-3
7.650000000E0	5.652359645E-1	7.085303114E-3
7.660000000E0	5.596726756E-1	6.995250105E-3
7.670000000E0	5.540989057E-1	7.192163086E-3
7.680000000E0	5.485705042E-1	7.237639716E-3
7.690000000E0	5.430016032E-1	7.250547761E-3
7.700000000E0	5.374718944E-1	7.291441114E-3
7.710000000E0	5.319251468E-1	7.298485801E-3
7.720000000E0	5.263119638E-1	7.310902154E-3
7.730000000E0	5.208412929E-1	7.341547057E-3
7.740000000E0	5.152802281E-1	7.355825689E-3
7.750000000E0	5.097607934E-1	7.374784893E-3
7.760000000E0	5.042487387E-1	7.410458080E-3
7.770000000E0	4.987414898E-1	7.417949920E-3
7.780000000E0	4.932597101E-1	7.449790061E-3
7.790000000E0	4.877522181E-1	7.494162464E-3
7.800000000E0	4.822646122E-1	7.594860664E-3
7.810000000E0	4.768998040E-1	7.612429404E-3
7.820000000E0	4.714773800E-1	7.725564157E-3
7.830000000E0	4.660156913E-1	7.803725574E-3
7.840000000E0	4.608405642E-1	8.047664457E-3
7.850000000E0	4.555550028E-1	8.334224054E-3
7.860000000E0	4.500845325E-1	8.489621706E-3
7.870000000E0	4.448537727E-1	8.589629219E-3
7.880000000E0	4.397312210E-1	8.680378988E-3
7.890000000E0	4.344923974E-1	9.005445794E-3
7.900000000E0	4.292743550E-1	9.750660057E-3
7.910000000E0	4.241860516E-1	1.005846164E-2
7.920000000E0	4.190795985E-1	9.977640859E-3
7.930000000E0	4.141199718E-1	1.016415587E-2
7.940000000E0	4.092318892E-1	1.035442564E-2
7.950000000E0	4.044479057E-1	1.071156434E-2
7.960000000E0	3.994425313E-1	1.078770434E-2
7.970000000E0	3.945317639E-1	1.110294968E-2
7.980000000E0	3.900245526E-1	1.161417241E-2
7.990000000E0	3.853840756E-1	1.185540869E-2
8.000000000E0	3.805645813E-1	1.195482439E-2
8.010000000E0	3.760069939E-1	1.260072378E-2
8.020000000E0	3.714234118E-1	1.299885763E-2
8.030000000E0	3.669801074E-1	1.356317590E-2
8.040000000E0	3.626100151E-1	1.403353717E-2
8.050000000E0	3.582710632E-1	1.434461881E-2
8.060000000E0	3.541329675E-1	1.489037602E-2
8.070000000E0	3.499636835E-1	1.529918494E-2
8.080000000E0	3.459821160E-1	1.589864131E-2
8.090000000E0	3.420369595E-1	1.628868739E-2
8.100000000E0	3.381554934E-1	1.662761405E-2
8.110000000E0	3.345253427E-1	1.727578186E-2
8.120000000E0	3.306528437E-1	1.750121862E-2
8.130000000E0	3.271194654E-1	1.832035888E-2
8.140000000E0	3.237125076E-1	1.865939346E-2
8.150000000E0	3.204385976E-1	1.939284082E-2
8.160000000E0	3.170653453E-1	1.970994371E-2
8.170000000E0	3.139142699E-1	2.042283459E-2
8.180000000E0	3.106112513E-1	2.080613365E-2
8.190000000E0	3.078893600E-1	2.160973157E-2
8.200000000E0	3.048393634E-1	2.193313429E-2
8.210000000E0	3.021650564E-1	2.262311937E-2
8.220000000E0	2.993853032E-1	2.294960877E-2
8.230000000E0	2.970385829E-1	2.369153238E-2
8.240000000E0	2.944660399E-1	2.409365301E-2
8.250000000E0	2.923279611E-1	2.473793259E-2
8.260000000E0	2.901265356E-1	2.514318669E-2
8.270000000E0	2.880550590E-1	2.552578350E-2
8.280000000E0	2.860573914E-1	2.598044706E-2
8.290000000E0	2.839617138E-1	2.626959913E-2
8.300000000E0	2.820155754E-1	2.653070579E-2
8.310000000E0	2.805041329E-1	2.707688775E-2
8.320000000E0	2.788156356E-1	2.723713714E-2
8.330000000E0	2.771756094E-1	2.749692415E-2
8.340000000E0	2.759886918E-1	2.790674604E-2
8.350000000E0	2.748017422E-1	2.834443355E-2
8.360000000E0	2.737445656E-1	2.845821403E-2
8.370000000E0	2.726568216E-1	2.855776517E-2
8.380000000E0	2.716554238E-1	2.858682209E-2
8.390000000E0	2.707135503E-1	2.859940238E-2
8.400000000E0	2.701973330E-1	2.883691490E-2
8.410000000E0	2.695222421E-1	2.861470432E-2
8.420000000E0	2.692417783E-1	2.873570453E-2
8.430000000E0	2.686523406E-1	2.852041673E-2
8.440000000E0	2.683792964E-1	2.850107657E-2
8.450000000E0	2.683308905E-1	2.851503079E-2
8.460000000E0	2.683318962E-1	2.850190322E-2
8.470000000E0	2.683528749E-1	2.852997979E-2
8.480000000E0	2.684551472E-1	2.840500936E-2
8.490000000E0	2.688408618E-1	2.817185056E-2
8.500000000E0	2.693365290E-1	2.835241033E-2
8.510000000E0	2.697028876E-1	2.827380358E-2
8.520000000E0	2.705295511E-1	2.821027812E-2
8.530000000E0	2.715431940E-1	2.795528111E-2
8.540000000E0	2.725035137E-1	2.814276507E-2
8.550000000E0	2.732073834E-1	2.750480599E-2
8.560000000E0	2.745263437E-1	2.736368857E-2
8.570000000E0	2.760362672E-1	2.717858373E-2
8.580000000E0	2.773395751E-1	2.701370157E-2
8.590000000E0	2.785805114E-1	2.648036647E-2
8.600000000E0	2.804890554E-1	2.616649874E-2
8.610000000E0	2.824625799E-1	2.600959469E-2
8.620000000E0	2.839937864E-1	2.541953187E-2
8.630000000E0	2.860352975E-1	2.505559678E-2
8.640000000E0	2.881632942E-1	2.447507479E-2
8.650000000E0	2.904011605E-1	2.399020611E-2
8.660000000E0	2.927577697E-1	2.368027392E-2
8.670000000E0	2.949835885E-1	2.302566248E-2
8.680000000E0	2.975148678E-1	2.252486544E-2
8.690000000E0	3.001715676E-1	2.226564339E-2
8.700000000E0	3.028043653E-1	2.164779910E-2
8.710000000E0	3.055916059E-1	2.121742558E-2
8.720000000E0	3.083899039E-1	2.053719169E-2
8.730000000E0	3.115119060E-1	2.009588195E-2
8.740000000E0	3.147314118E-1	1.949502993E-2
8.750000000E0	3.178539709E-1	1.887670144E-2
8.760000000E0	3.212474661E-1	1.833230145E-2
8.770000000E0	3.246070062E-1	1.769055755E-2
8.780000000E0	3.280941053E-1	1.723479073E-2
8.790000000E0	3.314838641E-1	1.651977276E-2
8.800000000E0	3.348918819E-1	1.607097160E-2
8.810000000E0	3.384924313E-1	1.544456511E-2
8.820000000E0	3.424042348E-1	1.506046122E-2
8.830000000E0	3.459869040E-1	1.442092121E-2
8.840000000E0	3.500012435E-1	1.398756746E-2
8.850000000E0	3.538110758E-1	1.356540494E-2
8.860000000E0	3.579891040E-1	1.305189989E-2
8.870000000E0	3.618116562E-1	1.258149056E-2
8.880000000E0	3.658320716E-1	1.201449540E-2
8.890000000E0	3.701526978E-1	1.169263548E-2
8.900000000E0	3.744244243E-1	1.114298196E-2
8.910000000E0	3.787831120E-1	1.058505585E-2
8.920000000E0	3.832849363E-1	1.034370060E-2
8.930000000E0	3.877311079E-1	9.904986214E-3
8.940000000E0	3.922493238E-1	9.451932135E-3
8.950000000E0	3.967689957E-1	8.952294824E-3
8.960000000E0	4.013029264E-1	8.521641889E-3
8.970000000E0	4.057707972E-1	8.293879820E-3
8.980000000E0	4.102655413E-1	7.951933042E-3
8.990000000E0	4.148208979E-1	7.845381383E-3
9.000000000E0	4.194789876E-1	8.352542812E-3
9.010000000E0	4.241669510E-1	9.348846306E-3
9.020000000E0	4.291418169E-1	9.012379928E-3
9.030000000E0	4.337558015E-1	8.323260120E-3
9.040000000E0	4.387052383E-1	7.282870597E-3
9.050000000E0	4.434663207E-1	7.059347583E-3
9.060000000E0	4.484304831E-1	6.635544334E-3
9.070000000E0	4.533636658E-1	6.263890602E-3
9.080000000E0	4.582782796E-1	6.117043582E-3
9.090000000E0	4.631571852E-1	6.126581340E-3
9.100000000E0	4.679178614E-1	6.036903668E-3
9.110000000E0	4.729772798E-1	6.034377659E-3
9.120000000E0	4.777086244E-1	5.994804131E-3
9.130000000E0	4.825150058E-1	5.874545573E-3
9.140000000E0	4.874629489E-1	6.039399895E-3
9.150000000E0	4.921708129E-1	6.011157621E-3
9.160000000E0	4.972046763E-1	6.049178812E-3
9.170000000E0	5.020927822E-1	6.221812119E-3
9.180000000E0	5.067964814E-1	6.192026383E-3
9.190000000E0	5.118630851E-1	6.212152528E-3
9.200000000E0	5.165884017E-1	6.221630942E-3
9.210000000E0	5.217422689E-1	6.250857131E-3
9.220000000E0	5.264597571E-1	6.304141256E-3
9.230000000E0	5.315103954E-1	6.300088051E-3
9.240000000E0	5.363795236E-1	6.312571525E-3
9.250000000E0	5.411512554E-1	6.371389169E-3
9.260000000E0	5.460563020E-1	6.459563259E-3
