mass_A
t	x	y
0.000000000E0	-1.375495557E-4	1.378515275E-1
1.000000000E-2	-2.881241200E-5	1.378044508E-1
2.000000000E-2	7.415046226E-4	1.374645902E-1
3.000000000E-2	1.412015935E-3	1.367946225E-1
4.000000000E-2	2.200437967E-3	1.358453452E-1
5.000000000E-2	3.657324168E-3	1.348051043E-1
6.000000000E-2	5.310022142E-3	1.335797958E-1
7.000000000E-2	7.451600740E-3	1.322784156E-1
8.000000000E-2	9.835619291E-3	1.306425151E-1
9.000000000E-2	1.281337416E-2	1.288867611E-1
1.000000000E-1	1.598505836E-2	1.268599463E-1
1.100000000E-1	1.951472796E-2	1.246937968E-1
1.200000000E-1	2.297456876E-2	1.225021582E-1
1.300000000E-1	2.674745379E-2	1.201434962E-1
1.400000000E-1	3.085051633E-2	1.177034480E-1
1.500000000E-1	3.520794710E-2	1.148414852E-1
1.600000000E-1	3.986536405E-2	1.121461381E-1
1.700000000E-1	4.499513664E-2	1.104190503E-1
1.800000000E-1	5.125648412E-2	1.092422758E-1
1.900000000E-1	5.717392740E-2	1.063801793E-1
2.000000000E-1	6.273822749E-2	1.023264308E-1
2.100000000E-1	6.817299294E-2	9.784037135E-2
2.200000000E-1	7.450611201E-2	9.474709456E-2
2.300000000E-1	8.121858621E-2	9.140386459E-2
2.400000000E-1	8.801324254E-2	8.801813523E-2
2.500000000E-1	9.474861650E-2	8.475493452E-2
2.600000000E-1	1.018228174E-1	8.135920166E-2
2.700000000E-1	1.090984945E-1	7.814333931E-2
2.800000000E-1	1.166142243E-1	7.493715803E-2
2.900000000E-1	1.245303056E-1	7.162822593E-2
3.000000000E-1	1.324949281E-1	6.835693376E-2
3.100000000E-1	1.408486790E-1	6.525474840E-2
3.200000000E-1	1.491237995E-1	6.198485734E-2
3.300000000E-1	1.576887592E-1	5.901992932E-2
3.400000000E-1	1.663774403E-1	5.606904434E-2
3.500000000E-1	1.750704692E-1	5.308415914E-2
3.600000000E-1	1.840624530E-1	5.040901866E-2
3.700000000E-1	1.930346758E-1	4.755629786E-2
3.800000000E-1	2.021318589E-1	4.495763123E-2
3.900000000E-1	2.114709202E-1	4.217969141E-2
4.000000000E-1	2.210486820E-1	3.960587571E-2
4.100000000E-1	2.306570285E-1	3.843460802E-2
4.200000000E-1	2.404882231E-1	3.808743203E-2
4.300000000E-1	2.507708822E-1	3.319341421E-2
4.400000000E-1	2.612000169E-1	3.036287093E-2
4.500000000E-1	2.715647807E-1	2.780985075E-2
4.600000000E-1	2.821113149E-1	2.553162150E-2
4.700000000E-1	2.923566352E-1	2.341907517E-2
4.800000000E-1	3.030700983E-1	2.138971280E-2
4.900000000E-1	3.137618265E-1	1.940946114E-2
5.000000000E-1	3.243405442E-1	1.774443341E-2
5.100000000E-1	3.351428746E-1	1.610122864E-2
5.200000000E-1	3.461502077E-1	1.438996135E-2
5.300000000E-1	3.571740102E-1	1.302807395E-2
5.400000000E-1	3.683336702E-1	1.187042689E-2
5.500000000E-1	3.796299102E-1	1.047733399E-2
5.600000000E-1	3.907791378E-1	9.623652023E-3
5.700000000E-1	4.020404516E-1	8.692117956E-3
5.800000000E-1	4.131024228E-1	8.006880032E-3
5.900000000E-1	4.241365957E-1	1.014598662E-2
6.000000000E-1	4.353793400E-1	8.359308954E-3
6.100000000E-1	4.467386404E-1	6.334813543E-3
6.200000000E-1	4.583055389E-1	5.755956263E-3
6.300000000E-1	4.697407161E-1	5.518818898E-3
6.400000000E-1	4.809184539E-1	5.328409826E-3
6.500000000E-1	4.924450433E-1	5.250106241E-3
6.600000000E-1	5.039106339E-1	5.233958105E-3
6.700000000E-1	5.151031805E-1	5.160610145E-3
6.800000000E-1	5.262329675E-1	5.344403271E-3
6.900000000E-1	5.372711336E-1	5.445952601E-3
7.000000000E-1	5.482575516E-1	5.517433422E-3
7.100000000E-1	5.591567397E-1	5.571383685E-3
7.200000000E-1	5.701936157E-1	5.653535758E-3
7.300000000E-1	5.812721884E-1	5.801469733E-3
7.400000000E-1	5.922384017E-1	5.890818647E-3
7.500000000E-1	6.032073866E-1	6.416048744E-3
7.600000000E-1	6.136185210E-1	9.100293459E-3
7.700000000E-1	6.249356617E-1	8.586082576E-3
7.800000000E-1	6.360952073E-1	7.523223941E-3
7.900000000E-1	6.472265675E-1	8.278840392E-3
8.000000000E-1	6.580271113E-1	9.633215191E-3
8.100000000E-1	6.683890253E-1	1.036675126E-2
8.200000000E-1	6.789582647E-1	1.141698135E-2
8.300000000E-1	6.893717115E-1	1.249912762E-2
8.400000000E-1	6.998610073E-1	1.409842714E-2
8.500000000E-1	7.100842250E-1	1.557096643E-2
8.600000000E-1	7.201966929E-1	1.752103448E-2
8.700000000E-1	7.303100991E-1	1.929288422E-2
8.800000000E-1	7.400527944E-1	2.123373111E-2
8.900000000E-1	7.498269906E-1	2.321860162E-2
9.000000000E-1	7.591266113E-1	2.537317420E-2
9.100000000E-1	7.683894717E-1	2.754885220E-2
9.200000000E-1	7.774538127E-1	2.972904471E-2
9.300000000E-1	7.862333618E-1	3.199203694E-2
9.400000000E-1	7.946367886E-1	3.513788594E-2
9.500000000E-1	8.030413823E-1	3.876343907E-2
9.600000000E-1	8.119468237E-1	3.989000786E-2
9.700000000E-1	8.203298336E-1	4.136881465E-2
9.800000000E-1	8.289219989E-1	4.381149815E-2
9.900000000E-1	8.371164782E-1	4.621552698E-2
1.000000000E0	8.448642185E-1	4.850541832E-2
1.010000000E0	8.524085052E-1	5.078840517E-2
1.020000000E0	8.599149076E-1	5.304964143E-2
1.030000000E0	8.669402887E-1	5.546915571E-2
1.040000000E0	8.738990585E-1	5.812019578E-2
1.050000000E0	8.804987200E-1	6.054784841E-2
1.060000000E0	8.867715095E-1	6.287541061E-2
1.070000000E0	8.931509985E-1	6.514383991E-2
1.080000000E0	8.993185698E-1	6.745554639E-2
1.090000000E0	9.052946601E-1	6.980128092E-2
1.100000000E0	9.108814235E-1	7.203032411E-2
1.110000000E0	9.163603618E-1	7.440097918E-2
1.120000000E0	9.216097873E-1	7.677388771E-2
1.130000000E0	9.263878695E-1	7.916310230E-2
1.140000000E0	9.309579551E-1	8.142675772E-2
1.150000000E0	9.353763984E-1	8.366037474E-2
1.160000000E0	9.395740327E-1	8.583982294E-2
1.170000000E0	9.437544499E-1	8.799273998E-2
1.180000000E0	9.472932030E-1	9.014880533E-2
1.190000000E0	9.506359774E-1	9.184060143E-2
1.200000000E0	9.538136560E-1	9.354993225E-2
1.210000000E0	9.567943446E-1	9.480599421E-2
1.220000000E0	9.593821470E-1	9.596707485E-2
1.230000000E0	9.617206300E-1	9.704126446E-2
1.240000000E0	9.638102437E-1	9.812080567E-2
1.250000000E0	9.658387103E-1	9.912652370E-2
1.260000000E0	9.672364507E-1	9.992289226E-2
1.270000000E0	9.685759584E-1	1.005718428E-1
1.280000000E0	9.695934488E-1	1.012808149E-1
1.290000000E0	9.704377716E-1	1.015090030E-1
1.300000000E0	9.712741466E-1	1.017144163E-1
1.310000000E0	9.716056174E-1	1.018666146E-1
1.320000000E0	9.716966933E-1	1.017143210E-1
1.330000000E0	9.715878152E-1	1.015220041E-1
1.340000000E0	9.714221095E-1	1.013877442E-1
1.350000000E0	9.707692805E-1	1.010600761E-1
1.360000000E0	9.700175920E-1	1.004486898E-1
1.370000000E0	9.690042121E-1	9.995371833E-2
1.380000000E0	9.674359621E-1	9.920676713E-2
1.390000000E0	9.658636707E-1	9.816210534E-2
1.400000000E0	9.637937635E-1	9.712967361E-2
1.410000000E0	9.616077224E-1	9.597403812E-2
1.420000000E0	9.593394972E-1	9.481774887E-2
1.430000000E0	9.569115510E-1	9.358619375E-2
1.440000000E0	9.539753610E-1	9.231046855E-2
1.450000000E0	9.511349667E-1	9.060040204E-2
1.460000000E0	9.481444653E-1	8.918539036E-2
1.470000000E0	9.448438682E-1	8.734745634E-2
1.480000000E0	9.412864214E-1	8.575676772E-2
1.490000000E0	9.374476900E-1	8.385266053E-2
1.500000000E0	9.336429362E-1	8.198452524E-2
1.510000000E0	9.295290952E-1	8.021963338E-2
1.520000000E0	9.251408230E-1	7.828203162E-2
1.530000000E0	9.206543904E-1	7.618755200E-2
1.540000000E0	9.159000544E-1	7.423189895E-2
1.550000000E0	9.109244637E-1	7.225802853E-2
1.560000000E0	9.057274132E-1	7.036595425E-2
1.570000000E0	9.004151057E-1	6.825487076E-2
1.580000000E0	8.950414374E-1	6.610465669E-2
1.590000000E0	8.894375174E-1	6.392559103E-2
1.600000000E0	8.834126153E-1	6.178627552E-2
1.610000000E0	8.775114636E-1	5.969394134E-2
1.620000000E0	8.711881860E-1	5.758444717E-2
1.630000000E0	8.647449787E-1	5.554376264E-2
1.640000000E0	8.582012760E-1	5.359926949E-2
1.650000000E0	8.515711055E-1	5.162502266E-2
1.660000000E0	8.447467844E-1	4.947630366E-2
1.670000000E0	8.380428165E-1	4.729171540E-2
1.680000000E0	8.308209972E-1	4.504869658E-2
1.690000000E0	8.235413799E-1	4.284488880E-2
1.700000000E0	8.160061721E-1	4.071927706E-2
1.710000000E0	8.084764090E-1	3.975253961E-2
1.720000000E0	8.004609943E-1	3.834835118E-2
1.730000000E0	7.929133120E-1	3.525146200E-2
1.740000000E0	7.851017449E-1	3.256428958E-2
1.750000000E0	7.772739138E-1	3.037008854E-2
1.760000000E0	7.688604985E-1	2.839409014E-2
1.770000000E0	7.606703746E-1	2.646138935E-2
1.780000000E0	7.522143255E-1	2.433845205E-2
1.790000000E0	7.435873637E-1	2.225138194E-2
1.800000000E0	7.352203515E-1	2.068607769E-2
1.810000000E0	7.265272867E-1	1.889092501E-2
1.820000000E0	7.177780867E-1	1.739752203E-2
1.830000000E0	7.088193093E-1	1.563275848E-2
1.840000000E0	6.998343048E-1	1.429201808E-2
1.850000000E0	6.904541943E-1	1.307426939E-2
1.860000000E0	6.812674673E-1	1.201815930E-2
1.870000000E0	6.716850156E-1	1.084141880E-2
1.880000000E0	6.624681991E-1	9.880112977E-3
1.890000000E0	6.529563684E-1	8.980635397E-3
1.900000000E0	6.436450776E-1	8.499808917E-3
1.910000000E0	6.340287146E-1	7.902399153E-3
1.920000000E0	6.247186588E-1	8.817501282E-3
1.930000000E0	6.151314980E-1	9.593629983E-3
1.940000000E0	6.061580236E-1	7.869601178E-3
1.950000000E0	5.969326941E-1	7.278661981E-3
1.960000000E0	5.875248541E-1	7.216148041E-3
1.970000000E0	5.778183929E-1	6.854228189E-3
1.980000000E0	5.683094633E-1	6.658107665E-3
1.990000000E0	5.587957093E-1	6.542691560E-3
2.000000000E0	5.492574353E-1	6.421196871E-3
2.010000000E0	5.399597805E-1	6.451340749E-3
2.020000000E0	5.305013213E-1	6.444140565E-3
2.030000000E0	5.213046366E-1	6.488930337E-3
2.040000000E0	5.118619244E-1	6.494178361E-3
2.050000000E0	5.027224749E-1	6.572900217E-3
2.060000000E0	4.933592385E-1	6.546925682E-3
2.070000000E0	4.840649323E-1	6.574929182E-3
2.080000000E0	4.749095113E-1	6.706722257E-3
2.090000000E0	4.654244007E-1	6.848856435E-3
2.100000000E0	4.563144560E-1	7.198162025E-3
2.110000000E0	4.467523574E-1	7.685849159E-3
2.120000000E0	4.375614482E-1	8.517476708E-3
2.130000000E0	4.284981680E-1	1.012409218E-2
2.140000000E0	4.196784868E-1	1.007589621E-2
2.150000000E0	4.110158606E-1	1.007078443E-2
2.160000000E0	4.024052477E-1	1.064620475E-2
2.170000000E0	3.935164305E-1	1.127050749E-2
2.180000000E0	3.848135859E-1	1.197401974E-2
2.190000000E0	3.760196336E-1	1.273511763E-2
2.200000000E0	3.673531888E-1	1.371406637E-2
2.210000000E0	3.589186847E-1	1.449469533E-2
2.220000000E0	3.505498825E-1	1.550536465E-2
2.230000000E0	3.420597087E-1	1.661051468E-2
2.240000000E0	3.338750646E-1	1.790896894E-2
2.250000000E0	3.257051171E-1	1.897363310E-2
2.260000000E0	3.175231956E-1	2.004373038E-2
2.270000000E0	3.097087263E-1	2.141367773E-2
2.280000000E0	3.020115593E-1	2.288684172E-2
2.290000000E0	2.943786162E-1	2.423507135E-2
2.300000000E0	2.869592561E-1	2.555515980E-2
2.310000000E0	2.796944286E-1	2.729953713E-2
2.320000000E0	2.724014994E-1	2.869034163E-2
2.330000000E0	2.654634571E-1	3.010129066E-2
2.340000000E0	2.585415695E-1	3.178019383E-2
2.350000000E0	2.519479236E-1	3.330563932E-2
2.360000000E0	2.454702398E-1	3.592176865E-2
2.370000000E0	2.392511884E-1	3.847639552E-2
2.380000000E0	2.330523639E-1	3.954413461E-2
2.390000000E0	2.267715933E-1	4.054935828E-2
2.400000000E0	2.207587194E-1	4.186911201E-2
2.410000000E0	2.148027431E-1	4.317745625E-2
2.420000000E0	2.092208731E-1	4.489516225E-2
2.430000000E0	2.037070652E-1	4.638173180E-2
2.440000000E0	1.982656922E-1	4.785850416E-2
2.450000000E0	1.930441221E-1	4.940498859E-2
2.460000000E0	1.882125304E-1	5.088191981E-2
2.470000000E0	1.833677459E-1	5.247888481E-2
2.480000000E0	1.785552321E-1	5.404430333E-2
2.490000000E0	1.741351076E-1	5.537858332E-2
2.500000000E0	1.698623946E-1	5.689964166E-2
2.510000000E0	1.657978091E-1	5.835658942E-2
2.520000000E0	1.618945129E-1	5.966660322E-2
2.530000000E0	1.581566968E-1	6.085940093E-2
2.540000000E0	1.546791619E-1	6.196527090E-2
2.550000000E0	1.511824422E-1	6.304617433E-2
2.560000000E0	1.479680824E-1	6.409375789E-2
2.570000000E0	1.451361531E-1	6.518580208E-2
2.580000000E0	1.422360390E-1	6.615811084E-2
2.590000000E0	1.398185936E-1	6.723284257E-2
2.600000000E0	1.375459374E-1	6.829000312E-2
2.610000000E0	1.354089540E-1	6.918819310E-2
2.620000000E0	1.332200181E-1	6.978317698E-2
2.630000000E0	1.312823426E-1	7.050864797E-2
2.640000000E0	1.298995696E-1	7.138027939E-2
2.650000000E0	1.283814535E-1	7.182926346E-2
2.660000000E0	1.273057548E-1	7.250096461E-2
2.670000000E0	1.264320221E-1	7.285797574E-2
2.680000000E0	1.255473050E-1	7.303228484E-2
2.690000000E0	1.246776501E-1	7.321669755E-2
2.700000000E0	1.244761910E-1	7.357137958E-2
2.710000000E0	1.243458596E-1	7.376652799E-2
2.720000000E0	1.243525861E-1	7.380820140E-2
2.730000000E0	1.244421162E-1	7.378230218E-2
2.740000000E0	1.246133831E-1	7.365388884E-2
2.750000000E0	1.253805316E-1	7.353276040E-2
2.760000000E0	1.258768586E-1	7.299754494E-2
2.770000000E0	1.267684942E-1	7.272520661E-2
2.780000000E0	1.278181791E-1	7.212925873E-2
2.790000000E0	1.292114772E-1	7.150676903E-2
2.800000000E0	1.308722226E-1	7.083793366E-2
2.810000000E0	1.326092321E-1	7.008598546E-2
2.820000000E0	1.344342327E-1	6.942745016E-2
2.830000000E0	1.365728847E-1	6.844303250E-2
2.840000000E0	1.388341053E-1	6.746576012E-2
2.850000000E0	1.411922956E-1	6.643905814E-2
2.860000000E0	1.440577520E-1	6.530655183E-2
2.870000000E0	1.467516973E-1	6.404318526E-2
2.880000000E0	1.498855860E-1	6.292870305E-2
2.890000000E0	1.531722580E-1	6.177629447E-2
2.900000000E0	1.565077280E-1	6.059294053E-2
2.910000000E0	1.601006572E-1	5.932260102E-2
2.920000000E0	1.639893379E-1	5.819533762E-2
2.930000000E0	1.676602526E-1	5.665907163E-2
2.940000000E0	1.718725726E-1	5.519557168E-2
2.950000000E0	1.761977812E-1	5.393952776E-2
2.960000000E0	1.806464819E-1	5.243821580E-2
2.970000000E0	1.851424866E-1	5.082046415E-2
2.980000000E0	1.897874224E-1	4.949324086E-2
2.990000000E0	1.949061258E-1	4.806306092E-2
3.000000000E0	1.999792081E-1	4.638805986E-2
3.010000000E0	2.051140519E-1	4.508390109E-2
3.020000000E0	2.106411311E-1	4.365400490E-2
3.030000000E0	2.161624817E-1	4.205460792E-2
3.040000000E0	2.217905988E-1	4.071218244E-2
3.050000000E0	2.277604834E-1	3.976663807E-2
3.060000000E0	2.338373221E-1	3.924044159E-2
3.070000000E0	2.400363476E-1	3.835448880E-2
3.080000000E0	2.462618616E-1	3.636556577E-2
3.090000000E0	2.526993163E-1	3.348696932E-2
3.100000000E0	2.591523737E-1	3.185031893E-2
3.110000000E0	2.657198030E-1	3.039768050E-2
3.120000000E0	2.725551889E-1	2.893968803E-2
3.130000000E0	2.794018542E-1	2.755022037E-2
3.140000000E0	2.862566473E-1	2.624986597E-2
3.150000000E0	2.932090749E-1	2.493151104E-2
3.160000000E0	3.005527771E-1	2.354964369E-2
3.170000000E0	3.076982253E-1	2.208977508E-2
3.180000000E0	3.151718579E-1	2.085709505E-2
3.190000000E0	3.227469990E-1	1.968542710E-2
3.200000000E0	3.304297530E-1	1.860406090E-2
3.210000000E0	3.382280375E-1	1.752444892E-2
3.220000000E0	3.460476649E-1	1.644373693E-2
3.230000000E0	3.538494421E-1	1.539691774E-2
3.240000000E0	3.616291521E-1	1.432685120E-2
3.250000000E0	3.695013042E-1	1.333330656E-2
3.260000000E0	3.774433045E-1	1.253760610E-2
3.270000000E0	3.853355842E-1	1.184048132E-2
3.280000000E0	3.934867003E-1	1.114320424E-2
3.290000000E0	4.014289348E-1	1.065782451E-2
3.300000000E0	4.092371958E-1	1.003868497E-2
3.310000000E0	4.171819535E-1	9.886560179E-3
3.320000000E0	4.252024956E-1	1.025382558E-2
3.330000000E0	4.333819388E-1	9.568536502E-3
3.340000000E0	4.420390424E-1	7.920952291E-3
3.350000000E0	4.502619681E-1	7.638575490E-3
3.360000000E0	4.587284950E-1	7.412686689E-3
3.370000000E0	4.672284763E-1	7.077159209E-3
3.380000000E0	4.753811349E-1	6.760720739E-3
3.390000000E0	4.837154876E-1	6.530995700E-3
3.400000000E0	4.918095121E-1	6.584983055E-3
3.410000000E0	5.000279527E-1	6.556978694E-3
3.420000000E0	5.082468133E-1	6.528333600E-3
3.430000000E0	5.162577997E-1	6.506516899E-3
3.440000000E0	5.245964450E-1	6.540258093E-3
3.450000000E0	5.326335215E-1	6.585606927E-3
3.460000000E0	5.409059407E-1	6.592080086E-3
3.470000000E0	5.490883464E-1	6.606618324E-3
3.480000000E0	5.572754914E-1	6.684357194E-3
3.490000000E0	5.654751639E-1	6.723533398E-3
3.500000000E0	5.734726738E-1	6.798743307E-3
3.510000000E0	5.816563169E-1	6.894897744E-3
3.520000000E0	5.898039260E-1	6.931731536E-3
3.530000000E0	5.977268006E-1	6.963884866E-3
3.540000000E0	6.055216897E-1	7.455743850E-3
3.550000000E0	6.129642097E-1	9.106235722E-3
3.560000000E0	6.206939061E-1	9.579885666E-3
3.570000000E0	6.289909568E-1	8.615894281E-3
3.580000000E0	6.371297646E-1	8.206647988E-3
3.590000000E0	6.450736394E-1	8.425752207E-3
3.600000000E0	6.528851095E-1	9.035127035E-3
3.610000000E0	6.605724595E-1	9.657266451E-3
3.620000000E0	6.682018570E-1	1.021546595E-2
3.630000000E0	6.759020325E-1	1.101240555E-2
3.640000000E0	6.834739179E-1	1.201890840E-2
3.650000000E0	6.905952997E-1	1.305721325E-2
3.660000000E0	6.978963020E-1	1.422027447E-2
3.670000000E0	7.049150986E-1	1.534538811E-2
3.680000000E0	7.120762029E-1	1.646734062E-2
3.690000000E0	7.188929666E-1	1.767585364E-2
3.700000000E0	7.255944102E-1	1.887827051E-2
3.710000000E0	7.322104656E-1	2.014182568E-2
3.720000000E0	7.387817298E-1	2.157063051E-2
3.730000000E0	7.453042452E-1	2.302077916E-2
3.740000000E0	7.516085241E-1	2.427756507E-2
3.750000000E0	7.576670156E-1	2.557176077E-2
3.760000000E0	7.637702689E-1	2.709375271E-2
3.770000000E0	7.696700863E-1	2.854826120E-2
3.780000000E0	7.753548127E-1	2.985745107E-2
3.790000000E0	7.808432970E-1	3.122489426E-2
3.800000000E0	7.863543411E-1	3.277068059E-2
3.810000000E0	7.916249204E-1	3.439925740E-2
3.820000000E0	7.963596208E-1	3.645373139E-2
3.830000000E0	8.013178793E-1	3.848340260E-2
3.840000000E0	8.065099207E-1	3.970010305E-2
3.850000000E0	8.112258487E-1	4.027103607E-2
3.860000000E0	8.160082813E-1	4.118511769E-2
3.870000000E0	8.204800041E-1	4.199807808E-2
3.880000000E0	8.248417130E-1	4.306753847E-2
3.890000000E0	8.291240292E-1	4.414660623E-2
3.900000000E0	8.333677568E-1	4.522058194E-2
3.910000000E0	8.371009930E-1	4.641210168E-2
3.920000000E0	8.407975362E-1	4.753218609E-2
3.930000000E0	8.441154955E-1	4.853198639E-2
3.940000000E0	8.470950533E-1	4.954814722E-2
3.950000000E0	8.502248931E-1	5.060088465E-2
3.960000000E0	8.532914811E-1	5.153935396E-2
3.970000000E0	8.558995529E-1	5.246731162E-2
3.980000000E0	8.586595967E-1	5.332060905E-2
3.990000000E0	8.611640383E-1	5.404027670E-2
4.000000000E0	8.634186898E-1	5.493955076E-2
4.010000000E0	8.655669762E-1	5.546495200E-2
4.020000000E0	8.676630350E-1	5.616604481E-2
4.030000000E0	8.692953979E-1	5.675908239E-2
4.040000000E0	8.710212202E-1	5.728292121E-2
4.050000000E0	8.723655733E-1	5.774594964E-2
4.060000000E0	8.735326242E-1	5.829042176E-2
4.070000000E0	8.746076327E-1	5.852585693E-2
4.080000000E0	8.756249055E-1	5.898696014E-2
4.090000000E0	8.765374521E-1	5.929619838E-2
4.100000000E0	8.769781698E-1	5.953996358E-2
4.110000000E0	8.776629151E-1	5.959391033E-2
4.120000000E0	8.778404373E-1	5.967843385E-2
4.130000000E0	8.779187878E-1	5.972066599E-2
4.140000000E0	8.778594554E-1	5.967496983E-2
4.150000000E0	8.777735569E-1	5.962056171E-2
4.160000000E0	8.776260414E-1	5.958000635E-2
4.170000000E0	8.770047357E-1	5.956464671E-2
4.180000000E0	8.764893755E-1	5.945298673E-2
4.190000000E0	8.755708557E-1	5.938182291E-2
4.200000000E0	8.745564041E-1	5.900546266E-2
4.210000000E0	8.734131705E-1	5.862393042E-2
4.220000000E0	8.722138012E-1	5.839625061E-2
4.230000000E0	8.708775404E-1	5.781040703E-2
4.240000000E0	8.690391665E-1	5.732379822E-2
4.250000000E0	8.675391383E-1	5.676291453E-2
4.260000000E0	8.655939482E-1	5.616444714E-2
4.270000000E0	8.634894163E-1	5.520137128E-2
4.280000000E0	8.613068792E-1	5.433758889E-2
4.290000000E0	8.590402695E-1	5.367521892E-2
4.300000000E0	8.567324901E-1	5.286963999E-2
4.310000000E0	8.542177021E-1	5.187835363E-2
4.320000000E0	8.513591340E-1	5.088941418E-2
4.330000000E0	8.485049617E-1	4.994602661E-2
4.340000000E0	8.454495254E-1	4.883828246E-2
4.350000000E0	8.423337206E-1	4.779498697E-2
4.360000000E0	8.390399926E-1	4.660364629E-2
4.370000000E0	8.356007174E-1	4.537171494E-2
4.380000000E0	8.316205320E-1	4.418033365E-2
4.390000000E0	8.278708366E-1	4.294145990E-2
4.400000000E0	8.238525666E-1	4.174908484E-2
4.410000000E0	8.195878623E-1	4.060417036E-2
4.420000000E0	8.152246865E-1	3.967478342E-2
4.430000000E0	8.105915036E-1	3.942044098E-2
4.440000000E0	8.059383275E-1	3.892605526E-2
4.450000000E0	8.008814142E-1	3.808450649E-2
4.460000000E0	7.959597113E-1	3.642700385E-2
4.470000000E0	7.912406356E-1	3.422102097E-2
4.480000000E0	7.862340066E-1	3.225216359E-2
4.490000000E0	7.808071585E-1	3.080798431E-2
4.500000000E0	7.753938455E-1	2.945839827E-2
4.510000000E0	7.697961794E-1	2.823395798E-2
4.520000000E0	7.641128489E-1	2.722848281E-2
4.530000000E0	7.583856868E-1	2.585645939E-2
4.540000000E0	7.525466324E-1	2.433209309E-2
4.550000000E0	7.465204278E-1	2.308417893E-2
4.560000000E0	7.404694388E-1	2.188388645E-2
4.570000000E0	7.343841457E-1	2.078714482E-2
4.580000000E0	7.279737757E-1	1.951100978E-2
4.590000000E0	7.215320255E-1	1.837891829E-2
4.600000000E0	7.150465090E-1	1.726304687E-2
4.610000000E0	7.081816955E-1	1.617178250E-2
4.620000000E0	7.014052329E-1	1.528586944E-2
4.630000000E0	6.946600894E-1	1.424322135E-2
4.640000000E0	6.878949801E-1	1.323860664E-2
4.650000000E0	6.806826685E-1	1.219630454E-2
4.660000000E0	6.736337388E-1	1.119183867E-2
4.670000000E0	6.663330446E-1	1.034187093E-2
4.680000000E0	6.593906960E-1	9.695182417E-3
4.690000000E0	6.522906835E-1	8.969243867E-3
4.700000000E0	6.451325171E-1	8.556205088E-3
4.710000000E0	6.375969895E-1	7.928274102E-3
4.720000000E0	6.305738224E-1	7.649048297E-3
4.730000000E0	6.233378280E-1	8.825217609E-3
4.740000000E0	6.156284026E-1	9.385900654E-3
4.750000000E0	6.086016384E-1	8.068513846E-3
4.760000000E0	6.016970513E-1	7.174731715E-3
4.770000000E0	5.946301022E-1	6.873145887E-3
4.780000000E0	5.875176202E-1	6.664582270E-3
4.790000000E0	5.801447700E-1	6.562239701E-3
4.800000000E0	5.729020217E-1	6.539619611E-3
4.810000000E0	5.656447520E-1	6.479834731E-3
4.820000000E0	5.583733988E-1	6.333080474E-3
4.830000000E0	5.510880636E-1	6.375461377E-3
4.840000000E0	5.437580418E-1	6.377150931E-3
4.850000000E0	5.367627901E-1	6.470586207E-3
4.860000000E0	5.294463768E-1	6.480485292E-3
4.870000000E0	5.224106282E-1	6.463840945E-3
4.880000000E0	5.151291689E-1	6.487650435E-3
4.890000000E0	5.081713938E-1	6.547893793E-3
4.900000000E0	5.008937185E-1	6.549150501E-3
4.910000000E0	4.939101662E-1	6.581328020E-3
4.920000000E0	4.868251881E-1	6.620073072E-3
4.930000000E0	4.797299560E-1	6.644639494E-3
4.940000000E0	4.728444653E-1	6.764430229E-3
4.950000000E0	4.655701066E-1	6.927467617E-3
4.960000000E0	4.585749787E-1	7.094902754E-3
4.970000000E0	4.513763221E-1	7.206569427E-3
4.980000000E0	4.442821336E-1	7.603143269E-3
4.990000000E0	4.375358880E-1	8.238361526E-3
5.000000000E0	4.304565733E-1	9.880693145E-3
5.010000000E0	4.234929524E-1	1.011088333E-2
5.020000000E0	4.168001496E-1	9.824138016E-3
5.030000000E0	4.101729122E-1	9.935255205E-3
5.040000000E0	4.035475191E-1	1.012760445E-2
5.050000000E0	3.970023372E-1	1.054568946E-2
5.060000000E0	3.903875141E-1	1.107313312E-2
5.070000000E0	3.839321068E-1	1.177131300E-2
5.080000000E0	3.775199781E-1	1.220190852E-2
5.090000000E0	3.712163160E-1	1.297095259E-2
5.100000000E0	3.648980379E-1	1.345937190E-2
5.110000000E0	3.586354522E-1	1.428284047E-2
5.120000000E0	3.526944322E-1	1.519425884E-2
5.130000000E0	3.463040254E-1	1.581484559E-2
5.140000000E0	3.404745607E-1	1.658306232E-2
5.150000000E0	3.347258861E-1	1.755405482E-2
5.160000000E0	3.288361915E-1	1.845915473E-2
5.170000000E0	3.231149674E-1	1.930612890E-2
5.180000000E0	3.174846142E-1	2.007255185E-2
5.190000000E0	3.120028404E-1	2.098704947E-2
5.200000000E0	3.066018656E-1	2.202202319E-2
5.210000000E0	3.014704346E-1	2.292681224E-2
5.220000000E0	2.964393719E-1	2.399802551E-2
5.230000000E0	2.913104211E-1	2.488307147E-2
5.240000000E0	2.865421906E-1	2.600713919E-2
5.250000000E0	2.820196085E-1	2.703251885E-2
5.260000000E0	2.773042766E-1	2.804595127E-2
5.270000000E0	2.729584864E-1	2.879553227E-2
5.280000000E0	2.687608758E-1	2.976062375E-2
5.290000000E0	2.644760578E-1	3.071546547E-2
5.300000000E0	2.602452143E-1	3.158822814E-2
5.310000000E0	2.560784896E-1	3.225785904E-2
5.320000000E0	2.523222341E-1	3.308344116E-2
5.330000000E0	2.488306591E-1	3.415101870E-2
5.340000000E0	2.454516334E-1	3.553306847E-2
5.350000000E0	2.422509248E-1	3.676591324E-2
5.360000000E0	2.389633794E-1	3.793071726E-2
5.370000000E0	2.358949975E-1	3.862152515E-2
5.380000000E0	2.327347384E-1	3.924955815E-2
5.390000000E0	2.297534074E-1	3.975861613E-2
5.400000000E0	2.269934018E-1	4.045818865E-2
5.410000000E0	2.243931015E-1	4.108108510E-2
5.420000000E0	2.219491670E-1	4.147336803E-2
5.430000000E0	2.194394461E-1	4.219744122E-2
5.440000000E0	2.172966832E-1	4.280454493E-2
5.450000000E0	2.150946238E-1	4.315517259E-2
5.460000000E0	2.133371381E-1	4.391990755E-2
5.470000000E0	2.116168702E-1	4.417756331E-2
5.480000000E0	2.101758578E-1	4.482788841E-2
5.490000000E0	2.085518578E-1	4.515898088E-2
5.500000000E0	2.072014548E-1	4.534672334E-2
5.510000000E0	2.060435030E-1	4.573247517E-2
5.520000000E0	2.050760997E-1	4.605211615E-2
5.530000000E0	2.040552722E-1	4.628545450E-2
5.540000000E0	2.032450351E-1	4.636093278E-2
5.550000000E0	2.027238382E-1	4.645481713E-2
5.560000000E0	2.023808928E-1	4.655913193E-2
5.570000000E0	2.019951593E-1	4.644822292E-2
5.580000000E0	2.018132691E-1	4.637901004E-2
5.590000000E0	2.018369546E-1	4.635128376E-2
5.600000000E0	2.021418714E-1	4.628840514E-2
5.610000000E0	2.026092436E-1	4.627352894E-2
5.620000000E0	2.030147639E-1	4.607231878E-2
5.630000000E0	2.038607165E-1	4.607641799E-2
5.640000000E0	2.046454236E-1	4.571393644E-2
5.650000000E0	2.058807190E-1	4.527031395E-2
5.660000000E0	2.071186173E-1	4.502129442E-2
5.670000000E0	2.083054097E-1	4.443316974E-2
5.680000000E0	2.096761506E-1	4.405606138E-2
5.690000000E0	2.114802999E-1	4.385505667E-2
5.700000000E0	2.129747694E-1	4.312715687E-2
5.710000000E0	2.150050764E-1	4.277524193E-2
5.720000000E0	2.170940399E-1	4.212806333E-2
5.730000000E0	2.193816863E-1	4.174276056E-2
5.740000000E0	2.216108387E-1	4.096152323E-2
5.750000000E0	2.241433027E-1	4.043109940E-2
5.760000000E0	2.268934039E-1	3.992738058E-2
5.770000000E0	2.295702134E-1	3.956244824E-2
5.780000000E0	2.326247040E-1	3.934682489E-2
5.790000000E0	2.355447411E-1	3.906683645E-2
5.800000000E0	2.388219408E-1	3.848266091E-2
5.810000000E0	2.422175436E-1	3.758706169E-2
5.820000000E0	2.456740533E-1	3.638202690E-2
5.830000000E0	2.492116920E-1	3.508321232E-2
5.840000000E0	2.527457291E-1	3.398090503E-2
5.850000000E0	2.565731241E-1	3.309324481E-2
5.860000000E0	2.605646193E-1	3.208344031E-2
5.870000000E0	2.644547236E-1	3.114770049E-2
5.880000000E0	2.688708078E-1	3.034466908E-2
5.890000000E0	2.731525396E-1	2.964254403E-2
5.900000000E0	2.775633825E-1	2.872857685E-2
5.910000000E0	2.820122394E-1	2.769516856E-2
5.920000000E0	2.865597662E-1	2.664906539E-2
5.930000000E0	2.909912860E-1	2.562157186E-2
5.940000000E0	2.956579064E-1	2.458549612E-2
5.950000000E0	3.007001892E-1	2.394470928E-2
5.960000000E0	3.055114103E-1	2.299717919E-2
5.970000000E0	3.107290862E-1	2.203846729E-2
5.980000000E0	3.157347871E-1	2.101334762E-2
5.990000000E0	3.209415961E-1	2.003728063E-2
6.000000000E0	3.263025817E-1	1.925403099E-2
6.010000000E0	3.318351834E-1	1.851710756E-2
6.020000000E0	3.373663069E-1	1.760908621E-2
6.030000000E0	3.429539874E-1	1.661105887E-2
6.040000000E0	3.485815450E-1	1.573331741E-2
6.050000000E0	3.544818603E-1	1.512175735E-2
6.060000000E0	3.603954275E-1	1.436751605E-2
6.070000000E0	3.661293528E-1	1.348277139E-2
6.080000000E0	3.721704184E-1	1.303247391E-2
6.090000000E0	3.781382086E-1	1.226534122E-2
6.100000000E0	3.841428852E-1	1.187751394E-2
6.110000000E0	3.901605979E-1	1.132581467E-2
6.120000000E0	3.963914260E-1	1.089274836E-2
6.130000000E0	4.023620058E-1	1.039791185E-2
6.140000000E0	4.084207078E-1	9.860358482E-3
6.150000000E0	4.145332399E-1	9.775505709E-3
6.160000000E0	4.205162961E-1	9.904816017E-3
6.170000000E0	4.265843084E-1	1.006741352E-2
6.180000000E0	4.332706301E-1	9.243667045E-3
6.190000000E0	4.396967781E-1	7.963132070E-3
6.200000000E0	4.461809472E-1	7.604877412E-3
6.210000000E0	4.527994686E-1	7.445310288E-3
6.220000000E0	4.594983454E-1	7.330542259E-3
6.230000000E0	4.660883152E-1	7.235130528E-3
6.240000000E0	4.725432393E-1	7.068926802E-3
6.250000000E0	4.789051385E-1	6.774092804E-3
6.260000000E0	4.851688932E-1	6.624294935E-3
6.270000000E0	4.916498564E-1	6.612082679E-3
6.280000000E0	4.980521224E-1	6.622798752E-3
6.290000000E0	5.043173717E-1	6.612044013E-3
6.300000000E0	5.105423554E-1	6.610309322E-3
6.310000000E0	5.170043290E-1	6.631323021E-3
6.320000000E0	5.233605512E-1	6.641614887E-3
6.330000000E0	5.295825766E-1	6.655897565E-3
6.340000000E0	5.358479435E-1	6.657565685E-3
6.350000000E0	5.422737271E-1	6.643423000E-3
6.360000000E0	5.485353643E-1	6.642388139E-3
6.370000000E0	5.546481132E-1	6.710470387E-3
6.380000000E0	5.611072170E-1	6.832296877E-3
6.390000000E0	5.674827503E-1	6.923407156E-3
6.400000000E0	5.737153201E-1	6.993021309E-3
6.410000000E0	5.799614292E-1	6.859878360E-3
6.420000000E0	5.861308070E-1	6.981213064E-3
6.430000000E0	5.922304933E-1	6.994277831E-3
6.440000000E0	5.985583582E-1	7.209803323E-3
6.450000000E0	6.044385920E-1	7.583580056E-3
6.460000000E0	6.103329550E-1	8.638362217E-3
6.470000000E0	6.162683996E-1	9.581487474E-3
6.480000000E0	6.222957456E-1	9.657780707E-3
6.490000000E0	6.285519059E-1	8.787257198E-3
6.500000000E0	6.347320998E-1	8.514646010E-3
6.510000000E0	6.408354456E-1	8.706366087E-3
6.520000000E0	6.469700427E-1	8.955283221E-3
6.530000000E0	6.529024804E-1	9.600641842E-3
6.540000000E0	6.587765664E-1	9.990681262E-3
6.550000000E0	6.644486674E-1	1.040699318E-2
6.560000000E0	6.703169337E-1	1.093583376E-2
6.570000000E0	6.758989632E-1	1.166833835E-2
6.580000000E0	6.814279279E-1	1.224611476E-2
6.590000000E0	6.868753063E-1	1.317892949E-2
6.600000000E0	6.923205056E-1	1.402927808E-2
6.610000000E0	6.976010762E-1	1.483172399E-2
6.620000000E0	7.027168523E-1	1.542993882E-2
6.630000000E0	7.078414267E-1	1.642704994E-2
6.640000000E0	7.127452770E-1	1.727027427E-2
6.650000000E0	7.175956293E-1	1.828025077E-2
6.660000000E0	7.222444921E-1	1.915905754E-2
6.670000000E0	7.267796334E-1	1.989536064E-2
6.680000000E0	7.312189440E-1	2.093335220E-2
6.690000000E0	7.355431652E-1	2.191828792E-2
6.700000000E0	7.398478468E-1	2.289865967E-2
6.710000000E0	7.440739547E-1	2.377053745E-2
6.720000000E0	7.479585354E-1	2.463128980E-2
6.730000000E0	7.518950744E-1	2.539988503E-2
6.740000000E0	7.554998046E-1	2.638802101E-2
6.750000000E0	7.593500198E-1	2.736209027E-2
6.760000000E0	7.629770197E-1	2.826508195E-2
6.770000000E0	7.663134510E-1	2.893054690E-2
6.780000000E0	7.696564820E-1	2.975292367E-2
6.790000000E0	7.728874596E-1	3.065307163E-2
6.800000000E0	7.760264239E-1	3.123037231E-2
6.810000000E0	7.788321727E-1	3.197080262E-2
6.820000000E0	7.816969890E-1	3.293013478E-2
6.830000000E0	7.842017708E-1	3.338870601E-2
6.840000000E0	7.867430211E-1	3.414048766E-2
6.850000000E0	7.890930589E-1	3.481526284E-2
6.860000000E0	7.915179727E-1	3.548297652E-2
6.870000000E0	7.936275875E-1	3.630404768E-2
6.880000000E0	7.953641635E-1	3.674481499E-2
6.890000000E0	7.972245327E-1	3.748129398E-2
6.900000000E0	7.986978949E-1	3.782852897E-2
6.910000000E0	8.003628567E-1	3.850823518E-2
6.920000000E0	8.017481998E-1	3.878355225E-2
6.930000000E0	8.029870957E-1	3.909072510E-2
6.940000000E0	8.042378747E-1	3.936862430E-2
6.950000000E0	8.051490323E-1	3.971735527E-2
6.960000000E0	8.060749903E-1	3.987679415E-2
6.970000000E0	8.069452421E-1	3.989361806E-2
6.980000000E0	8.074535030E-1	3.994733949E-2
6.990000000E0	8.080588447E-1	3.997030669E-2
7.000000000E0	8.083074463E-1	3.993091599E-2
7.010000000E0	8.083814133E-1	3.989720841E-2
7.020000000E0	8.084200831E-1	3.984468602E-2
7.030000000E0	8.083390804E-1	3.979898536E-2
7.040000000E0	8.082296331E-1	3.975832958E-2
7.050000000E0	8.080126535E-1	3.972388410E-2
7.060000000E0	8.073840335E-1	3.971117743E-2
7.070000000E0	8.069172423E-1	3.963563027E-2
7.080000000E0	8.061054726E-1	3.947829404E-2
7.090000000E0	8.050843526E-1	3.916865581E-2
7.100000000E0	8.038819682E-1	3.896863748E-2
7.110000000E0	8.027029849E-1	3.867196733E-2
7.120000000E0	8.014401434E-1	3.848812646E-2
7.130000000E0	7.997503406E-1	3.794132798E-2
7.140000000E0	7.982083706E-1	3.750524895E-2
7.150000000E0	7.962470325E-1	3.693258905E-2
7.160000000E0	7.943188505E-1	3.631512248E-2
7.170000000E0	7.922344332E-1	3.559071117E-2
7.180000000E0	7.898051380E-1	3.500745544E-2
7.190000000E0	7.874051659E-1	3.428626566E-2
7.200000000E0	7.851120214E-1	3.353545747E-2
7.210000000E0	7.825914573E-1	3.280249701E-2
7.220000000E0	7.797466255E-1	3.202792214E-2
7.230000000E0	7.769859357E-1	3.127256873E-2
7.240000000E0	7.740845186E-1	3.050008380E-2
7.250000000E0	7.709089484E-1	2.977131131E-2
7.260000000E0	7.676665341E-1	2.893190869E-2
7.270000000E0	7.643001759E-1	2.835309056E-2
7.280000000E0	7.609201968E-1	2.750985864E-2
7.290000000E0	7.574587824E-1	2.654192771E-2
7.300000000E0	7.539010816E-1	2.569261694E-2
7.310000000E0	7.500563246E-1	2.484890271E-2
7.320000000E0	7.463805755E-1	2.417509947E-2
7.330000000E0	7.422632356E-1	2.318878889E-2
7.340000000E0	7.383976490E-1	2.221820659E-2
7.350000000E0	7.342906717E-1	2.129795084E-2
7.360000000E0	7.299832767E-1	2.051847539E-2
7.370000000E0	7.255841573E-1	1.976785758E-2
7.380000000E0	7.211298920E-1	1.880712943E-2
7.390000000E0	7.166232827E-1	1.779784789E-2
7.400000000E0	7.120503443E-1	1.708648388E-2
7.410000000E0	7.071112501E-1	1.643840560E-2
7.420000000E0	7.022784877E-1	1.554852371E-2
7.430000000E0	6.971406151E-1	1.486535240E-2
7.440000000E0	6.923062482E-1	1.417519775E-2
7.450000000E0	6.869705940E-1	1.330169874E-2
7.460000000E0	6.817284790E-1	1.267613942E-2
7.470000000E0	6.763041426E-1	1.204934828E-2
7.480000000E0	6.707907367E-1	1.130541274E-2
7.490000000E0	6.655033364E-1	1.085668985E-2
7.500000000E0	6.601640434E-1	1.013329220E-2
7.510000000E0	6.548794148E-1	9.818292885E-3
7.520000000E0	6.493362961E-1	9.308123961E-3
7.530000000E0	6.438659812E-1	8.799721064E-3
7.540000000E0	6.382211974E-1	8.563527924E-3
7.550000000E0	6.327782002E-1	8.194920701E-3
7.560000000E0	6.272011230E-1	8.441369043E-3
7.570000000E0	6.217371795E-1	9.064426366E-3
7.580000000E0	6.160658076E-1	9.057321318E-3
7.590000000E0	6.105993216E-1	8.736152371E-3
7.600000000E0	6.052919524E-1	7.923515308E-3
7.610000000E0	5.997867139E-1	7.583529026E-3
7.620000000E0	5.942133427E-1	7.432760943E-3
7.630000000E0	5.886551020E-1	7.320851488E-3
7.640000000E0	5.831030468E-1	7.298438224E-3
7.650000000E0	5.775105748E-1	7.295380688E-3
7.660000000E0	5.719328891E-1	7.284566467E-3
7.670000000E0	5.662008043E-1	7.360596764E-3
7.680000000E0	5.606526489E-1	7.338170116E-3
7.690000000E0	5.547264664E-1	7.355415472E-3
7.700000000E0	5.490816462E-1	7.475410249E-3
7.710000000E0	5.435165304E-1	7.440466314E-3
7.720000000E0	5.379555499E-1	7.533993745E-3
7.730000000E0	5.324695562E-1	7.550371811E-3
7.740000000E0	5.268888075E-1	7.609989156E-3
7.750000000E0	5.214177566E-1	7.639297832E-3
7.760000000E0	5.158845075E-1	7.634632975E-3
7.770000000E0	5.103988926E-1	7.632811586E-3
7.780000000E0	5.049156890E-1	7.677288103E-3
7.790000000E0	4.994087626E-1	7.703256113E-3
7.800000000E0	4.939383206E-1	7.709080430E-3
7.810000000E0	4.884430123E-1	7.698684470E-3
7.820000000E0	4.828927661E-1	7.678669133E-3
7.830000000E0	4.773555125E-1	7.765439614E-3
7.840000000E0	4.719177047E-1	7.836745020E-3
7.850000000E0	4.663991979E-1	7.853864754E-3
7.860000000E0	4.609084009E-1	7.976142249E-3
7.870000000E0	4.553818673E-1	8.081143657E-3
7.880000000E0	4.499289381E-1	8.332278435E-3
7.890000000E0	4.445647516E-1	8.555957797E-3
7.900000000E0	4.391110041E-1	8.848357538E-3
7.910000000E0	4.336994092E-1	9.605193615E-3
7.920000000E0	4.284469030E-1	1.008221049E-2
7.930000000E0	4.233315929E-1	1.019613058E-2
7.940000000E0	4.180802518E-1	1.012789305E-2
7.950000000E0	4.131876913E-1	1.046220951E-2
7.960000000E0	4.081784214E-1	1.060972535E-2
7.970000000E0	4.033813279E-1	1.099698129E-2
7.980000000E0	3.983915949E-1	1.115142768E-2
7.990000000E0	3.935459293E-1	1.167842168E-2
8.000000000E0	3.888010249E-1	1.213997110E-2
8.010000000E0	3.840511688E-1	1.234424892E-2
8.020000000E0	3.793500856E-1	1.291616061E-2
8.030000000E0	3.747608342E-1	1.327580572E-2
8.040000000E0	3.702615389E-1	1.371240343E-2
8.050000000E0	3.659095348E-1	1.417734647E-2
8.060000000E0	3.615230757E-1	1.459023215E-2
8.070000000E0	3.572092334E-1	1.531579654E-2
8.080000000E0	3.528677538E-1	1.566773024E-2
8.090000000E0	3.485925296E-1	1.636743110E-2
8.100000000E0	3.445232575E-1	1.686331730E-2
8.110000000E0	3.406703100E-1	1.752664473E-2
8.120000000E0	3.366154110E-1	1.797941798E-2
8.130000000E0	3.328792595E-1	1.869231801E-2
8.140000000E0	3.292074775E-1	1.938258299E-2
8.150000000E0	3.254373396E-1	1.987953649E-2
8.160000000E0	3.219109824E-1	2.053871246E-2
8.170000000E0	3.185016693E-1	2.103828010E-2
8.180000000E0	3.151889678E-1	2.186308099E-2
8.190000000E0	3.119117763E-1	2.229128122E-2
8.200000000E0	3.087821922E-1	2.299894774E-2
8.210000000E0	3.056593110E-1	2.334791316E-2
8.220000000E0	3.029208692E-1	2.410542619E-2
8.230000000E0	2.999858542E-1	2.441314176E-2
8.240000000E0	2.974924675E-1	2.516892420E-2
8.250000000E0	2.947374321E-1	2.543446308E-2
8.260000000E0	2.922839404E-1	2.610359860E-2
8.270000000E0	2.898991308E-1	2.652258176E-2
8.280000000E0	2.876596899E-1	2.688098569E-2
8.290000000E0	2.855827680E-1	2.742636340E-2
8.300000000E0	2.834979629E-1	2.766053402E-2
8.310000000E0	2.815017133E-1	2.793727347E-2
8.320000000E0	2.798740858E-1	2.845854784E-2
8.330000000E0	2.779885060E-1	2.869074269E-2
8.340000000E0	2.765718325E-1	2.887411494E-2
8.350000000E0	2.753372900E-1	2.939456710E-2
8.360000000E0	2.738250839E-1	2.966503916E-2
8.370000000E0	2.724504209E-1	2.982017885E-2
8.380000000E0	2.712665833E-1	2.997344233E-2
8.390000000E0	2.702504687E-1	3.005417447E-2
8.400000000E0	2.696642146E-1	3.058359211E-2
8.410000000E0	2.689310950E-1	3.070175484E-2
8.420000000E0	2.680711791E-1	3.077689663E-2
8.430000000E0	2.676994935E-1	3.088510315E-2
8.440000000E0	2.671810184E-1	3.081108492E-2
8.450000000E0	2.668132541E-1	3.087081722E-2
8.460000000E0	2.667254012E-1	3.088868202E-2
8.470000000E0	2.667242120E-1	3.086839981E-2
8.480000000E0	2.667505328E-1	3.085521201E-2
8.490000000E0	2.668420317E-1	3.083223329E-2
8.500000000E0	2.670604570E-1	3.074223110E-2
8.510000000E0	2.676370230E-1	3.073884135E-2
8.520000000E0	2.680927396E-1	3.060675813E-2
8.530000000E0	2.688544002E-1	3.055763958E-2
8.540000000E0	2.692907862E-1	2.999472302E-2
8.550000000E0	2.701421638E-1	2.982128002E-2
8.560000000E0	2.711653890E-1	2.973240285E-2
8.570000000E0	2.722952174E-1	2.960389488E-2
8.580000000E0	2.735164320E-1	2.937249826E-2
8.590000000E0	2.746618491E-1	2.888771437E-2
8.600000000E0	2.762895381E-1	2.878404160E-2
8.610000000E0	2.779083969E-1	2.855955060E-2
8.620000000E0	2.797461513E-1	2.821245535E-2
8.630000000E0	2.813485187E-1	2.772179221E-2
8.640000000E0	2.832916102E-1	2.750248212E-2
8.650000000E0	2.854585165E-1	2.715429377E-2
8.660000000E0	2.875753370E-1	2.663083644E-2
8.670000000E0	2.898139319E-1	2.633625678E-2
8.680000000E0	2.920872150E-1	2.565259005E-2
8.690000000E0	2.944397540E-1	2.529150489E-2
8.700000000E0	2.970134836E-1	2.461195177E-2
8.710000000E0	2.997875738E-1	2.423578533E-2
8.720000000E0	3.023700418E-1	2.355018072E-2
8.730000000E0	3.053524112E-1	2.310251185E-2
8.740000000E0	3.083736811E-1	2.259035492E-2
8.750000000E0	3.115733474E-1	2.201842820E-2
8.760000000E0	3.147700238E-1	2.144474244E-2
8.770000000E0	3.182689465E-1	2.087840853E-2
8.780000000E0	3.216887062E-1	2.012854589E-2
8.790000000E0	3.251767529E-1	1.970864878E-2
8.800000000E0	3.285823413E-1	1.900563200E-2
8.810000000E0	3.322591317E-1	1.854749233E-2
8.820000000E0	3.359754912E-1	1.791090792E-2
8.830000000E0	3.397232942E-1	1.744685122E-2
8.840000000E0	3.437215572E-1	1.671365230E-2
8.850000000E0	3.475390171E-1	1.632097856E-2
8.860000000E0	3.515846012E-1	1.572275511E-2
8.870000000E0	3.557141480E-1	1.533222398E-2
8.880000000E0	3.597288048E-1	1.456654465E-2
8.890000000E0	3.638721102E-1	1.420838117E-2
8.900000000E0	3.681297078E-1	1.366627611E-2
8.910000000E0	3.725287571E-1	1.322147183E-2
8.920000000E0	3.769030299E-1	1.301455885E-2
8.930000000E0	3.813019012E-1	1.241667790E-2
8.940000000E0	3.858213516E-1	1.206319858E-2
8.950000000E0	3.902786964E-1	1.181804860E-2
8.960000000E0	3.946703883E-1	1.121995718E-2
8.970000000E0	3.991726934E-1	1.096135690E-2
8.980000000E0	4.036945808E-1	1.067416492E-2
8.990000000E0	4.081525166E-1	1.027729512E-2
9.000000000E0	4.129079596E-1	1.008724910E-2
9.010000000E0	4.177013878E-1	9.968602966E-3
9.020000000E0	4.223294224E-1	1.013878842E-2
9.030000000E0	4.271608312E-1	1.018112532E-2
9.040000000E0	4.319770225E-1	9.738537697E-3
9.050000000E0	4.368127870E-1	8.984661663E-3
9.060000000E0	4.420257940E-1	8.136080695E-3
9.070000000E0	4.469007260E-1	7.744436746E-3
9.080000000E0	4.518671452E-1	7.530593408E-3
9.090000000E0	4.569338268E-1	7.396600621E-3
9.100000000E0	4.619075106E-1	7.434021893E-3
9.110000000E0	4.667464722E-1	7.354745878E-3
9.120000000E0	4.717348101E-1	7.245631033E-3
9.130000000E0	4.765371895E-1	7.358760609E-3
9.140000000E0	4.816059720E-1	7.483978778E-3
9.150000000E0	4.864077212E-1	7.549302558E-3
9.160000000E0	4.914897023E-1	7.606550010E-3
9.170000000E0	4.962615175E-1	7.628846385E-3
9.180000000E0	5.013083576E-1	7.647275570E-3
9.190000000E0	5.061740334E-1	7.643406456E-3
9.200000000E0	5.110856637E-1	7.664153627E-3
9.210000000E0	5.160519089E-1	7.660561901E-3
9.220000000E0	5.208962531E-1	7.659559647E-3
9.230000000E0	5.258576332E-1	7.708324366E-3
9.240000000E0	5.305554863E-1	7.695931174E-3
9.250000000E0	5.356905969E-1	7.706113850E-3
9.260000000E0	5.404002371E-1	7.740498550E-3
9.270000000E0	5.454688229E-1	7.778565133E-3
9.280000000E0	5.502944370E-1	7.768817693E-3
9.290000000E0	5.552178143E-1	7.807047778E-3
9.300000000E0	5.601786943E-1	7.827742305E-3
9.310000000E0	5.650149238E-1	7.853352328E-3
9.320000000E0	5.698923126E-1	7.879987428E-3
9.330000000E0	5.745714296E-1	7.889343388E-3
9.340000000E0	5.793270338E-1	7.873598192E-3
9.350000000E0	5.841254350E-1	7.991273989E-3
9.360000000E0	5.888400192E-1	7.922821837E-3
9.370000000E0	5.933837330E-1	7.986656718E-3
9.380000000E0	5.979859536E-1	8.178273199E-3
9.390000000E0	6.027016025E-1	8.491971854E-3
9.400000000E0	6.073514233E-1	8.690190747E-3
9.410000000E0	6.117248491E-1	9.180986053E-3
9.420000000E0	6.163465541E-1	9.666797881E-3
9.430000000E0	6.208875641E-1	9.775300243E-3
9.440000000E0	6.253449325E-1	9.560350376E-3
9.450000000E0	6.301140649E-1	9.119587433E-3
9.460000000E0	6.346400852E-1	9.034513775E-3
9.470000000E0	6.393047084E-1	8.980387262E-3
9.480000000E0	6.439955080E-1	9.143714507E-3
9.490000000E0	6.484179821E-1	9.621979089E-3
9.500000000E0	6.527710011E-1	9.978828593E-3
9.510000000E0	6.571514149E-1	1.031668453E-2
9.520000000E0	6.614207805E-1	1.075569537E-2
9.530000000E0	6.657137458E-1	1.111603559E-2
9.540000000E0	6.700024192E-1	1.158777329E-2
9.550000000E0	6.740023283E-1	1.214559581E-2
9.560000000E0	6.780385699E-1	1.264645489E-2
9.570000000E0	6.821168383E-1	1.311120167E-2
9.580000000E0	6.859030714E-1	1.345782495E-2
9.590000000E0	6.898459767E-1	1.415440681E-2
9.600000000E0	6.935325362E-1	1.445816601E-2
9.610000000E0	6.970079016E-1	1.521785848E-2
9.620000000E0	7.004586696E-1	1.552798103E-2
