mass_A
t	x	y
0.000000000E0	5.266850279E-4	1.368827707E-1
1.000000000E-2	8.122711235E-4	1.367640101E-1
2.000000000E-2	1.628189770E-3	1.361440487E-1
3.000000000E-2	2.756057233E-3	1.355760393E-1
4.000000000E-2	3.969726310E-3	1.346833411E-1
5.000000000E-2	5.847242435E-3	1.336265318E-1
6.000000000E-2	7.888100741E-3	1.324596205E-1
7.000000000E-2	1.021041836E-2	1.307835910E-1
8.000000000E-2	1.280317939E-2	1.290643891E-1
9.000000000E-2	1.572985769E-2	1.271271449E-1
1.000000000E-1	1.861132586E-2	1.249692250E-1
1.100000000E-1	2.187924525E-2	1.227694735E-1
1.200000000E-1	2.557219381E-2	1.204651508E-1
1.300000000E-1	2.977528087E-2	1.180803304E-1
1.400000000E-1	3.406465995E-2	1.151594003E-1
1.500000000E-1	3.846689573E-2	1.123501822E-1
1.600000000E-1	4.341137193E-2	1.105191735E-1
1.700000000E-1	4.907123357E-2	1.093108478E-1
1.800000000E-1	5.511184251E-2	1.064588227E-1
1.900000000E-1	6.063380576E-2	1.022411725E-1
2.000000000E-1	6.655528115E-2	9.817962433E-2
2.100000000E-1	7.326781083E-2	9.477583775E-2
2.200000000E-1	7.997478967E-2	9.117608139E-2
2.300000000E-1	8.660814827E-2	8.753335413E-2
2.400000000E-1	9.388926383E-2	8.416165423E-2
2.500000000E-1	1.011425607E-1	8.057044460E-2
2.600000000E-1	1.086182554E-1	7.726061172E-2
2.700000000E-1	1.163068220E-1	7.400621335E-2
2.800000000E-1	1.241352932E-1	7.069027144E-2
2.900000000E-1	1.320363928E-1	6.736416026E-2
3.000000000E-1	1.402523836E-1	6.428472670E-2
3.100000000E-1	1.485318824E-1	6.099633512E-2
3.200000000E-1	1.571249226E-1	5.815973657E-2
3.300000000E-1	1.658332953E-1	5.519100717E-2
3.400000000E-1	1.747154157E-1	5.209394724E-2
3.500000000E-1	1.836867754E-1	4.899054222E-2
3.600000000E-1	1.927903168E-1	4.639356440E-2
3.700000000E-1	2.021605557E-1	4.381334957E-2
3.800000000E-1	2.112409912E-1	4.089113792E-2
3.900000000E-1	2.207035797E-1	3.850766877E-2
4.000000000E-1	2.299867116E-1	3.745827668E-2
4.100000000E-1	2.395376158E-1	3.609325026E-2
4.200000000E-1	2.494690364E-1	3.201523962E-2
4.300000000E-1	2.596918240E-1	2.957588100E-2
4.400000000E-1	2.697079008E-1	2.721879780E-2
4.500000000E-1	2.798867459E-1	2.506340312E-2
4.600000000E-1	2.901310597E-1	2.313241187E-2
4.700000000E-1	3.006277647E-1	2.111597238E-2
4.800000000E-1	3.114236865E-1	1.951925212E-2
4.900000000E-1	3.220371798E-1	1.765954869E-2
5.000000000E-1	3.327110423E-1	1.582792349E-2
5.100000000E-1	3.434888487E-1	1.440785168E-2
5.200000000E-1	3.543434499E-1	1.309711336E-2
5.300000000E-1	3.651548539E-1	1.181730555E-2
5.400000000E-1	3.762392335E-1	1.087173156E-2
5.500000000E-1	3.871886753E-1	9.915277556E-3
5.600000000E-1	3.983081484E-1	8.893851228E-3
5.700000000E-1	4.092482841E-1	7.993495735E-3
5.800000000E-1	4.202260696E-1	8.254457284E-3
5.900000000E-1	4.314219925E-1	7.778376549E-3
6.000000000E-1	4.427545875E-1	6.455398161E-3
6.100000000E-1	4.539286717E-1	5.884218034E-3
6.200000000E-1	4.650487435E-1	5.651419501E-3
6.300000000E-1	4.758581738E-1	5.479229065E-3
6.400000000E-1	4.869195700E-1	5.391314067E-3
6.500000000E-1	4.978592602E-1	5.272874721E-3
6.600000000E-1	5.088979820E-1	5.417939038E-3
6.700000000E-1	5.198803353E-1	5.473381682E-3
6.800000000E-1	5.309989975E-1	5.567646391E-3
6.900000000E-1	5.420494169E-1	5.750547610E-3
7.000000000E-1	5.529892385E-1	5.671797267E-3
7.100000000E-1	5.640386697E-1	5.744631359E-3
7.200000000E-1	5.748410056E-1	6.104811591E-3
7.300000000E-1	5.856019441E-1	6.305189692E-3
7.400000000E-1	5.960784683E-1	6.650041747E-3
7.500000000E-1	6.062998749E-1	6.898519676E-3
7.600000000E-1	6.167524595E-1	7.976585382E-3
7.700000000E-1	6.275863212E-1	7.421177196E-3
7.800000000E-1	6.385215720E-1	7.830211345E-3
7.900000000E-1	6.492709182E-1	8.717589558E-3
8.000000000E-1	6.598031512E-1	9.844620694E-3
8.100000000E-1	6.701788070E-1	1.083184603E-2
8.200000000E-1	6.802419416E-1	1.205979405E-2
8.300000000E-1	6.903561417E-1	1.332108880E-2
8.400000000E-1	7.001237601E-1	1.468937625E-2
8.500000000E-1	7.098635024E-1	1.639129908E-2
8.600000000E-1	7.197096284E-1	1.787452095E-2
8.700000000E-1	7.294570672E-1	1.975371725E-2
8.800000000E-1	7.390167158E-1	2.135645937E-2
8.900000000E-1	7.484550200E-1	2.327375509E-2
9.000000000E-1	7.577978532E-1	2.541090976E-2
9.100000000E-1	7.670411814E-1	2.750784845E-2
9.200000000E-1	7.760134304E-1	2.962756505E-2
9.300000000E-1	7.846651678E-1	3.187914380E-2
9.400000000E-1	7.929901353E-1	3.459646947E-2
9.500000000E-1	8.013888301E-1	3.744625633E-2
9.600000000E-1	8.098776302E-1	3.866966441E-2
9.700000000E-1	8.178965235E-1	4.076308544E-2
9.800000000E-1	8.256705596E-1	4.303296073E-2
9.900000000E-1	8.332875877E-1	4.523661823E-2
1.000000000E0	8.406032380E-1	4.733464528E-2
1.010000000E0	8.475368492E-1	4.957445611E-2
1.020000000E0	8.542359763E-1	5.182297815E-2
1.030000000E0	8.608376651E-1	5.408576269E-2
1.040000000E0	8.674193929E-1	5.632655602E-2
1.050000000E0	8.739582710E-1	5.858175613E-2
1.060000000E0	8.802384624E-1	6.081494391E-2
1.070000000E0	8.862574768E-1	6.299215012E-2
1.080000000E0	8.923459026E-1	6.528234186E-2
1.090000000E0	8.980839494E-1	6.752361049E-2
1.100000000E0	9.035999971E-1	6.974459668E-2
1.110000000E0	9.088633434E-1	7.188663959E-2
1.120000000E0	9.137654906E-1	7.413197604E-2
1.130000000E0	9.182885962E-1	7.625236903E-2
1.140000000E0	9.226637880E-1	7.833155583E-2
1.150000000E0	9.269365504E-1	8.015568402E-2
1.160000000E0	9.311735742E-1	8.169071059E-2
1.170000000E0	9.348098923E-1	8.351461006E-2
1.180000000E0	9.382384765E-1	8.504893100E-2
1.190000000E0	9.414893427E-1	8.687553174E-2
1.200000000E0	9.446553489E-1	8.827541327E-2
1.210000000E0	9.478110229E-1	8.962375125E-2
1.220000000E0	9.504068071E-1	9.115519737E-2
1.230000000E0	9.530628305E-1	9.242615454E-2
1.240000000E0	9.555258945E-1	9.365812382E-2
1.250000000E0	9.577555196E-1	9.481005906E-2
1.260000000E0	9.596150549E-1	9.584802792E-2
1.270000000E0	9.612512871E-1	9.679805403E-2
1.280000000E0	9.628536812E-1	9.737919570E-2
1.290000000E0	9.643463376E-1	9.813783044E-2
1.300000000E0	9.655087890E-1	9.859793854E-2
1.310000000E0	9.663835908E-1	9.911183048E-2
1.320000000E0	9.668913777E-1	9.940384085E-2
1.330000000E0	9.675183550E-1	9.946190751E-2
1.340000000E0	9.677353028E-1	9.944283870E-2
1.350000000E0	9.677043369E-1	9.938599424E-2
1.360000000E0	9.674439033E-1	9.922782313E-2
1.370000000E0	9.667119236E-1	9.894034993E-2
1.380000000E0	9.658729344E-1	9.849012273E-2
1.390000000E0	9.646160450E-1	9.804513813E-2
1.400000000E0	9.633648378E-1	9.717897047E-2
1.410000000E0	9.619444781E-1	9.622773869E-2
1.420000000E0	9.602115071E-1	9.524071320E-2
1.430000000E0	9.580433809E-1	9.413604009E-2
1.440000000E0	9.556770562E-1	9.283805955E-2
1.450000000E0	9.533041249E-1	9.162878966E-2
1.460000000E0	9.504519784E-1	9.045279373E-2
1.470000000E0	9.476020261E-1	8.899076819E-2
1.480000000E0	9.446289227E-1	8.753414479E-2
1.490000000E0	9.413006247E-1	8.605846536E-2
1.500000000E0	9.379564917E-1	8.430744245E-2
1.510000000E0	9.342165890E-1	8.254691957E-2
1.520000000E0	9.303235340E-1	8.065053074E-2
1.530000000E0	9.260313149E-1	7.904889569E-2
1.540000000E0	9.216025939E-1	7.722855525E-2
1.550000000E0	9.170760320E-1	7.516837384E-2
1.560000000E0	9.124547581E-1	7.316360767E-2
1.570000000E0	9.072970176E-1	7.132185088E-2
1.580000000E0	9.022278004E-1	6.936488116E-2
1.590000000E0	8.970711774E-1	6.730639787E-2
1.600000000E0	8.915675071E-1	6.521455484E-2
1.610000000E0	8.858628327E-1	6.303482827E-2
1.620000000E0	8.798685227E-1	6.071855594E-2
1.630000000E0	8.739128839E-1	5.852296000E-2
1.640000000E0	8.674722492E-1	5.637333491E-2
1.650000000E0	8.609194965E-1	5.425323529E-2
1.660000000E0	8.542785952E-1	5.200166289E-2
1.670000000E0	8.475206106E-1	4.978278882E-2
1.680000000E0	8.406943851E-1	4.752149723E-2
1.690000000E0	8.334212288E-1	4.533191278E-2
1.700000000E0	8.262351026E-1	4.327744012E-2
1.710000000E0	8.188746251E-1	4.112074566E-2
1.720000000E0	8.112971792E-1	3.902316442E-2
1.730000000E0	8.036358285E-1	3.783393532E-2
1.740000000E0	7.957738210E-1	3.584843926E-2
1.750000000E0	7.881915788E-1	3.301990405E-2
1.760000000E0	7.802765593E-1	3.092664274E-2
1.770000000E0	7.723249855E-1	2.879134378E-2
1.780000000E0	7.638765244E-1	2.656841268E-2
1.790000000E0	7.556323075E-1	2.484808304E-2
1.800000000E0	7.472214536E-1	2.281639256E-2
1.810000000E0	7.383814628E-1	2.092866261E-2
1.820000000E0	7.295368870E-1	1.898231170E-2
1.830000000E0	7.207148037E-1	1.727319109E-2
1.840000000E0	7.117795459E-1	1.565075081E-2
1.850000000E0	7.029142147E-1	1.431230511E-2
1.860000000E0	6.938863233E-1	1.295364499E-2
1.870000000E0	6.846817156E-1	1.148336820E-2
1.880000000E0	6.754792394E-1	1.018626741E-2
1.890000000E0	6.663833394E-1	9.116416692E-3
1.900000000E0	6.569244304E-1	7.991018498E-3
1.910000000E0	6.477398612E-1	7.460251870E-3
1.920000000E0	6.379919325E-1	6.895736430E-3
1.930000000E0	6.284187632E-1	6.693253869E-3
1.940000000E0	6.188470754E-1	7.637360693E-3
1.950000000E0	6.094198595E-1	7.103870314E-3
1.960000000E0	6.002641631E-1	6.459382700E-3
1.970000000E0	5.908024309E-1	6.131760511E-3
1.980000000E0	5.813941092E-1	6.087526045E-3
1.990000000E0	5.721543927E-1	5.725521321E-3
2.000000000E0	5.628600853E-1	5.655588916E-3
2.010000000E0	5.533094730E-1	5.508204091E-3
2.020000000E0	5.440709957E-1	5.537744969E-3
2.030000000E0	5.345897747E-1	5.350792586E-3
2.040000000E0	5.252587896E-1	5.541578471E-3
2.050000000E0	5.156916142E-1	5.559173706E-3
2.060000000E0	5.064820900E-1	5.635286268E-3
2.070000000E0	4.971261435E-1	5.617753176E-3
2.080000000E0	4.880318024E-1	5.554018470E-3
2.090000000E0	4.789175675E-1	5.696507010E-3
2.100000000E0	4.699569593E-1	5.749183184E-3
2.110000000E0	4.607391439E-1	5.868656055E-3
2.120000000E0	4.516383674E-1	6.042417711E-3
2.130000000E0	4.426963614E-1	6.448683817E-3
2.140000000E0	4.337418838E-1	7.415340306E-3
2.150000000E0	4.248597500E-1	8.381384383E-3
2.160000000E0	4.162039010E-1	8.446599027E-3
2.170000000E0	4.074489083E-1	8.789494305E-3
2.180000000E0	3.984803246E-1	9.491641624E-3
2.190000000E0	3.897311071E-1	1.001935253E-2
2.200000000E0	3.810677356E-1	1.061310338E-2
2.210000000E0	3.722825815E-1	1.134638521E-2
2.220000000E0	3.636291872E-1	1.221747010E-2
2.230000000E0	3.554700966E-1	1.331152881E-2
2.240000000E0	3.470759856E-1	1.436579481E-2
2.250000000E0	3.390404599E-1	1.549905614E-2
2.260000000E0	3.310175724E-1	1.658976295E-2
2.270000000E0	3.229604600E-1	1.768650109E-2
2.280000000E0	3.149918757E-1	1.893558638E-2
2.290000000E0	3.072521198E-1	2.018234285E-2
2.300000000E0	2.998304756E-1	2.161797008E-2
2.310000000E0	2.925537939E-1	2.310995524E-2
2.320000000E0	2.851344367E-1	2.447490569E-2
2.330000000E0	2.780582270E-1	2.613797069E-2
2.340000000E0	2.708786912E-1	2.760523176E-2
2.350000000E0	2.640812656E-1	2.940984860E-2
2.360000000E0	2.573768206E-1	3.095543454E-2
2.370000000E0	2.508110742E-1	3.273884104E-2
2.380000000E0	2.443758411E-1	3.486730813E-2
2.390000000E0	2.382167785E-1	3.680361491E-2
2.400000000E0	2.322240839E-1	3.802450180E-2
2.410000000E0	2.264682019E-1	3.963406797E-2
2.420000000E0	2.207777186E-1	4.077595845E-2
2.430000000E0	2.152482352E-1	4.256527282E-2
2.440000000E0	2.098954924E-1	4.400793185E-2
2.450000000E0	2.044154494E-1	4.541297627E-2
2.460000000E0	1.991694577E-1	4.666631026E-2
2.470000000E0	1.941378304E-1	4.839333759E-2
2.480000000E0	1.891951560E-1	4.976702840E-2
2.490000000E0	1.844618243E-1	5.134757274E-2
2.500000000E0	1.799861468E-1	5.284263913E-2
2.510000000E0	1.756638143E-1	5.420312832E-2
2.520000000E0	1.714632216E-1	5.563768064E-2
2.530000000E0	1.672813274E-1	5.688462928E-2
2.540000000E0	1.636893943E-1	5.813201089E-2
2.550000000E0	1.602596053E-1	5.944711267E-2
2.560000000E0	1.570168385E-1	6.066067082E-2
2.570000000E0	1.538130870E-1	6.175280499E-2
2.580000000E0	1.507134897E-1	6.281328184E-2
2.590000000E0	1.481529274E-1	6.389440987E-2
2.600000000E0	1.454213706E-1	6.486795732E-2
2.610000000E0	1.428711154E-1	6.575737925E-2
2.620000000E0	1.406156579E-1	6.669332802E-2
2.630000000E0	1.384897862E-1	6.737332155E-2
2.640000000E0	1.366497534E-1	6.815260480E-2
2.650000000E0	1.349508517E-1	6.867386411E-2
2.660000000E0	1.335835660E-1	6.931621154E-2
2.670000000E0	1.322207646E-1	6.970711712E-2
2.680000000E0	1.309096097E-1	7.010773234E-2
2.690000000E0	1.300096278E-1	7.033306467E-2
2.700000000E0	1.294315881E-1	7.066396354E-2
2.710000000E0	1.286896766E-1	7.076372783E-2
2.720000000E0	1.284518550E-1	7.078839529E-2
2.730000000E0	1.284089967E-1	7.074623426E-2
2.740000000E0	1.284723236E-1	7.069848526E-2
2.750000000E0	1.286095627E-1	7.055534598E-2
2.760000000E0	1.292666634E-1	7.041835470E-2
2.770000000E0	1.297894611E-1	6.998458661E-2
2.780000000E0	1.307305749E-1	6.950494812E-2
2.790000000E0	1.317538761E-1	6.897310049E-2
2.800000000E0	1.329903015E-1	6.836712017E-2
2.810000000E0	1.345678433E-1	6.762469940E-2
2.820000000E0	1.362663323E-1	6.701536201E-2
2.830000000E0	1.383093424E-1	6.623111547E-2
2.840000000E0	1.405019333E-1	6.529452071E-2
2.850000000E0	1.428374637E-1	6.432699891E-2
2.860000000E0	1.452726964E-1	6.317760748E-2
2.870000000E0	1.482127765E-1	6.222685417E-2
2.880000000E0	1.513450580E-1	6.124415450E-2
2.890000000E0	1.544678600E-1	6.006967255E-2
2.900000000E0	1.580368426E-1	5.890851149E-2
2.910000000E0	1.615042180E-1	5.761339171E-2
2.920000000E0	1.651007770E-1	5.641731250E-2
2.930000000E0	1.690420090E-1	5.531731108E-2
2.940000000E0	1.729811016E-1	5.403922336E-2
2.950000000E0	1.770842731E-1	5.288254123E-2
2.960000000E0	1.814599504E-1	5.156820769E-2
2.970000000E0	1.859235122E-1	5.014959685E-2
2.980000000E0	1.905681219E-1	4.872022109E-2
2.990000000E0	1.955005812E-1	4.747905914E-2
3.000000000E0	2.002302180E-1	4.612375499E-2
3.010000000E0	2.050647466E-1	4.433026117E-2
3.020000000E0	2.101744109E-1	4.292694633E-2
3.030000000E0	2.154593937E-1	4.157581153E-2
3.040000000E0	2.207061915E-1	3.989251368E-2
3.050000000E0	2.260587598E-1	3.834693036E-2
3.060000000E0	2.314521648E-1	3.759894423E-2
3.070000000E0	2.372576157E-1	3.675915260E-2
3.080000000E0	2.430553028E-1	3.499433019E-2
3.090000000E0	2.489526216E-1	3.284478197E-2
3.100000000E0	2.551646910E-1	3.107630968E-2
3.110000000E0	2.617072676E-1	2.961060069E-2
3.120000000E0	2.680014736E-1	2.816441046E-2
3.130000000E0	2.747257260E-1	2.662724036E-2
3.140000000E0	2.816505721E-1	2.530052715E-2
3.150000000E0	2.883494406E-1	2.408901529E-2
3.160000000E0	2.951181932E-1	2.241794283E-2
3.170000000E0	3.022863612E-1	2.108734083E-2
3.180000000E0	3.094218115E-1	1.992404446E-2
3.190000000E0	3.166644954E-1	1.878174162E-2
3.200000000E0	3.238186536E-1	1.766998306E-2
3.210000000E0	3.313292674E-1	1.655887423E-2
3.220000000E0	3.387270834E-1	1.547748430E-2
3.230000000E0	3.462320891E-1	1.436450222E-2
3.240000000E0	3.535929678E-1	1.333075509E-2
3.250000000E0	3.612189315E-1	1.230130599E-2
3.260000000E0	3.688519644E-1	1.141111713E-2
3.270000000E0	3.766728418E-1	1.063800690E-2
3.280000000E0	3.844757905E-1	1.000880092E-2
3.290000000E0	3.923078640E-1	9.338313455E-3
3.300000000E0	4.002977469E-1	8.465569671E-3
3.310000000E0	4.080543364E-1	8.110957745E-3
3.320000000E0	4.159092076E-1	7.994955269E-3
3.330000000E0	4.239392515E-1	8.127564468E-3
3.340000000E0	4.317607979E-1	7.701123316E-3
3.350000000E0	4.397392632E-1	6.497238695E-3
3.360000000E0	4.479438470E-1	6.158214786E-3
3.370000000E0	4.560226438E-1	5.651867792E-3
3.380000000E0	4.639063319E-1	5.514817365E-3
3.390000000E0	4.718723720E-1	5.310704291E-3
3.400000000E0	4.799520576E-1	5.042056682E-3
3.410000000E0	4.879591995E-1	4.951889436E-3
3.420000000E0	4.958584803E-1	4.639463517E-3
3.430000000E0	5.040857173E-1	4.583900024E-3
3.440000000E0	5.122126860E-1	4.570417957E-3
3.450000000E0	5.201311672E-1	4.553049496E-3
3.460000000E0	5.280811933E-1	4.859796277E-3
3.470000000E0	5.360654919E-1	4.659359207E-3
3.480000000E0	5.441557063E-1	4.611039102E-3
3.490000000E0	5.519765098E-1	4.625157974E-3
3.500000000E0	5.597746102E-1	4.675707560E-3
3.510000000E0	5.675283147E-1	4.713609224E-3
3.520000000E0	5.752867549E-1	4.869638241E-3
3.530000000E0	5.829571670E-1	4.800409210E-3
3.540000000E0	5.907700842E-1	4.736489889E-3
3.550000000E0	5.983718963E-1	4.760197523E-3
3.560000000E0	6.060208318E-1	5.439315664E-3
3.570000000E0	6.135871986E-1	7.664485749E-3
3.580000000E0	6.213649673E-1	7.552242906E-3
3.590000000E0	6.293077764E-1	6.609465399E-3
3.600000000E0	6.370143479E-1	6.684453524E-3
3.610000000E0	6.446357685E-1	7.538286075E-3
3.620000000E0	6.522987313E-1	7.878522651E-3
3.630000000E0	6.597003856E-1	8.477912659E-3
3.640000000E0	6.670775075E-1	9.184558942E-3
3.650000000E0	6.743489078E-1	9.929895858E-3
3.660000000E0	6.815777228E-1	1.080264336E-2
3.670000000E0	6.887802906E-1	1.169288139E-2
3.680000000E0	6.957112664E-1	1.247476047E-2
3.690000000E0	7.025977669E-1	1.338502587E-2
3.700000000E0	7.094583274E-1	1.450523177E-2
3.710000000E0	7.160815409E-1	1.556492766E-2
3.720000000E0	7.225660503E-1	1.672126457E-2
3.730000000E0	7.290328971E-1	1.796289452E-2
3.740000000E0	7.355186922E-1	1.927437550E-2
3.750000000E0	7.416576395E-1	2.057175396E-2
3.760000000E0	7.478256249E-1	2.202010008E-2
3.770000000E0	7.538495150E-1	2.331411594E-2
3.780000000E0	7.594793342E-1	2.473875323E-2
3.790000000E0	7.650914024E-1	2.613481116E-2
3.800000000E0	7.705137286E-1	2.756979146E-2
3.810000000E0	7.759895134E-1	2.877633533E-2
3.820000000E0	7.812207150E-1	3.014009753E-2
3.830000000E0	7.861766476E-1	3.150677654E-2
3.840000000E0	7.911392032E-1	3.312085435E-2
3.850000000E0	7.957231317E-1	3.517554478E-2
3.860000000E0	8.003179297E-1	3.683900496E-2
3.870000000E0	8.048616737E-1	3.776302606E-2
3.880000000E0	8.092144897E-1	3.861699796E-2
3.890000000E0	8.134508348E-1	3.961383312E-2
3.900000000E0	8.177482494E-1	4.070427886E-2
3.910000000E0	8.218706635E-1	4.178114331E-2
3.920000000E0	8.255960914E-1	4.297275141E-2
3.930000000E0	8.293493330E-1	4.402808072E-2
3.940000000E0	8.331179387E-1	4.515848099E-2
3.950000000E0	8.365122232E-1	4.624816636E-2
3.960000000E0	8.397305104E-1	4.719359904E-2
3.970000000E0	8.428634414E-1	4.821823313E-2
3.980000000E0	8.456401862E-1	4.930351977E-2
3.990000000E0	8.485902654E-1	4.996422730E-2
4.000000000E0	8.509963285E-1	5.082690893E-2
4.010000000E0	8.533751172E-1	5.173067524E-2
4.020000000E0	8.556265627E-1	5.244878471E-2
4.030000000E0	8.575793459E-1	5.301275611E-2
4.040000000E0	8.596404806E-1	5.379951972E-2
4.050000000E0	8.615808027E-1	5.422774570E-2
4.060000000E0	8.630659002E-1	5.499400653E-2
4.070000000E0	8.644724904E-1	5.536760588E-2
4.080000000E0	8.659664210E-1	5.581564653E-2
4.090000000E0	8.671168048E-1	5.618857621E-2
4.100000000E0	8.682460226E-1	5.638020287E-2
4.110000000E0	8.689423728E-1	5.675706526E-2
4.120000000E0	8.695134325E-1	5.699376959E-2
4.130000000E0	8.698811161E-1	5.733753188E-2
4.140000000E0	8.702851039E-1	5.735143118E-2
4.150000000E0	8.706323186E-1	5.740597779E-2
4.160000000E0	8.706679984E-1	5.742166300E-2
4.170000000E0	8.706219766E-1	5.739071796E-2
4.180000000E0	8.702079678E-1	5.729764753E-2
4.190000000E0	8.697071108E-1	5.729079422E-2
4.200000000E0	8.693582724E-1	5.677025253E-2
4.210000000E0	8.684771934E-1	5.638655019E-2
4.220000000E0	8.674197168E-1	5.616671955E-2
4.230000000E0	8.663302668E-1	5.565035187E-2
4.240000000E0	8.650717923E-1	5.519199975E-2
4.250000000E0	8.633709463E-1	5.489451160E-2
4.260000000E0	8.618309751E-1	5.415322182E-2
4.270000000E0	8.597710695E-1	5.369019570E-2
4.280000000E0	8.577028754E-1	5.306745585E-2
4.290000000E0	8.555655734E-1	5.226178719E-2
4.300000000E0	8.531286724E-1	5.169829389E-2
4.310000000E0	8.508236263E-1	5.081151890E-2
4.320000000E0	8.481373777E-1	4.981770803E-2
4.330000000E0	8.454445807E-1	4.915546113E-2
4.340000000E0	8.423416386E-1	4.832403384E-2
4.350000000E0	8.392768958E-1	4.736095870E-2
4.360000000E0	8.363362912E-1	4.632701459E-2
4.370000000E0	8.330378318E-1	4.533277241E-2
4.380000000E0	8.294249693E-1	4.420382718E-2
4.390000000E0	8.257704947E-1	4.318595081E-2
4.400000000E0	8.220692378E-1	4.205214070E-2
4.410000000E0	8.179794522E-1	4.102225757E-2
4.420000000E0	8.139520937E-1	3.984713645E-2
4.430000000E0	8.099876127E-1	3.883318933E-2
4.440000000E0	8.056198987E-1	3.793252630E-2
4.450000000E0	8.012024757E-1	3.746336142E-2
4.460000000E0	7.967551423E-1	3.611941223E-2
4.470000000E0	7.922265346E-1	3.446898341E-2
4.480000000E0	7.874842912E-1	3.300029510E-2
4.490000000E0	7.826376180E-1	3.177301464E-2
4.500000000E0	7.778184246E-1	3.040300269E-2
4.510000000E0	7.726009255E-1	2.881457554E-2
4.520000000E0	7.671893746E-1	2.756725564E-2
4.530000000E0	7.617550768E-1	2.612586541E-2
4.540000000E0	7.562042548E-1	2.468148945E-2
4.550000000E0	7.506490214E-1	2.327830950E-2
4.560000000E0	7.449264362E-1	2.208895176E-2
4.570000000E0	7.390488434E-1	2.089368126E-2
4.580000000E0	7.330548540E-1	1.969832264E-2
4.590000000E0	7.270172505E-1	1.855118058E-2
4.600000000E0	7.207748970E-1	1.756666440E-2
4.610000000E0	7.143327471E-1	1.654951245E-2
4.620000000E0	7.080639862E-1	1.545399211E-2
4.630000000E0	7.017666472E-1	1.447679044E-2
4.640000000E0	6.953113676E-1	1.342393724E-2
4.650000000E0	6.886910937E-1	1.256293613E-2
4.660000000E0	6.820434278E-1	1.183429800E-2
4.670000000E0	6.754255221E-1	1.107879432E-2
4.680000000E0	6.686569288E-1	1.015405833E-2
4.690000000E0	6.617894960E-1	9.670985542E-3
4.700000000E0	6.550138305E-1	8.984318966E-3
4.710000000E0	6.479983801E-1	8.610287358E-3
4.720000000E0	6.411116042E-1	8.104516935E-3
4.730000000E0	6.339965211E-1	7.942224962E-3
4.740000000E0	6.269437659E-1	7.708599932E-3
4.750000000E0	6.199332325E-1	7.929203383E-3
4.760000000E0	6.132390032E-1	7.983101887E-3
4.770000000E0	6.062797369E-1	7.156260944E-3
4.780000000E0	5.993820739E-1	6.882238489E-3
4.790000000E0	5.927720910E-1	6.723330378E-3
4.800000000E0	5.858857346E-1	6.590696663E-3
4.810000000E0	5.787949509E-1	6.455322694E-3
4.820000000E0	5.718229668E-1	6.326545963E-3
4.830000000E0	5.650365993E-1	6.217558015E-3
4.840000000E0	5.580752287E-1	6.206483624E-3
4.850000000E0	5.511712374E-1	6.262250060E-3
4.860000000E0	5.442892208E-1	6.173628730E-3
4.870000000E0	5.374763988E-1	5.776621887E-3
4.880000000E0	5.304687404E-1	5.626691039E-3
4.890000000E0	5.234863928E-1	5.625441447E-3
4.900000000E0	5.166751287E-1	5.569099596E-3
4.910000000E0	5.098418478E-1	5.552463550E-3
4.920000000E0	5.029559896E-1	5.529170139E-3
4.930000000E0	4.961329212E-1	5.538015905E-3
4.940000000E0	4.891925064E-1	5.550462587E-3
4.950000000E0	4.824547653E-1	5.590226975E-3
4.960000000E0	4.757827193E-1	5.685194159E-3
4.970000000E0	4.691321295E-1	5.759008341E-3
4.980000000E0	4.624871039E-1	5.908911575E-3
4.990000000E0	4.558647282E-1	6.061718898E-3
5.000000000E0	4.492170291E-1	6.274152586E-3
5.010000000E0	4.426138840E-1	6.606608215E-3
5.020000000E0	4.360850373E-1	7.010344098E-3
5.030000000E0	4.296417042E-1	7.981156801E-3
5.040000000E0	4.232179690E-1	8.244030923E-3
5.050000000E0	4.170107167E-1	8.593197738E-3
5.060000000E0	4.105699698E-1	8.805081672E-3
5.070000000E0	4.044495698E-1	9.480077921E-3
5.080000000E0	3.981978785E-1	9.700479110E-3
5.090000000E0	3.920088120E-1	1.025504879E-2
5.100000000E0	3.856829025E-1	1.085702573E-2
5.110000000E0	3.798021972E-1	1.124992341E-2
5.120000000E0	3.736933332E-1	1.204174217E-2
5.130000000E0	3.677874787E-1	1.262820266E-2
5.140000000E0	3.621070228E-1	1.332618646E-2
5.150000000E0	3.562755286E-1	1.424630860E-2
5.160000000E0	3.508412907E-1	1.487728576E-2
5.170000000E0	3.455067776E-1	1.557165956E-2
5.180000000E0	3.399869742E-1	1.650970656E-2
5.190000000E0	3.346510684E-1	1.741764024E-2
5.200000000E0	3.293076915E-1	1.833374999E-2
5.210000000E0	3.243477471E-1	1.906791562E-2
5.220000000E0	3.192758330E-1	1.998856215E-2
5.230000000E0	3.141606975E-1	2.100275452E-2
5.240000000E0	3.092640402E-1	2.191615924E-2
5.250000000E0	3.046897905E-1	2.263197149E-2
5.260000000E0	2.998596472E-1	2.359870227E-2
5.270000000E0	2.951179521E-1	2.440914092E-2
5.280000000E0	2.906181687E-1	2.545032871E-2
5.290000000E0	2.862468493E-1	2.636088792E-2
5.300000000E0	2.819739444E-1	2.726433937E-2
5.310000000E0	2.780693976E-1	2.802703821E-2
5.320000000E0	2.741550931E-1	2.882178446E-2
5.330000000E0	2.705541092E-1	2.976402884E-2
5.340000000E0	2.668091782E-1	3.057932056E-2
5.350000000E0	2.631495462E-1	3.125600519E-2
5.360000000E0	2.596970544E-1	3.206672032E-2
5.370000000E0	2.563736862E-1	3.290487616E-2
5.380000000E0	2.531638969E-1	3.347867159E-2
5.390000000E0	2.499955980E-1	3.423195813E-2
5.400000000E0	2.472803980E-1	3.503091939E-2
5.410000000E0	2.444135674E-1	3.571853752E-2
5.420000000E0	2.418907563E-1	3.654016903E-2
5.430000000E0	2.394924332E-1	3.714304316E-2
5.440000000E0	2.373504794E-1	3.777455073E-2
5.450000000E0	2.352675736E-1	3.823183767E-2
5.460000000E0	2.331616415E-1	3.872284300E-2
5.470000000E0	2.310678358E-1	3.906825915E-2
5.480000000E0	2.291446302E-1	3.923017108E-2
5.490000000E0	2.276505904E-1	3.964622511E-2
5.500000000E0	2.260482328E-1	3.974072402E-2
5.510000000E0	2.244394010E-1	3.987761974E-2
5.520000000E0	2.233395659E-1	3.996970644E-2
5.530000000E0	2.221996564E-1	4.015686909E-2
5.540000000E0	2.211336250E-1	4.009523888E-2
5.550000000E0	2.203999365E-1	4.012908982E-2
5.560000000E0	2.198885587E-1	4.041889461E-2
5.570000000E0	2.192966693E-1	4.063687926E-2
5.580000000E0	2.188767055E-1	4.089900741E-2
5.590000000E0	2.186911638E-1	4.098819447E-2
5.600000000E0	2.187321293E-1	4.098205175E-2
5.610000000E0	2.187848496E-1	4.095186548E-2
5.620000000E0	2.188810403E-1	4.093844035E-2
5.630000000E0	2.190270150E-1	4.089890729E-2
5.640000000E0	2.195477956E-1	4.090014284E-2
5.650000000E0	2.200903634E-1	4.081129532E-2
5.660000000E0	2.209688693E-1	4.077141670E-2
5.670000000E0	2.219135574E-1	4.070574928E-2
5.680000000E0	2.228885064E-1	4.065527139E-2
5.690000000E0	2.240629797E-1	4.058021722E-2
5.700000000E0	2.253877265E-1	4.045740368E-2
5.710000000E0	2.265691910E-1	4.019532666E-2
5.720000000E0	2.280884760E-1	3.968915016E-2
5.730000000E0	2.297242913E-1	3.937599378E-2
5.740000000E0	2.314971194E-1	3.872060052E-2
5.750000000E0	2.333435148E-1	3.823676340E-2
5.760000000E0	2.352933512E-1	3.785571305E-2
5.770000000E0	2.375466072E-1	3.743135053E-2
5.780000000E0	2.398485345E-1	3.676506000E-2
5.790000000E0	2.422613112E-1	3.593677979E-2
5.800000000E0	2.447047580E-1	3.510512952E-2
5.810000000E0	2.474245389E-1	3.427087179E-2
5.820000000E0	2.502811305E-1	3.332264635E-2
5.830000000E0	2.531463121E-1	3.254785731E-2
5.840000000E0	2.563342775E-1	3.175938854E-2
5.850000000E0	2.596688271E-1	3.099542580E-2
5.860000000E0	2.630003051E-1	3.006773964E-2
5.870000000E0	2.663905486E-1	2.939582545E-2
5.880000000E0	2.700153114E-1	2.864979728E-2
5.890000000E0	2.739137581E-1	2.770121098E-2
5.900000000E0	2.775368509E-1	2.677230806E-2
5.910000000E0	2.815999851E-1	2.589307938E-2
5.920000000E0	2.858377859E-1	2.490547612E-2
5.930000000E0	2.899321567E-1	2.403686672E-2
5.940000000E0	2.940355153E-1	2.334174368E-2
5.950000000E0	2.984783857E-1	2.228689868E-2
5.960000000E0	3.028686217E-1	2.150516810E-2
5.970000000E0	3.073701431E-1	2.073267582E-2
5.980000000E0	3.119860778E-1	1.992019478E-2
5.990000000E0	3.168138541E-1	1.897607182E-2
6.000000000E0	3.215380635E-1	1.820257818E-2
6.010000000E0	3.264457487E-1	1.748585954E-2
6.020000000E0	3.314673246E-1	1.669671256E-2
6.030000000E0	3.367069173E-1	1.580502774E-2
6.040000000E0	3.416882444E-1	1.507952346E-2
6.050000000E0	3.468717526E-1	1.438374539E-2
6.060000000E0	3.522879292E-1	1.350072512E-2
6.070000000E0	3.576566145E-1	1.293596502E-2
6.080000000E0	3.632494461E-1	1.218718042E-2
6.090000000E0	3.687730190E-1	1.146788100E-2
6.100000000E0	3.743777366E-1	1.104528637E-2
6.110000000E0	3.800463980E-1	1.025706222E-2
6.120000000E0	3.856787796E-1	9.892453397E-3
6.130000000E0	3.912075121E-1	9.297732078E-3
6.140000000E0	3.972769498E-1	8.806112965E-3
6.150000000E0	4.030065570E-1	8.361015716E-3
6.160000000E0	4.086987265E-1	7.677747426E-3
6.170000000E0	4.145246833E-1	7.468333137E-3
6.180000000E0	4.204424601E-1	8.021150748E-3
6.190000000E0	4.262680761E-1	7.999807804E-3
6.200000000E0	4.321290757E-1	7.564650090E-3
6.210000000E0	4.381676150E-1	6.551316903E-3
6.220000000E0	4.441579394E-1	6.320953833E-3
6.230000000E0	4.503666231E-1	6.067315888E-3
6.240000000E0	4.562698833E-1	5.673297348E-3
6.250000000E0	4.624946590E-1	5.486410677E-3
6.260000000E0	4.683596825E-1	5.431319612E-3
6.270000000E0	4.745791735E-1	5.298644490E-3
6.280000000E0	4.805512243E-1	5.261654083E-3
6.290000000E0	4.867651554E-1	5.317889534E-3
6.300000000E0	4.927267862E-1	5.371814551E-3
6.310000000E0	4.989310868E-1	5.304931864E-3
6.320000000E0	5.048169157E-1	5.337079362E-3
6.330000000E0	5.111208186E-1	5.442712348E-3
6.340000000E0	5.172013587E-1	5.456708922E-3
6.350000000E0	5.232390690E-1	5.479647943E-3
6.360000000E0	5.291025242E-1	5.572564840E-3
6.370000000E0	5.352852925E-1	5.549383531E-3
6.380000000E0	5.411768513E-1	5.581890591E-3
6.390000000E0	5.472490044E-1	5.584662825E-3
6.400000000E0	5.531900449E-1	5.649651158E-3
6.410000000E0	5.592697378E-1	5.641138089E-3
6.420000000E0	5.652681859E-1	5.726029896E-3
6.430000000E0	5.711288211E-1	5.844860975E-3
6.440000000E0	5.771019989E-1	5.902638039E-3
6.450000000E0	5.828874445E-1	5.948340939E-3
6.460000000E0	5.886983833E-1	5.971988221E-3
6.470000000E0	5.945233840E-1	5.958126777E-3
6.480000000E0	6.002392092E-1	6.054562407E-3
6.490000000E0	6.060022926E-1	6.087626659E-3
6.500000000E0	6.117353390E-1	7.626258308E-3
6.510000000E0	6.172569752E-1	7.851612574E-3
6.520000000E0	6.229995992E-1	7.742413043E-3
6.530000000E0	6.290320428E-1	7.201704348E-3
6.540000000E0	6.346672637E-1	7.332133777E-3
6.550000000E0	6.403265562E-1	7.758590978E-3
6.560000000E0	6.459555847E-1	7.974481725E-3
6.570000000E0	6.514232625E-1	8.659020190E-3
6.580000000E0	6.568608210E-1	9.020459441E-3
6.590000000E0	6.622935537E-1	9.606645250E-3
6.600000000E0	6.677677476E-1	1.006515754E-2
6.610000000E0	6.731552129E-1	1.078411639E-2
6.620000000E0	6.784814706E-1	1.129194511E-2
6.630000000E0	6.835397633E-1	1.207482620E-2
6.640000000E0	6.887287827E-1	1.268463136E-2
6.650000000E0	6.937589045E-1	1.321940416E-2
6.660000000E0	6.987220765E-1	1.407628400E-2
6.670000000E0	7.036231596E-1	1.454566606E-2
6.680000000E0	7.085362176E-1	1.546162468E-2
6.690000000E0	7.130997254E-1	1.636045212E-2
6.700000000E0	7.176004923E-1	1.705852750E-2
6.710000000E0	7.219700701E-1	1.772367636E-2
6.720000000E0	7.263465151E-1	1.864692656E-2
6.730000000E0	7.307008578E-1	1.920992046E-2
6.740000000E0	7.349411905E-1	1.999958499E-2
6.750000000E0	7.388594133E-1	2.087867647E-2
6.760000000E0	7.427151919E-1	2.168044118E-2
6.770000000E0	7.464922037E-1	2.241316251E-2
6.780000000E0	7.502792640E-1	2.320321394E-2
6.790000000E0	7.537629202E-1	2.410303487E-2
6.800000000E0	7.571991773E-1	2.459161287E-2
6.810000000E0	7.604336696E-1	2.541892759E-2
6.820000000E0	7.636585304E-1	2.620885224E-2
6.830000000E0	7.667878698E-1	2.677704576E-2
6.840000000E0	7.694316189E-1	2.755860887E-2
6.850000000E0	7.722090920E-1	2.824889335E-2
6.860000000E0	7.748449156E-1	2.891711485E-2
6.870000000E0	7.771417599E-1	2.969060150E-2
6.880000000E0	7.794615348E-1	3.019740240E-2
6.890000000E0	7.815676944E-1	3.083890391E-2
6.900000000E0	7.836749841E-1	3.129846287E-2
6.910000000E0	7.857413647E-1	3.192101320E-2
6.920000000E0	7.877265670E-1	3.219660653E-2
6.930000000E0	7.892538153E-1	3.289604755E-2
6.940000000E0	7.908725970E-1	3.328300336E-2
6.950000000E0	7.923900535E-1	3.389493510E-2
6.960000000E0	7.936092084E-1	3.438915729E-2
6.970000000E0	7.946674414E-1	3.468053644E-2
6.980000000E0	7.957847814E-1	3.513073568E-2
6.990000000E0	7.967016674E-1	3.545823348E-2
7.000000000E0	7.975405849E-1	3.558406887E-2
7.010000000E0	7.981054574E-1	3.568283283E-2
7.020000000E0	7.987588220E-1	3.582949717E-2
7.030000000E0	7.991130516E-1	3.569851496E-2
7.040000000E0	7.993126691E-1	3.572527402E-2
7.050000000E0	7.993813738E-1	3.563865577E-2
7.060000000E0	7.992543833E-1	3.557736798E-2
7.070000000E0	7.991105426E-1	3.551303175E-2
7.080000000E0	7.989801110E-1	3.547094016E-2
7.090000000E0	7.987968766E-1	3.542406953E-2
7.100000000E0	7.980811996E-1	3.537248085E-2
7.110000000E0	7.976456238E-1	3.530480469E-2
7.120000000E0	7.968422113E-1	3.518035844E-2
7.130000000E0	7.959350273E-1	3.498716598E-2
7.140000000E0	7.948093287E-1	3.456649995E-2
7.150000000E0	7.936873202E-1	3.430689238E-2
7.160000000E0	7.923706863E-1	3.405613459E-2
7.170000000E0	7.909617606E-1	3.354665268E-2
7.180000000E0	7.893126840E-1	3.312919706E-2
7.190000000E0	7.877055269E-1	3.247496714E-2
7.200000000E0	7.858140398E-1	3.205214072E-2
7.210000000E0	7.837288536E-1	3.157700743E-2
7.220000000E0	7.815294272E-1	3.101114948E-2
7.230000000E0	7.793193311E-1	3.066325162E-2
7.240000000E0	7.769878748E-1	2.990309222E-2
7.250000000E0	7.746624772E-1	2.927739600E-2
7.260000000E0	7.718172205E-1	2.864060598E-2
7.270000000E0	7.690908062E-1	2.778100055E-2
7.280000000E0	7.661007077E-1	2.740126544E-2
7.290000000E0	7.631544889E-1	2.655860090E-2
7.300000000E0	7.599832116E-1	2.571362776E-2
7.310000000E0	7.569266864E-1	2.517300147E-2
7.320000000E0	7.536535540E-1	2.433767319E-2
7.330000000E0	7.503718696E-1	2.341320340E-2
7.340000000E0	7.468582176E-1	2.267422720E-2
7.350000000E0	7.429746014E-1	2.197192651E-2
7.360000000E0	7.393787487E-1	2.110497119E-2
7.370000000E0	7.354728701E-1	2.024070655E-2
7.380000000E0	7.315234927E-1	1.948646986E-2
7.390000000E0	7.274026505E-1	1.878235564E-2
7.400000000E0	7.232874375E-1	1.787676542E-2
7.410000000E0	7.189420607E-1	1.726034962E-2
7.420000000E0	7.144999412E-1	1.652881298E-2
7.430000000E0	7.100589303E-1	1.568096078E-2
7.440000000E0	7.054365803E-1	1.512794952E-2
7.450000000E0	7.009344373E-1	1.437042797E-2
7.460000000E0	6.964183788E-1	1.352327946E-2
7.470000000E0	6.918525011E-1	1.305915977E-2
7.480000000E0	6.869874631E-1	1.220909860E-2
7.490000000E0	6.821026499E-1	1.157419043E-2
7.500000000E0	6.772575540E-1	1.090418656E-2
7.510000000E0	6.722673698E-1	1.012837633E-2
7.520000000E0	6.673659899E-1	9.712888920E-3
7.530000000E0	6.623015398E-1	9.101076565E-3
7.540000000E0	6.571807303E-1	8.749299836E-3
7.550000000E0	6.521146426E-1	8.399825340E-3
7.560000000E0	6.468185473E-1	7.903219309E-3
7.570000000E0	6.414541211E-1	7.784070353E-3
7.580000000E0	6.362638633E-1	7.689145460E-3
7.590000000E0	6.308549148E-1	7.422529455E-3
7.600000000E0	6.257492474E-1	7.583025146E-3
7.610000000E0	6.204001946E-1	7.859082812E-3
7.620000000E0	6.150453234E-1	7.938400016E-3
7.630000000E0	6.099785486E-1	7.799922101E-3
7.640000000E0	6.049218377E-1	7.348838641E-3
7.650000000E0	5.994981687E-1	7.088562630E-3
7.660000000E0	5.944185555E-1	6.723533149E-3
7.670000000E0	5.892725012E-1	6.706892180E-3
7.680000000E0	5.840180318E-1	6.582368121E-3
7.690000000E0	5.786225381E-1	6.518914935E-3
7.700000000E0	5.733408522E-1	6.417800747E-3
7.710000000E0	5.680561681E-1	6.387393266E-3
7.720000000E0	5.629313700E-1	6.375097977E-3
7.730000000E0	5.575997486E-1	6.395249547E-3
7.740000000E0	5.523311104E-1	6.319928745E-3
7.750000000E0	5.471731600E-1	6.392905986E-3
7.760000000E0	5.420320857E-1	6.467633520E-3
7.770000000E0	5.366738135E-1	6.505759739E-3
7.780000000E0	5.313095868E-1	6.518930756E-3
7.790000000E0	5.261880470E-1	6.596162969E-3
7.800000000E0	5.210492965E-1	6.670523241E-3
7.810000000E0	5.157116714E-1	6.678037376E-3
7.820000000E0	5.105629093E-1	6.681775759E-3
7.830000000E0	5.053716620E-1	6.719340913E-3
7.840000000E0	5.001667236E-1	6.723260515E-3
7.850000000E0	4.949861720E-1	6.751320561E-3
7.860000000E0	4.899134529E-1	6.793607330E-3
7.870000000E0	4.847102632E-1	6.795592302E-3
7.880000000E0	4.796436924E-1	6.872601308E-3
7.890000000E0	4.746536806E-1	6.892624139E-3
7.900000000E0	4.694663133E-1	6.993345856E-3
7.910000000E0	4.644609198E-1	7.145212936E-3
7.920000000E0	4.594230561E-1	7.157111133E-3
7.930000000E0	4.546096616E-1	7.334573813E-3
7.940000000E0	4.495062549E-1	7.661442095E-3
7.950000000E0	4.446803920E-1	7.847211187E-3
7.960000000E0	4.397109955E-1	7.985713211E-3
7.970000000E0	4.348867777E-1	8.089274945E-3
7.980000000E0	4.299865318E-1	8.509452481E-3
7.990000000E0	4.251431092E-1	8.988963199E-3
8.000000000E0	4.204048098E-1	9.100640047E-3
8.010000000E0	4.156754822E-1	9.097548440E-3
8.020000000E0	4.108672930E-1	9.232515690E-3
8.030000000E0	4.064462539E-1	9.774422835E-3
8.040000000E0	4.019409139E-1	9.978432894E-3
8.050000000E0	3.974412602E-1	1.013215237E-2
8.060000000E0	3.929524241E-1	1.037855404E-2
8.070000000E0	3.887229447E-1	1.081037096E-2
8.080000000E0	3.843837439E-1	1.113457270E-2
8.090000000E0	3.801105192E-1	1.128225308E-2
8.100000000E0	3.758811921E-1	1.178137000E-2
8.110000000E0	3.717645043E-1	1.224932440E-2
8.120000000E0	3.678212430E-1	1.273884106E-2
8.130000000E0	3.637725524E-1	1.315689812E-2
8.140000000E0	3.599670911E-1	1.350367789E-2
8.150000000E0	3.559926033E-1	1.414123018E-2
8.160000000E0	3.523443693E-1	1.453948330E-2
8.170000000E0	3.487471671E-1	1.496871947E-2
8.180000000E0	3.450756690E-1	1.538913459E-2
8.190000000E0	3.415154856E-1	1.570130313E-2
8.200000000E0	3.380718673E-1	1.642707459E-2
8.210000000E0	3.347768700E-1	1.675860966E-2
8.220000000E0	3.314907399E-1	1.745378486E-2
8.230000000E0	3.282831143E-1	1.780118226E-2
8.240000000E0	3.251615887E-1	1.847524277E-2
8.250000000E0	3.223689213E-1	1.888627969E-2
8.260000000E0	3.193374563E-1	1.936120404E-2
8.270000000E0	3.167241736E-1	1.979629279E-2
8.280000000E0	3.138371329E-1	2.004368362E-2
8.290000000E0	3.114228760E-1	2.075792585E-2
8.300000000E0	3.089030658E-1	2.103808532E-2
8.310000000E0	3.063922335E-1	2.129218242E-2
8.320000000E0	3.040240555E-1	2.189452880E-2
8.330000000E0	3.017242742E-1	2.218226998E-2
8.340000000E0	2.995803710E-1	2.249281907E-2
8.350000000E0	2.974575528E-1	2.296963523E-2
8.360000000E0	2.956458551E-1	2.329729080E-2
8.370000000E0	2.939214764E-1	2.345749428E-2
8.380000000E0	2.921542087E-1	2.394197459E-2
8.390000000E0	2.905520058E-1	2.431302101E-2
8.400000000E0	2.892418139E-1	2.447769445E-2
8.410000000E0	2.876707548E-1	2.463865363E-2
8.420000000E0	2.863592920E-1	2.503449673E-2
8.430000000E0	2.851647283E-1	2.534979599E-2
8.440000000E0	2.840689283E-1	2.546782215E-2
8.450000000E0	2.830277116E-1	2.556759234E-2
8.460000000E0	2.822519136E-1	2.560952266E-2
8.470000000E0	2.816054544E-1	2.577192427E-2
8.480000000E0	2.808220222E-1	2.562782262E-2
8.490000000E0	2.805262914E-1	2.580967754E-2
8.500000000E0	2.801166544E-1	2.580421482E-2
8.510000000E0	2.798561694E-1	2.556717735E-2
8.520000000E0	2.796597163E-1	2.553424856E-2
8.530000000E0	2.796153433E-1	2.552190006E-2
8.540000000E0	2.796763909E-1	2.547650042E-2
8.550000000E0	2.798167680E-1	2.540960276E-2
8.560000000E0	2.803057299E-1	2.546947987E-2
8.570000000E0	2.806946591E-1	2.537169142E-2
8.580000000E0	2.814552107E-1	2.526729338E-2
8.590000000E0	2.819342121E-1	2.518662100E-2
8.600000000E0	2.828577361E-1	2.511342601E-2
8.610000000E0	2.838363405E-1	2.506514667E-2
8.620000000E0	2.848905789E-1	2.477524390E-2
8.630000000E0	2.860770421E-1	2.436045866E-2
8.640000000E0	2.872787131E-1	2.421298489E-2
8.650000000E0	2.885186206E-1	2.402716876E-2
8.660000000E0	2.899019577E-1	2.362376934E-2
8.670000000E0	2.916019400E-1	2.329745388E-2
8.680000000E0	2.930353044E-1	2.302054395E-2
8.690000000E0	2.949241429E-1	2.283072808E-2
8.700000000E0	2.967396399E-1	2.250339753E-2
8.710000000E0	2.987548978E-1	2.201622791E-2
8.720000000E0	3.006397310E-1	2.184765111E-2
8.730000000E0	3.028079701E-1	2.132714454E-2
8.740000000E0	3.050127176E-1	2.096530210E-2
8.750000000E0	3.073083561E-1	2.068496336E-2
8.760000000E0	3.097824907E-1	2.014440309E-2
8.770000000E0	3.124754156E-1	1.989840678E-2
8.780000000E0	3.149127239E-1	1.939699442E-2
8.790000000E0	3.178237459E-1	1.882000414E-2
8.800000000E0	3.205047148E-1	1.845608705E-2
8.810000000E0	3.235294450E-1	1.801945511E-2
8.820000000E0	3.266577775E-1	1.768387233E-2
8.830000000E0	3.294771720E-1	1.703085250E-2
8.840000000E0	3.325814534E-1	1.662058036E-2
8.850000000E0	3.358135547E-1	1.635262463E-2
8.860000000E0	3.391216491E-1	1.577630749E-2
8.870000000E0	3.424466895E-1	1.538957184E-2
8.880000000E0	3.458076456E-1	1.490244165E-2
8.890000000E0	3.492250221E-1	1.437781980E-2
8.900000000E0	3.528217116E-1	1.393372532E-2
8.910000000E0	3.564678141E-1	1.348073996E-2
8.920000000E0	3.600753333E-1	1.312762388E-2
8.930000000E0	3.635763126E-1	1.248989577E-2
8.940000000E0	3.676476736E-1	1.213463989E-2
8.950000000E0	3.712239224E-1	1.163440236E-2
8.960000000E0	3.753288533E-1	1.110635613E-2
8.970000000E0	3.790655241E-1	1.053304059E-2
8.980000000E0	3.831710077E-1	1.011109017E-2
8.990000000E0	3.873725743E-1	9.841296114E-3
9.000000000E0	3.912115136E-1	9.189428364E-3
9.010000000E0	3.954166412E-1	8.783712698E-3
9.020000000E0	3.996674653E-1	8.319271218E-3
9.030000000E0	4.040197225E-1	7.871313519E-3
9.040000000E0	4.083035458E-1	7.812975204E-3
9.050000000E0	4.127012523E-1	7.573723668E-3
9.060000000E0	4.169727539E-1	7.886006871E-3
9.070000000E0	4.215096234E-1	8.007363344E-3
9.080000000E0	4.259417259E-1	7.947490420E-3
9.090000000E0	4.304724659E-1	7.697332631E-3
9.100000000E0	4.350689700E-1	6.895452215E-3
9.110000000E0	4.394663463E-1	6.406278837E-3
9.120000000E0	4.439625312E-1	6.293831713E-3
9.130000000E0	4.483981729E-1	6.032054529E-3
9.140000000E0	4.528413206E-1	5.597065817E-3
9.150000000E0	4.572685581E-1	5.538999588E-3
9.160000000E0	4.616697026E-1	5.478017301E-3
9.170000000E0	4.660351653E-1	5.431731647E-3
9.180000000E0	4.704675279E-1	5.322895083E-3
9.190000000E0	4.749061505E-1	5.320052975E-3
9.200000000E0	4.793826388E-1	5.327399061E-3
9.210000000E0	4.838845810E-1	5.321023501E-3
9.220000000E0	4.882872105E-1	5.383342490E-3
9.230000000E0	4.928245890E-1	5.367634070E-3
9.240000000E0	4.974010479E-1	5.398189904E-3
9.250000000E0	5.022102334E-1	5.491875661E-3
9.260000000E0	5.067063055E-1	5.493150434E-3
9.270000000E0	5.112161048E-1	5.487328579E-3
9.280000000E0	5.157020961E-1	5.512399849E-3
9.290000000E0	5.201316701E-1	5.535517791E-3
9.300000000E0	5.246598443E-1	5.636226062E-3
9.310000000E0	5.290985169E-1	5.578621670E-3
9.320000000E0	5.336785430E-1	5.590857016E-3
9.330000000E0	5.380740749E-1	5.574667563E-3
9.340000000E0	5.423867610E-1	5.581108464E-3
9.350000000E0	5.468566256E-1	5.586257115E-3
9.360000000E0	5.511454497E-1	5.587611102E-3
9.370000000E0	5.554921665E-1	5.631804645E-3
9.380000000E0	5.599052942E-1	5.672397270E-3
9.390000000E0	5.642944105E-1	5.723517652E-3
9.400000000E0	5.685988471E-1	5.723580150E-3
9.410000000E0	5.729521111E-1	5.725102349E-3
9.420000000E0	5.773533541E-1	5.734559071E-3
9.430000000E0	5.817432449E-1	5.784187275E-3
9.440000000E0	5.860969822E-1	5.742387501E-3
9.450000000E0	5.904750842E-1	5.794828661E-3
9.460000000E0	5.947165877E-1	5.847147921E-3
9.470000000E0	5.988616810E-1	5.890298465E-3
9.480000000E0	6.031246654E-1	5.982573669E-3
9.490000000E0	6.071282043E-1	6.564057582E-3
9.500000000E0	6.113480396E-1	7.522361667E-3
9.510000000E0	6.155430221E-1	7.795852346E-3
9.520000000E0	6.199560852E-1	7.780340379E-3
9.530000000E0	6.241763001E-1	7.780516973E-3
9.540000000E0	6.281821732E-1	7.509097925E-3
9.550000000E0	6.324744640E-1	7.616578810E-3
9.560000000E0	6.367369320E-1	7.722525051E-3
9.570000000E0	6.410365921E-1	7.923380794E-3
9.580000000E0	6.451155606E-1	7.977838539E-3
9.590000000E0	6.490088710E-1	8.393320116E-3
9.600000000E0	6.530779215E-1	8.611614394E-3
9.610000000E0	6.568731114E-1	8.927436860E-3
9.620000000E0	6.607172075E-1	9.263022901E-3
9.630000000E0	6.645258296E-1	9.668668318E-3
9.640000000E0	6.682233452E-1	9.981254853E-3
9.650000000E0	6.718708613E-1	1.030411844E-2
9.660000000E0	6.754463916E-1	1.070467084E-2
9.670000000E0	6.788283972E-1	1.117917854E-2
9.680000000E0	6.822309136E-1	1.162605247E-2
9.690000000E0	6.854421070E-1	1.204358045E-2
9.700000000E0	6.886989140E-1	1.231478658E-2
9.710000000E0	6.919122055E-1	1.303134834E-2
9.720000000E0	6.950422392E-1	1.333662003E-2
9.730000000E0	6.978228080E-1	1.375671769E-2
