mass_A
t	x	y
0.000000000E0	4.491433146E-4	1.379201283E-1
1.000000000E-2	6.781824351E-4	1.380091984E-1
2.000000000E-2	1.218829248E-3	1.375379593E-1
3.000000000E-2	2.305819119E-3	1.370854935E-1
4.000000000E-2	3.514998376E-3	1.364793592E-1
5.000000000E-2	4.979193572E-3	1.357482871E-1
6.000000000E-2	6.815463046E-3	1.345780409E-1
7.000000000E-2	9.229488269E-3	1.330759627E-1
8.000000000E-2	1.154525115E-2	1.315538649E-1
9.000000000E-2	1.415957258E-2	1.300805887E-1
1.000000000E-1	1.704095637E-2	1.281642318E-1
1.100000000E-1	2.041229163E-2	1.259705027E-1
1.200000000E-1	2.387627337E-2	1.238299315E-1
1.300000000E-1	2.796001192E-2	1.214230876E-1
1.400000000E-1	3.225944840E-2	1.185237954E-1
1.500000000E-1	3.666578502E-2	1.160090382E-1
1.600000000E-1	4.139689763E-2	1.139816990E-1
1.700000000E-1	4.605521281E-2	1.128111834E-1
1.800000000E-1	5.211383029E-2	1.106171683E-1
1.900000000E-1	5.792438838E-2	1.072938160E-1
2.000000000E-1	6.354341314E-2	1.018730701E-1
2.100000000E-1	6.921477463E-2	9.881197651E-2
2.200000000E-1	7.567581872E-2	9.563258874E-2
2.300000000E-1	8.235751270E-2	9.260657428E-2
2.400000000E-1	8.921592904E-2	8.944063256E-2
2.500000000E-1	9.592459218E-2	8.604292845E-2
2.600000000E-1	1.030727394E-1	8.292311063E-2
2.700000000E-1	1.104694799E-1	7.968296772E-2
2.800000000E-1	1.181416781E-1	7.635864096E-2
2.900000000E-1	1.254837735E-1	7.324928442E-2
3.000000000E-1	1.331874672E-1	6.974559629E-2
3.100000000E-1	1.410666911E-1	6.715261272E-2
3.200000000E-1	1.493052877E-1	6.410606042E-2
3.300000000E-1	1.578180952E-1	6.109302159E-2
3.400000000E-1	1.663085657E-1	5.831188893E-2
3.500000000E-1	1.751230417E-1	5.553772408E-2
3.600000000E-1	1.838307303E-1	5.236670043E-2
3.700000000E-1	1.929589284E-1	4.951428387E-2
3.800000000E-1	2.022671865E-1	4.701901992E-2
3.900000000E-1	2.114034634E-1	4.504491134E-2
4.000000000E-1	2.204017281E-1	4.284811414E-2
4.100000000E-1	2.299441533E-1	4.087296275E-2
4.200000000E-1	2.398482442E-1	3.900651621E-2
4.300000000E-1	2.498176960E-1	3.532201319E-2
4.400000000E-1	2.602497558E-1	3.308474834E-2
4.500000000E-1	2.706585540E-1	3.087995443E-2
4.600000000E-1	2.810945434E-1	2.890356300E-2
4.700000000E-1	2.915475549E-1	2.647560665E-2
4.800000000E-1	3.019354639E-1	2.460698791E-2
4.900000000E-1	3.126784086E-1	2.249214167E-2
5.000000000E-1	3.230413359E-1	2.094773206E-2
5.100000000E-1	3.336853826E-1	1.945239703E-2
5.200000000E-1	3.445677140E-1	1.780715095E-2
5.300000000E-1	3.554484960E-1	1.633454034E-2
5.400000000E-1	3.665792375E-1	1.506837358E-2
5.500000000E-1	3.777654180E-1	1.405423310E-2
5.600000000E-1	3.889168193E-1	1.343891166E-2
5.700000000E-1	3.999295223E-1	1.275347186E-2
5.800000000E-1	4.110516018E-1	1.210328860E-2
5.900000000E-1	4.222961360E-1	1.184357712E-2
6.000000000E-1	4.332765127E-1	1.142600800E-2
6.100000000E-1	4.448571632E-1	1.019141234E-2
6.200000000E-1	4.560819894E-1	1.003490778E-2
6.300000000E-1	4.675363942E-1	9.826742886E-3
6.400000000E-1	4.784258031E-1	9.763555566E-3
6.500000000E-1	4.895730030E-1	9.831568318E-3
6.600000000E-1	5.010402213E-1	9.492696365E-3
6.700000000E-1	5.123077301E-1	9.635526811E-3
6.800000000E-1	5.234596222E-1	9.769918519E-3
6.900000000E-1	5.346283535E-1	9.977502172E-3
7.000000000E-1	5.456918417E-1	1.011896949E-2
7.100000000E-1	5.565940882E-1	1.007898753E-2
7.200000000E-1	5.674808710E-1	1.008990714E-2
7.300000000E-1	5.785758353E-1	1.038864705E-2
7.400000000E-1	5.895031162E-1	1.005652201E-2
7.500000000E-1	6.005025622E-1	1.035984716E-2
7.600000000E-1	6.113124523E-1	1.137347443E-2
7.700000000E-1	6.224695947E-1	1.136754436E-2
7.800000000E-1	6.335686640E-1	1.143880484E-2
7.900000000E-1	6.446291555E-1	1.218425342E-2
8.000000000E-1	6.554937800E-1	1.279954187E-2
8.100000000E-1	6.658663240E-1	1.441576329E-2
8.200000000E-1	6.764619343E-1	1.537423781E-2
8.300000000E-1	6.866729759E-1	1.665483118E-2
8.400000000E-1	6.967067755E-1	1.838344918E-2
8.500000000E-1	7.070129389E-1	2.003577864E-2
8.600000000E-1	7.172996728E-1	2.102098745E-2
8.700000000E-1	7.271861121E-1	2.309418427E-2
8.800000000E-1	7.373066649E-1	2.475347782E-2
8.900000000E-1	7.464452677E-1	2.752333747E-2
9.000000000E-1	7.560347506E-1	2.933648476E-2
9.100000000E-1	7.651952028E-1	3.190485137E-2
9.200000000E-1	7.748030537E-1	3.350988727E-2
9.300000000E-1	7.835940507E-1	3.554340311E-2
9.400000000E-1	7.918151967E-1	3.873876813E-2
9.500000000E-1	8.004359167E-1	4.102494646E-2
9.600000000E-1	8.087599881E-1	4.255682771E-2
9.700000000E-1	8.169509039E-1	4.512135625E-2
9.800000000E-1	8.256694814E-1	4.673290924E-2
9.900000000E-1	8.336348297E-1	4.980592608E-2
1.000000000E0	8.413722010E-1	5.212119681E-2
1.010000000E0	8.490957394E-1	5.444957181E-2
1.020000000E0	8.565902663E-1	5.646917355E-2
1.030000000E0	8.634009464E-1	5.961681497E-2
1.040000000E0	8.709671573E-1	6.116524228E-2
1.050000000E0	8.774665561E-1	6.349802282E-2
1.060000000E0	8.839705206E-1	6.577782615E-2
1.070000000E0	8.905624714E-1	6.801319263E-2
1.080000000E0	8.965014352E-1	7.089017439E-2
1.090000000E0	9.019742504E-1	7.382623878E-2
1.100000000E0	9.074918196E-1	7.611408176E-2
1.110000000E0	9.129101545E-1	7.815131700E-2
1.120000000E0	9.184968696E-1	7.998086859E-2
1.130000000E0	9.228761951E-1	8.274543371E-2
1.140000000E0	9.273831955E-1	8.508171541E-2
1.150000000E0	9.316998548E-1	8.712961800E-2
1.160000000E0	9.360443481E-1	8.911002116E-2
1.170000000E0	9.403948993E-1	9.051043255E-2
1.180000000E0	9.439770986E-1	9.306470570E-2
1.190000000E0	9.473608193E-1	9.528724735E-2
1.200000000E0	9.504985819E-1	9.702275591E-2
1.210000000E0	9.537505526E-1	9.833144648E-2
1.220000000E0	9.568701713E-1	9.936072347E-2
1.230000000E0	9.591967850E-1	1.013283627E-1
1.240000000E0	9.615167911E-1	1.027786865E-1
1.250000000E0	9.636487428E-1	1.038284856E-1
1.260000000E0	9.657144603E-1	1.046814690E-1
1.270000000E0	9.670106367E-1	1.059889836E-1
1.280000000E0	9.682308286E-1	1.071002984E-1
1.290000000E0	9.692837108E-1	1.074087928E-1
1.300000000E0	9.703092216E-1	1.074640252E-1
1.310000000E0	9.712320504E-1	1.072223925E-1
1.320000000E0	9.713078966E-1	1.080034654E-1
1.330000000E0	9.714415456E-1	1.082918828E-1
1.340000000E0	9.714580128E-1	1.083326781E-1
1.350000000E0	9.713160570E-1	1.080276606E-1
1.360000000E0	9.713258557E-1	1.073495883E-1
1.370000000E0	9.703977562E-1	1.074471953E-1
1.380000000E0	9.692871839E-1	1.071063146E-1
1.390000000E0	9.682441473E-1	1.063885922E-1
1.400000000E0	9.669807857E-1	1.049967804E-1
1.410000000E0	9.649046596E-1	1.046392685E-1
1.420000000E0	9.635127369E-1	1.025790605E-1
1.430000000E0	9.613726604E-1	1.015727852E-1
1.440000000E0	9.590196686E-1	1.001363765E-1
1.450000000E0	9.560495172E-1	9.944383041E-2
1.460000000E0	9.536297700E-1	9.717018027E-2
1.470000000E0	9.503494048E-1	9.593077893E-2
1.480000000E0	9.471092153E-1	9.409006006E-2
1.490000000E0	9.437653416E-1	9.182543698E-2
1.500000000E0	9.403447351E-1	8.950163466E-2
1.510000000E0	9.359154572E-1	8.789770119E-2
1.520000000E0	9.317026387E-1	8.616670821E-2
1.530000000E0	9.273801118E-1	8.409597478E-2
1.540000000E0	9.228130941E-1	8.179750738E-2
1.550000000E0	9.182162924E-1	7.932494225E-2
1.560000000E0	9.128920443E-1	7.794489921E-2
1.570000000E0	9.075543247E-1	7.642046217E-2
1.580000000E0	9.020431817E-1	7.419503684E-2
1.590000000E0	8.963140418E-1	7.157409947E-2
1.600000000E0	8.906678667E-1	6.914820123E-2
1.610000000E0	8.844492204E-1	6.761636288E-2
1.620000000E0	8.786321009E-1	6.446909766E-2
1.630000000E0	8.720662183E-1	6.215100433E-2
1.640000000E0	8.653949035E-1	5.974619335E-2
1.650000000E0	8.585545579E-1	5.718016185E-2
1.660000000E0	8.512950208E-1	5.554037896E-2
1.670000000E0	8.442267381E-1	5.283907337E-2
1.680000000E0	8.367723051E-1	5.089476390E-2
1.690000000E0	8.289809709E-1	4.853686409E-2
1.700000000E0	8.209633984E-1	4.617795703E-2
1.710000000E0	8.133511924E-1	4.416459970E-2
1.720000000E0	8.056106469E-1	4.209954263E-2
1.730000000E0	7.973188912E-1	4.108332679E-2
1.740000000E0	7.891483901E-1	3.838312624E-2
1.750000000E0	7.813818847E-1	3.579546572E-2
1.760000000E0	7.728046368E-1	3.402566282E-2
1.770000000E0	7.640951756E-1	3.209195501E-2
1.780000000E0	7.555894530E-1	2.936307045E-2
1.790000000E0	7.467030840E-1	2.814185052E-2
1.800000000E0	7.375964816E-1	2.630323672E-2
1.810000000E0	7.285437432E-1	2.423703414E-2
1.820000000E0	7.194432209E-1	2.198647319E-2
1.830000000E0	7.098872891E-1	2.053545424E-2
1.840000000E0	7.009779852E-1	1.888919767E-2
1.850000000E0	6.913267665E-1	1.830556749E-2
1.860000000E0	6.820919683E-1	1.625821470E-2
1.870000000E0	6.725754154E-1	1.551697366E-2
1.880000000E0	6.631468170E-1	1.398500947E-2
1.890000000E0	6.535845799E-1	1.339235245E-2
1.900000000E0	6.437271523E-1	1.233083839E-2
1.910000000E0	6.335187870E-1	1.168782972E-2
1.920000000E0	6.236826502E-1	1.163152425E-2
1.930000000E0	6.139584051E-1	1.212829138E-2
1.940000000E0	6.041367045E-1	1.211023370E-2
1.950000000E0	5.942154433E-1	1.188731333E-2
1.960000000E0	5.846802962E-1	1.071889312E-2
1.970000000E0	5.751796493E-1	1.085588894E-2
1.980000000E0	5.654650522E-1	1.092909286E-2
1.990000000E0	5.557478215E-1	1.088595323E-2
2.000000000E0	5.465368091E-1	1.037901218E-2
2.010000000E0	5.368708748E-1	1.025031298E-2
2.020000000E0	5.268735817E-1	9.823005452E-3
2.030000000E0	5.172592701E-1	1.007666762E-2
2.040000000E0	5.076300097E-1	9.743457660E-3
2.050000000E0	4.980730693E-1	1.002367144E-2
2.060000000E0	4.884845930E-1	1.028810282E-2
2.070000000E0	4.789042846E-1	1.004063347E-2
2.080000000E0	4.694120344E-1	1.007404666E-2
2.090000000E0	4.601224468E-1	9.846810156E-3
2.100000000E0	4.505428995E-1	1.061391043E-2
2.110000000E0	4.413104538E-1	1.119162525E-2
2.120000000E0	4.318556380E-1	1.182891077E-2
2.130000000E0	4.226705692E-1	1.272212490E-2
2.140000000E0	4.138471828E-1	1.294174620E-2
2.150000000E0	4.044716541E-1	1.406832480E-2
2.160000000E0	3.954956595E-1	1.464892994E-2
2.170000000E0	3.865256530E-1	1.541527736E-2
2.180000000E0	3.775975447E-1	1.598201507E-2
2.190000000E0	3.688679609E-1	1.691411271E-2
2.200000000E0	3.599144109E-1	1.780638065E-2
2.210000000E0	3.512038226E-1	1.862656017E-2
2.220000000E0	3.425420781E-1	2.004847841E-2
2.230000000E0	3.339485297E-1	2.166757931E-2
2.240000000E0	3.258988677E-1	2.298031973E-2
2.250000000E0	3.178259862E-1	2.415980706E-2
2.260000000E0	3.096950367E-1	2.566349431E-2
2.270000000E0	3.017638920E-1	2.707468207E-2
2.280000000E0	2.938718882E-1	2.885023404E-2
2.290000000E0	2.862668491E-1	3.035716458E-2
2.300000000E0	2.785331018E-1	3.169362948E-2
2.310000000E0	2.708378015E-1	3.334706916E-2
2.320000000E0	2.633742971E-1	3.508514018E-2
2.330000000E0	2.563838572E-1	3.637816122E-2
2.340000000E0	2.489091295E-1	3.846859966E-2
2.350000000E0	2.420263623E-1	4.009215777E-2
2.360000000E0	2.354520729E-1	4.155608816E-2
2.370000000E0	2.288678146E-1	4.329850377E-2
2.380000000E0	2.224403475E-1	4.514159150E-2
2.390000000E0	2.161647194E-1	4.712905093E-2
2.400000000E0	2.102303240E-1	4.855202556E-2
2.410000000E0	2.045951986E-1	5.006080356E-2
2.420000000E0	1.989700410E-1	5.110854059E-2
2.430000000E0	1.933050889E-1	5.264432840E-2
2.440000000E0	1.879913050E-1	5.421663454E-2
2.450000000E0	1.826358435E-1	5.604553078E-2
2.460000000E0	1.774604638E-1	5.791170309E-2
2.470000000E0	1.725174582E-1	5.923136019E-2
2.480000000E0	1.678583426E-1	6.066540658E-2
2.490000000E0	1.635117857E-1	6.222714515E-2
2.500000000E0	1.592459225E-1	6.341232416E-2
2.510000000E0	1.549236363E-1	6.486780701E-2
2.520000000E0	1.507967622E-1	6.627403246E-2
2.530000000E0	1.471152387E-1	6.731192703E-2
2.540000000E0	1.433528992E-1	6.822329876E-2
2.550000000E0	1.398654290E-1	6.998871585E-2
2.560000000E0	1.369167148E-1	7.074135987E-2
2.570000000E0	1.338144498E-1	7.184246591E-2
2.580000000E0	1.309311554E-1	7.294258113E-2
2.590000000E0	1.285740335E-1	7.396241926E-2
2.600000000E0	1.261589836E-1	7.492800024E-2
2.610000000E0	1.240681153E-1	7.586886806E-2
2.620000000E0	1.220529436E-1	7.672243174E-2
2.630000000E0	1.201811433E-1	7.732485229E-2
2.640000000E0	1.187566100E-1	7.787057023E-2
2.650000000E0	1.176119674E-1	7.831632128E-2
2.660000000E0	1.165823366E-1	7.872853603E-2
2.670000000E0	1.154430246E-1	7.917721437E-2
2.680000000E0	1.146184938E-1	7.936594143E-2
2.690000000E0	1.142044315E-1	7.940257282E-2
2.700000000E0	1.141058693E-1	7.948554347E-2
2.710000000E0	1.141417488E-1	7.944859900E-2
2.720000000E0	1.142819151E-1	7.946251350E-2
2.730000000E0	1.145766694E-1	7.958588448E-2
2.740000000E0	1.153421762E-1	7.928862609E-2
2.750000000E0	1.162975545E-1	7.856848326E-2
2.760000000E0	1.174482054E-1	7.820074505E-2
2.770000000E0	1.186724240E-1	7.784540722E-2
2.780000000E0	1.201593971E-1	7.719318917E-2
2.790000000E0	1.220784643E-1	7.659501998E-2
2.800000000E0	1.241693687E-1	7.587588545E-2
2.810000000E0	1.262612681E-1	7.490309064E-2
2.820000000E0	1.285793744E-1	7.394903381E-2
2.830000000E0	1.311468086E-1	7.299947780E-2
2.840000000E0	1.340187026E-1	7.170487669E-2
2.850000000E0	1.370853456E-1	7.035561833E-2
2.860000000E0	1.403375578E-1	6.936311254E-2
2.870000000E0	1.439509627E-1	6.839637555E-2
2.880000000E0	1.474562894E-1	6.707597911E-2
2.890000000E0	1.516111775E-1	6.560487339E-2
2.900000000E0	1.553020579E-1	6.410476059E-2
2.910000000E0	1.594973476E-1	6.271467826E-2
2.920000000E0	1.638433412E-1	6.095703098E-2
2.930000000E0	1.682706599E-1	5.959339895E-2
2.940000000E0	1.728205206E-1	5.831931900E-2
2.950000000E0	1.775775065E-1	5.638812410E-2
2.960000000E0	1.826937395E-1	5.521253896E-2
2.970000000E0	1.879446283E-1	5.370213582E-2
2.980000000E0	1.932126511E-1	5.194884230E-2
2.990000000E0	1.987305206E-1	5.051558123E-2
3.000000000E0	2.044576343E-1	4.860038476E-2
3.010000000E0	2.100894236E-1	4.712533188E-2
3.020000000E0	2.159155457E-1	4.573743571E-2
3.030000000E0	2.218883491E-1	4.408416930E-2
3.040000000E0	2.280457555E-1	4.236521916E-2
3.050000000E0	2.342425440E-1	4.069170684E-2
3.060000000E0	2.406036835E-1	3.955660593E-2
3.070000000E0	2.471249048E-1	3.757076360E-2
3.080000000E0	2.542479902E-1	3.585512614E-2
3.090000000E0	2.610060291E-1	3.434118546E-2
3.100000000E0	2.679276755E-1	3.308970144E-2
3.110000000E0	2.750432078E-1	3.132956963E-2
3.120000000E0	2.822981436E-1	2.973946849E-2
3.130000000E0	2.893869269E-1	2.821030111E-2
3.140000000E0	2.969937381E-1	2.669573753E-2
3.150000000E0	3.043671654E-1	2.590343963E-2
3.160000000E0	3.118617252E-1	2.439773545E-2
3.170000000E0	3.193629979E-1	2.295131818E-2
3.180000000E0	3.270369526E-1	2.161483708E-2
3.190000000E0	3.347824106E-1	2.037241253E-2
3.200000000E0	3.426034341E-1	1.921738771E-2
3.210000000E0	3.504104075E-1	1.812306914E-2
3.220000000E0	3.583145278E-1	1.706804362E-2
3.230000000E0	3.664195395E-1	1.595703930E-2
3.240000000E0	3.745548030E-1	1.510333086E-2
3.250000000E0	3.829853906E-1	1.439755059E-2
3.260000000E0	3.912174192E-1	1.382705470E-2
3.270000000E0	3.997461539E-1	1.295109253E-2
3.280000000E0	4.077407305E-1	1.239167068E-2
3.290000000E0	4.162956704E-1	1.206189008E-2
3.300000000E0	4.244399181E-1	1.201622115E-2
3.310000000E0	4.328489339E-1	1.129736452E-2
3.320000000E0	4.413536858E-1	1.077476486E-2
3.330000000E0	4.496356425E-1	1.066019044E-2
3.340000000E0	4.583430775E-1	1.022988547E-2
3.350000000E0	4.665240701E-1	1.002729556E-2
3.360000000E0	4.747463811E-1	9.594216219E-3
3.370000000E0	4.833618958E-1	9.537525108E-3
3.380000000E0	4.919131378E-1	9.854664447E-3
3.390000000E0	5.002974683E-1	9.749309567E-3
3.400000000E0	5.089620854E-1	9.632462446E-3
3.410000000E0	5.173235017E-1	9.694544040E-3
3.420000000E0	5.257965930E-1	1.001492999E-2
3.430000000E0	5.342366589E-1	9.770494586E-3
3.440000000E0	5.425051021E-1	1.014553268E-2
3.450000000E0	5.508306438E-1	9.970166614E-3
3.460000000E0	5.589058208E-1	1.014464381E-2
3.470000000E0	5.673122960E-1	1.012080516E-2
3.480000000E0	5.753240398E-1	1.016451851E-2
3.490000000E0	5.832794989E-1	1.060133089E-2
3.500000000E0	5.917569737E-1	1.046513202E-2
3.510000000E0	5.996437871E-1	1.082962753E-2
3.520000000E0	6.080692871E-1	1.108933506E-2
3.530000000E0	6.162360166E-1	1.156336231E-2
3.540000000E0	6.244008137E-1	1.122815252E-2
3.550000000E0	6.326687486E-1	1.158064165E-2
3.560000000E0	6.410015946E-1	1.143544051E-2
3.570000000E0	6.489281173E-1	1.197463450E-2
3.580000000E0	6.568313657E-1	1.272370395E-2
3.590000000E0	6.646764823E-1	1.360081627E-2
3.600000000E0	6.723515052E-1	1.430562974E-2
3.610000000E0	6.797955721E-1	1.510237565E-2
3.620000000E0	6.872566204E-1	1.613510697E-2
3.630000000E0	6.944319015E-1	1.751116679E-2
3.640000000E0	7.020111303E-1	1.830411208E-2
3.650000000E0	7.090347986E-1	1.995269141E-2
3.660000000E0	7.160885705E-1	2.099740646E-2
3.670000000E0	7.232343913E-1	2.225712172E-2
3.680000000E0	7.301318697E-1	2.373614726E-2
3.690000000E0	7.365980772E-1	2.524503023E-2
3.700000000E0	7.431947654E-1	2.662102509E-2
3.710000000E0	7.497151730E-1	2.798682055E-2
3.720000000E0	7.562445718E-1	2.916845305E-2
3.730000000E0	7.624936135E-1	3.040273069E-2
3.740000000E0	7.685665350E-1	3.196275589E-2
3.750000000E0	7.742271353E-1	3.337240256E-2
3.760000000E0	7.802570630E-1	3.427175752E-2
3.770000000E0	7.858231995E-1	3.573092097E-2
3.780000000E0	7.908625197E-1	3.791530856E-2
3.790000000E0	7.960065318E-1	3.915049350E-2
3.800000000E0	8.007023419E-1	4.118616353E-2
3.810000000E0	8.058636593E-1	4.184955885E-2
3.820000000E0	8.105112046E-1	4.327850622E-2
3.830000000E0	8.150435474E-1	4.450935512E-2
3.840000000E0	8.198352606E-1	4.535062094E-2
3.850000000E0	8.243402632E-1	4.648132945E-2
3.860000000E0	8.288154479E-1	4.760294885E-2
3.870000000E0	8.331819865E-1	4.882361491E-2
3.880000000E0	8.369751334E-1	5.040856004E-2
3.890000000E0	8.406642856E-1	5.155522270E-2
3.900000000E0	8.445446202E-1	5.272359068E-2
3.910000000E0	8.480985453E-1	5.400459616E-2
3.920000000E0	8.512498349E-1	5.518392979E-2
3.930000000E0	8.543948932E-1	5.606901960E-2
3.940000000E0	8.574342285E-1	5.708565075E-2
3.950000000E0	8.600706216E-1	5.817581673E-2
3.960000000E0	8.631094954E-1	5.889712193E-2
3.970000000E0	8.655344254E-1	5.968291405E-2
3.980000000E0	8.677009195E-1	6.047380319E-2
3.990000000E0	8.699283446E-1	6.117179320E-2
4.000000000E0	8.717183405E-1	6.176938569E-2
4.010000000E0	8.733855629E-1	6.244079030E-2
4.020000000E0	8.748546997E-1	6.297993138E-2
4.030000000E0	8.762492387E-1	6.346402565E-2
4.040000000E0	8.775331283E-1	6.411636501E-2
4.050000000E0	8.786672735E-1	6.443368521E-2
4.060000000E0	8.792333423E-1	6.472085034E-2
4.070000000E0	8.798785055E-1	6.507678563E-2
4.080000000E0	8.803993415E-1	6.526029513E-2
4.090000000E0	8.807866472E-1	6.530359028E-2
4.100000000E0	8.807938680E-1	6.507741156E-2
4.110000000E0	8.808203856E-1	6.509255861E-2
4.120000000E0	8.806568861E-1	6.503767993E-2
4.130000000E0	8.804581385E-1	6.492407629E-2
4.140000000E0	8.797854075E-1	6.480869235E-2
4.150000000E0	8.790119447E-1	6.439931957E-2
4.160000000E0	8.781371221E-1	6.398726641E-2
4.170000000E0	8.769670459E-1	6.359119707E-2
4.180000000E0	8.758847853E-1	6.307734732E-2
4.190000000E0	8.744345508E-1	6.277262862E-2
4.200000000E0	8.727103595E-1	6.212357335E-2
4.210000000E0	8.707889780E-1	6.145038046E-2
4.220000000E0	8.687198778E-1	6.065537336E-2
4.230000000E0	8.664338480E-1	6.011860819E-2
4.240000000E0	8.640297612E-1	5.898736697E-2
4.250000000E0	8.614162806E-1	5.825180423E-2
4.260000000E0	8.586030691E-1	5.740762197E-2
4.270000000E0	8.556278504E-1	5.640355861E-2
4.280000000E0	8.526150218E-1	5.546153559E-2
4.290000000E0	8.491869706E-1	5.432498571E-2
4.300000000E0	8.458094902E-1	5.329243405E-2
4.310000000E0	8.421013628E-1	5.226964403E-2
4.320000000E0	8.382810062E-1	5.115973548E-2
4.330000000E0	8.343665004E-1	4.975064214E-2
4.340000000E0	8.302777034E-1	4.863517013E-2
4.350000000E0	8.259468598E-1	4.746809003E-2
4.360000000E0	8.215082104E-1	4.620855213E-2
4.370000000E0	8.176149886E-1	4.441000011E-2
4.380000000E0	8.132114727E-1	4.333440593E-2
4.390000000E0	8.084184740E-1	4.277753983E-2
4.400000000E0	8.036898181E-1	4.171646506E-2
4.410000000E0	7.989955768E-1	4.082822847E-2
4.420000000E0	7.940865825E-1	3.979205576E-2
4.430000000E0	7.889001561E-1	3.796087349E-2
4.440000000E0	7.837346453E-1	3.636054092E-2
4.450000000E0	7.784833131E-1	3.465722654E-2
4.460000000E0	7.729234615E-1	3.318760704E-2
4.470000000E0	7.673446107E-1	3.186838937E-2
4.480000000E0	7.614635528E-1	3.041601542E-2
4.490000000E0	7.556538133E-1	2.909127298E-2
4.500000000E0	7.497527240E-1	2.787796884E-2
4.510000000E0	7.432529311E-1	2.652224045E-2
4.520000000E0	7.371060119E-1	2.524500622E-2
4.530000000E0	7.307622365E-1	2.390306490E-2
4.540000000E0	7.241945424E-1	2.248523284E-2
4.550000000E0	7.175504137E-1	2.109663286E-2
4.560000000E0	7.108475349E-1	1.980613816E-2
4.570000000E0	7.042265041E-1	1.880554875E-2
4.580000000E0	6.974544210E-1	1.769446063E-2
4.590000000E0	6.907574104E-1	1.672468991E-2
4.600000000E0	6.837897707E-1	1.621016022E-2
4.610000000E0	6.766373126E-1	1.516522068E-2
4.620000000E0	6.697318689E-1	1.436905498E-2
4.630000000E0	6.625847161E-1	1.331049964E-2
4.640000000E0	6.555544725E-1	1.238886387E-2
4.650000000E0	6.482720492E-1	1.193369677E-2
4.660000000E0	6.406560878E-1	1.128737577E-2
4.670000000E0	6.335304258E-1	1.108902938E-2
4.680000000E0	6.259762310E-1	1.119926419E-2
4.690000000E0	6.184810243E-1	1.141034614E-2
4.700000000E0	6.109661481E-1	1.136348788E-2
4.710000000E0	6.035430281E-1	1.087729639E-2
4.720000000E0	5.961209880E-1	1.058097046E-2
4.730000000E0	5.887942046E-1	1.073756403E-2
4.740000000E0	5.812168413E-1	1.082168388E-2
4.750000000E0	5.740405211E-1	1.078193131E-2
4.760000000E0	5.668114825E-1	1.070270009E-2
4.770000000E0	5.596525759E-1	1.084258608E-2
4.780000000E0	5.523100579E-1	1.090218244E-2
4.790000000E0	5.450473293E-1	1.056802914E-2
4.800000000E0	5.379329027E-1	1.073266548E-2
4.810000000E0	5.307374407E-1	1.050797645E-2
4.820000000E0	5.235457411E-1	1.064691912E-2
4.830000000E0	5.159628864E-1	1.098109851E-2
4.840000000E0	5.086742887E-1	1.092881048E-2
4.850000000E0	5.014879781E-1	1.109442657E-2
4.860000000E0	4.941872257E-1	1.104593525E-2
4.870000000E0	4.871065744E-1	1.118905994E-2
4.880000000E0	4.799761855E-1	1.110601636E-2
4.890000000E0	4.728827753E-1	1.131791598E-2
4.900000000E0	4.657608975E-1	1.110930928E-2
4.910000000E0	4.587226860E-1	1.155543283E-2
4.920000000E0	4.515226117E-1	1.175260660E-2
4.930000000E0	4.447300521E-1	1.208424269E-2
4.940000000E0	4.379339444E-1	1.229759406E-2
4.950000000E0	4.309033108E-1	1.272332709E-2
4.960000000E0	4.237745825E-1	1.310727277E-2
4.970000000E0	4.173856891E-1	1.324902305E-2
4.980000000E0	4.105407460E-1	1.341507364E-2
4.990000000E0	4.038804815E-1	1.415569365E-2
5.000000000E0	3.971305568E-1	1.490228130E-2
5.010000000E0	3.906764741E-1	1.531247359E-2
5.020000000E0	3.839603471E-1	1.590718919E-2
5.030000000E0	3.774343897E-1	1.647834946E-2
5.040000000E0	3.710290841E-1	1.718158206E-2
5.050000000E0	3.645564366E-1	1.766007009E-2
5.060000000E0	3.581330897E-1	1.841448836E-2
5.070000000E0	3.520412581E-1	1.948388792E-2
5.080000000E0	3.457571751E-1	2.024546632E-2
5.090000000E0	3.400418021E-1	2.088037786E-2
5.100000000E0	3.343479303E-1	2.195147147E-2
5.110000000E0	3.287872423E-1	2.305353810E-2
5.120000000E0	3.231204826E-1	2.371905539E-2
5.130000000E0	3.174738932E-1	2.435946286E-2
5.140000000E0	3.117204918E-1	2.519371560E-2
5.150000000E0	3.065676434E-1	2.560165380E-2
5.160000000E0	3.013034420E-1	2.655156174E-2
5.170000000E0	2.960886725E-1	2.755299953E-2
5.180000000E0	2.910343829E-1	2.854567839E-2
5.190000000E0	2.859078871E-1	2.960045291E-2
5.200000000E0	2.813543710E-1	3.053012047E-2
5.210000000E0	2.764062853E-1	3.176228116E-2
5.220000000E0	2.718453077E-1	3.285276746E-2
5.230000000E0	2.673231433E-1	3.351758917E-2
5.240000000E0	2.633971207E-1	3.440722960E-2
5.250000000E0	2.589890774E-1	3.539000454E-2
5.260000000E0	2.549212278E-1	3.656072131E-2
5.270000000E0	2.509612851E-1	3.745473131E-2
5.280000000E0	2.472212866E-1	3.796697636E-2
5.290000000E0	2.438485464E-1	3.902680628E-2
5.300000000E0	2.405140964E-1	4.003963270E-2
5.310000000E0	2.372775247E-1	4.102378865E-2
5.320000000E0	2.339590313E-1	4.171112427E-2
5.330000000E0	2.310397750E-1	4.225205075E-2
5.340000000E0	2.283921837E-1	4.314419092E-2
5.350000000E0	2.256828907E-1	4.373710288E-2
5.360000000E0	2.231166477E-1	4.427118461E-2
5.370000000E0	2.208420359E-1	4.495712092E-2
5.380000000E0	2.185934520E-1	4.600220429E-2
5.390000000E0	2.165631015E-1	4.656931411E-2
5.400000000E0	2.144886914E-1	4.717768323E-2
5.410000000E0	2.127352616E-1	4.746726486E-2
5.420000000E0	2.108285327E-1	4.780477119E-2
5.430000000E0	2.094785353E-1	4.811353193E-2
5.440000000E0	2.078396258E-1	4.875217893E-2
5.450000000E0	2.067329097E-1	4.894346495E-2
5.460000000E0	2.055705490E-1	4.894841797E-2
5.470000000E0	2.045693513E-1	4.913744435E-2
5.480000000E0	2.039260249E-1	4.954403215E-2
5.490000000E0	2.030775617E-1	4.970317669E-2
5.500000000E0	2.026164859E-1	4.944094503E-2
5.510000000E0	2.022548140E-1	4.975725958E-2
5.520000000E0	2.020314141E-1	4.981113522E-2
5.530000000E0	2.021349561E-1	4.976011972E-2
5.540000000E0	2.023368413E-1	4.970860997E-2
5.550000000E0	2.024887959E-1	4.969024345E-2
5.560000000E0	2.027846816E-1	4.943703515E-2
5.570000000E0	2.032986046E-1	4.954571159E-2
5.580000000E0	2.039252014E-1	4.895115426E-2
5.590000000E0	2.046444514E-1	4.860542522E-2
5.600000000E0	2.056104738E-1	4.840449159E-2
5.610000000E0	2.067648149E-1	4.806392574E-2
5.620000000E0	2.079741506E-1	4.777003738E-2
5.630000000E0	2.092102309E-1	4.731666740E-2
5.640000000E0	2.107768314E-1	4.712344547E-2
5.650000000E0	2.125149150E-1	4.644226432E-2
5.660000000E0	2.145610759E-1	4.613549706E-2
5.670000000E0	2.164239523E-1	4.546687911E-2
5.680000000E0	2.185412861E-1	4.462699354E-2
5.690000000E0	2.209293217E-1	4.397384240E-2
5.700000000E0	2.232934151E-1	4.342011404E-2
5.710000000E0	2.257222155E-1	4.258916660E-2
5.720000000E0	2.284207233E-1	4.214577382E-2
5.730000000E0	2.313693301E-1	4.141259562E-2
5.740000000E0	2.344206667E-1	4.086114521E-2
5.750000000E0	2.376850173E-1	4.004216472E-2
5.760000000E0	2.407590581E-1	3.940251839E-2
5.770000000E0	2.443686458E-1	3.846893486E-2
5.780000000E0	2.479221830E-1	3.762280826E-2
5.790000000E0	2.518329329E-1	3.647149115E-2
5.800000000E0	2.554387027E-1	3.571840524E-2
5.810000000E0	2.595553476E-1	3.442799654E-2
5.820000000E0	2.634587461E-1	3.354862047E-2
5.830000000E0	2.677483620E-1	3.265552815E-2
5.840000000E0	2.720407955E-1	3.173667234E-2
5.850000000E0	2.765579724E-1	3.092487844E-2
5.860000000E0	2.810533221E-1	2.998204518E-2
5.870000000E0	2.859513764E-1	2.880304689E-2
5.880000000E0	2.907626925E-1	2.773566273E-2
5.890000000E0	2.957056430E-1	2.682279179E-2
5.900000000E0	3.007133321E-1	2.587712914E-2
5.910000000E0	3.056782715E-1	2.466168922E-2
5.920000000E0	3.107804454E-1	2.421145447E-2
5.930000000E0	3.159457970E-1	2.317039062E-2
5.940000000E0	3.213764331E-1	2.240981166E-2
5.950000000E0	3.265962793E-1	2.176967541E-2
5.960000000E0	3.319352004E-1	2.097514445E-2
5.970000000E0	3.377338439E-1	2.012473273E-2
5.980000000E0	3.434112007E-1	1.892925886E-2
5.990000000E0	3.488797873E-1	1.827451523E-2
6.000000000E0	3.547058018E-1	1.765634993E-2
6.010000000E0	3.607361085E-1	1.671069752E-2
6.020000000E0	3.667271560E-1	1.607160858E-2
6.030000000E0	3.727147108E-1	1.558846399E-2
6.040000000E0	3.787067418E-1	1.500651978E-2
6.050000000E0	3.850009426E-1	1.462948099E-2
6.060000000E0	3.911519476E-1	1.406789148E-2
6.070000000E0	3.974604916E-1	1.336522386E-2
6.080000000E0	4.036672646E-1	1.301912713E-2
6.090000000E0	4.101342966E-1	1.247978235E-2
6.100000000E0	4.163695008E-1	1.225456357E-2
6.110000000E0	4.225457309E-1	1.203673258E-2
6.120000000E0	4.287591098E-1	1.191207535E-2
6.130000000E0	4.351240087E-1	1.126614082E-2
6.140000000E0	4.415443889E-1	1.101874216E-2
6.150000000E0	4.480355129E-1	1.093681275E-2
6.160000000E0	4.545254995E-1	1.066503718E-2
6.170000000E0	4.611147382E-1	1.051995950E-2
6.180000000E0	4.675661618E-1	1.048350742E-2
6.190000000E0	4.737445260E-1	9.983364999E-3
6.200000000E0	4.803413877E-1	9.932250535E-3
6.210000000E0	4.869069418E-1	9.940216919E-3
6.220000000E0	4.934415922E-1	9.860042485E-3
6.230000000E0	5.000768063E-1	9.875858967E-3
6.240000000E0	5.066298883E-1	9.773054885E-3
6.250000000E0	5.132423159E-1	9.890901539E-3
6.260000000E0	5.197609458E-1	9.986658512E-3
6.270000000E0	5.262919173E-1	9.943115559E-3
6.280000000E0	5.328916169E-1	9.831537766E-3
6.290000000E0	5.391084359E-1	9.932818497E-3
6.300000000E0	5.452947347E-1	9.879597915E-3
6.310000000E0	5.517403412E-1	1.000261351E-2
6.320000000E0	5.580032704E-1	1.007554840E-2
6.330000000E0	5.640856770E-1	1.005875186E-2
6.340000000E0	5.705105578E-1	1.025238675E-2
6.350000000E0	5.766116797E-1	1.039866702E-2
6.360000000E0	5.827581811E-1	1.017920504E-2
6.370000000E0	5.892011597E-1	1.033412758E-2
6.380000000E0	5.952408971E-1	1.024652622E-2
6.390000000E0	6.014800408E-1	1.038789923E-2
6.400000000E0	6.079019733E-1	1.083368842E-2
6.410000000E0	6.139440885E-1	1.140297941E-2
6.420000000E0	6.201127323E-1	1.121705565E-2
6.430000000E0	6.264332860E-1	1.114079167E-2
6.440000000E0	6.326533102E-1	1.123945814E-2
6.450000000E0	6.387434074E-1	1.151262092E-2
6.460000000E0	6.448865348E-1	1.163473828E-2
6.470000000E0	6.509705554E-1	1.238489453E-2
6.480000000E0	6.569947669E-1	1.248401050E-2
6.490000000E0	6.626787553E-1	1.319223747E-2
6.500000000E0	6.682986413E-1	1.391031315E-2
6.510000000E0	6.741298867E-1	1.446784747E-2
6.520000000E0	6.797923287E-1	1.476584894E-2
6.530000000E0	6.852746079E-1	1.556341384E-2
6.540000000E0	6.906977759E-1	1.621471644E-2
6.550000000E0	6.958942440E-1	1.686852233E-2
6.560000000E0	7.007904666E-1	1.779941202E-2
6.570000000E0	7.060773035E-1	1.866603031E-2
6.580000000E0	7.110090676E-1	1.967573283E-2
6.590000000E0	7.161336936E-1	2.031840115E-2
6.600000000E0	7.209262823E-1	2.112987520E-2
6.610000000E0	7.257472902E-1	2.214573024E-2
6.620000000E0	7.304415886E-1	2.312709683E-2
6.630000000E0	7.350984817E-1	2.399873553E-2
6.640000000E0	7.392962303E-1	2.491871749E-2
6.650000000E0	7.438486302E-1	2.586120924E-2
6.660000000E0	7.480606634E-1	2.671441904E-2
6.670000000E0	7.523566551E-1	2.764296584E-2
6.680000000E0	7.563306893E-1	2.829960455E-2
6.690000000E0	7.600151799E-1	2.933338260E-2
6.700000000E0	7.636980581E-1	3.011320174E-2
6.710000000E0	7.671796670E-1	3.095629210E-2
6.720000000E0	7.704942615E-1	3.175442238E-2
6.730000000E0	7.736675645E-1	3.243706185E-2
6.740000000E0	7.768785547E-1	3.338998183E-2
6.750000000E0	7.796966336E-1	3.421343541E-2
6.760000000E0	7.822674267E-1	3.467938864E-2
6.770000000E0	7.849811380E-1	3.532809994E-2
6.780000000E0	7.875345244E-1	3.625618051E-2
6.790000000E0	7.896566811E-1	3.704943727E-2
6.800000000E0	7.917071269E-1	3.784039716E-2
6.810000000E0	7.937250144E-1	3.861630231E-2
6.820000000E0	7.953793383E-1	3.907732101E-2
6.830000000E0	7.972856220E-1	3.951333222E-2
6.840000000E0	7.987979113E-1	4.018180736E-2
6.850000000E0	8.005285088E-1	4.029721313E-2
6.860000000E0	8.020858607E-1	4.099502048E-2
6.870000000E0	8.034175610E-1	4.117668250E-2
6.880000000E0	8.042497097E-1	4.134784985E-2
6.890000000E0	8.054998558E-1	4.138155864E-2
6.900000000E0	8.064511475E-1	4.147816317E-2
6.910000000E0	8.070706186E-1	4.180962595E-2
6.920000000E0	8.077202483E-1	4.199178132E-2
6.930000000E0	8.083552439E-1	4.215950997E-2
6.940000000E0	8.085351703E-1	4.204208993E-2
6.950000000E0	8.087253538E-1	4.203007356E-2
6.960000000E0	8.088622578E-1	4.205875387E-2
6.970000000E0	8.088155853E-1	4.204649949E-2
6.980000000E0	8.086189117E-1	4.194669296E-2
6.990000000E0	8.083603025E-1	4.201366064E-2
7.000000000E0	8.077650812E-1	4.199844334E-2
7.010000000E0	8.074511221E-1	4.189986258E-2
7.020000000E0	8.066598534E-1	4.181169396E-2
7.030000000E0	8.058426276E-1	4.163458911E-2
7.040000000E0	8.049960755E-1	4.148406148E-2
7.050000000E0	8.037769750E-1	4.142207333E-2
7.060000000E0	8.023318157E-1	4.135780359E-2
7.070000000E0	8.010563308E-1	4.107309399E-2
7.080000000E0	7.994356920E-1	4.075824976E-2
7.090000000E0	7.978373966E-1	4.023513547E-2
7.100000000E0	7.958951241E-1	3.976163488E-2
7.110000000E0	7.940880138E-1	3.953151082E-2
7.120000000E0	7.919713503E-1	3.882781580E-2
7.130000000E0	7.895237787E-1	3.829006829E-2
7.140000000E0	7.871531023E-1	3.764170090E-2
7.150000000E0	7.848535867E-1	3.678253612E-2
7.160000000E0	7.823124849E-1	3.617727252E-2
7.170000000E0	7.794760190E-1	3.535612615E-2
7.180000000E0	7.767445633E-1	3.454096759E-2
7.190000000E0	7.736892444E-1	3.384464438E-2
7.200000000E0	7.705095676E-1	3.303380158E-2
7.210000000E0	7.673239996E-1	3.222825423E-2
7.220000000E0	7.640702656E-1	3.135792223E-2
7.230000000E0	7.604077224E-1	3.052710552E-2
7.240000000E0	7.569249165E-1	2.972582346E-2
7.250000000E0	7.530879912E-1	2.881447421E-2
7.260000000E0	7.492180918E-1	2.804846493E-2
7.270000000E0	7.449910305E-1	2.716345229E-2
7.280000000E0	7.408081869E-1	2.635998310E-2
7.290000000E0	7.366368792E-1	2.545175537E-2
7.300000000E0	7.323112634E-1	2.442131619E-2
7.310000000E0	7.276353443E-1	2.351761993E-2
7.320000000E0	7.230546177E-1	2.282118714E-2
7.330000000E0	7.183860630E-1	2.191789700E-2
7.340000000E0	7.136537556E-1	2.101060459E-2
7.350000000E0	7.088766360E-1	1.996631245E-2
7.360000000E0	7.040718300E-1	1.919764121E-2
7.370000000E0	6.990477853E-1	1.840890137E-2
7.380000000E0	6.942791001E-1	1.772349795E-2
7.390000000E0	6.891521438E-1	1.696987026E-2
7.400000000E0	6.838369063E-1	1.639970187E-2
7.410000000E0	6.786698474E-1	1.535801618E-2
7.420000000E0	6.735759196E-1	1.486961770E-2
7.430000000E0	6.680315197E-1	1.441819603E-2
7.440000000E0	6.625906077E-1	1.397722728E-2
7.450000000E0	6.571366867E-1	1.327128855E-2
7.460000000E0	6.515343831E-1	1.240596391E-2
7.470000000E0	6.460760673E-1	1.211034027E-2
7.480000000E0	6.404803081E-1	1.175683416E-2
7.490000000E0	6.347562217E-1	1.179226240E-2
7.500000000E0	6.291921547E-1	1.174894050E-2
7.510000000E0	6.233903398E-1	1.170527338E-2
7.520000000E0	6.175384023E-1	1.203176339E-2
7.530000000E0	6.117624320E-1	1.197842261E-2
7.540000000E0	6.061798830E-1	1.172167951E-2
7.550000000E0	6.004711199E-1	1.180760334E-2
7.560000000E0	5.947945882E-1	1.116049117E-2
7.570000000E0	5.892156262E-1	1.129621689E-2
7.580000000E0	5.837520385E-1	1.118025752E-2
7.590000000E0	5.781768955E-1	1.108746672E-2
7.600000000E0	5.723975153E-1	1.111581446E-2
7.610000000E0	5.666182551E-1	1.103922262E-2
7.620000000E0	5.611804484E-1	1.103120625E-2
7.630000000E0	5.554797397E-1	1.096647689E-2
7.640000000E0	5.499040657E-1	1.079072317E-2
7.650000000E0	5.443662417E-1	1.073051287E-2
7.660000000E0	5.385990653E-1	1.071869224E-2
7.670000000E0	5.331887264E-1	1.075018903E-2
7.680000000E0	5.276796846E-1	1.069972034E-2
7.690000000E0	5.221610804E-1	1.089121564E-2
7.700000000E0	5.165444215E-1	1.096079013E-2
7.710000000E0	5.105586868E-1	1.087159392E-2
7.720000000E0	5.050810656E-1	1.087651543E-2
7.730000000E0	4.992891934E-1	1.091101108E-2
7.740000000E0	4.937131567E-1	1.108173597E-2
7.750000000E0	4.879760289E-1	1.102633809E-2
7.760000000E0	4.825459094E-1	1.109975377E-2
7.770000000E0	4.769480056E-1	1.109822226E-2
7.780000000E0	4.715666663E-1	1.115433089E-2
7.790000000E0	4.660620010E-1	1.139372094E-2
7.800000000E0	4.607291742E-1	1.133919770E-2
7.810000000E0	4.552956237E-1	1.155164212E-2
7.820000000E0	4.497764888E-1	1.163214305E-2
7.830000000E0	4.445524332E-1	1.195552747E-2
7.840000000E0	4.394050364E-1	1.210873196E-2
7.850000000E0	4.339623610E-1	1.208763002E-2
7.860000000E0	4.291103278E-1	1.227484162E-2
7.870000000E0	4.235518293E-1	1.278467866E-2
7.880000000E0	4.188245503E-1	1.316003593E-2
7.890000000E0	4.138845299E-1	1.330316125E-2
7.900000000E0	4.087613603E-1	1.367239084E-2
7.910000000E0	4.035550194E-1	1.400801985E-2
7.920000000E0	3.985165554E-1	1.437844894E-2
7.930000000E0	3.933696432E-1	1.502466723E-2
7.940000000E0	3.885411733E-1	1.536728742E-2
7.950000000E0	3.839612129E-1	1.559102416E-2
7.960000000E0	3.790295294E-1	1.628235322E-2
7.970000000E0	3.742941722E-1	1.653009992E-2
7.980000000E0	3.697354861E-1	1.692933950E-2
7.990000000E0	3.650223316E-1	1.759034255E-2
8.000000000E0	3.605240718E-1	1.803782930E-2
8.010000000E0	3.559033165E-1	1.856505180E-2
8.020000000E0	3.517801090E-1	1.903409256E-2
8.030000000E0	3.474936759E-1	1.960998387E-2
8.040000000E0	3.436082546E-1	1.999134159E-2
8.050000000E0	3.395044121E-1	2.049170221E-2
8.060000000E0	3.356431523E-1	2.098619828E-2
8.070000000E0	3.317880670E-1	2.187811160E-2
8.080000000E0	3.281285056E-1	2.278449594E-2
8.090000000E0	3.246719923E-1	2.326124584E-2
8.100000000E0	3.207957060E-1	2.382674888E-2
8.110000000E0	3.176189880E-1	2.407895925E-2
8.120000000E0	3.145869999E-1	2.461517606E-2
8.130000000E0	3.109806774E-1	2.514551102E-2
8.140000000E0	3.080793041E-1	2.547998785E-2
8.150000000E0	3.052012558E-1	2.589706247E-2
8.160000000E0	3.021477986E-1	2.638098418E-2
8.170000000E0	2.995028291E-1	2.674225792E-2
8.180000000E0	2.967277013E-1	2.740244267E-2
8.190000000E0	2.940609563E-1	2.765683670E-2
8.200000000E0	2.914067868E-1	2.831224868E-2
8.210000000E0	2.889497518E-1	2.871264158E-2
8.220000000E0	2.869681201E-1	2.903484435E-2
8.230000000E0	2.848204404E-1	2.955337583E-2
8.240000000E0	2.828857282E-1	3.030029072E-2
8.250000000E0	2.807220839E-1	3.056787469E-2
8.260000000E0	2.787692198E-1	3.092420135E-2
8.270000000E0	2.769206588E-1	3.103604694E-2
8.280000000E0	2.752263679E-1	3.170662882E-2
8.290000000E0	2.739141953E-1	3.195334133E-2
8.300000000E0	2.723182543E-1	3.233283827E-2
8.310000000E0	2.710387196E-1	3.251549380E-2
8.320000000E0	2.697579865E-1	3.297579495E-2
8.330000000E0	2.686496918E-1	3.321298965E-2
8.340000000E0	2.676794359E-1	3.319069299E-2
8.350000000E0	2.668856911E-1	3.370640535E-2
8.360000000E0	2.662911825E-1	3.391064036E-2
8.370000000E0	2.653949498E-1	3.374961341E-2
8.380000000E0	2.651364376E-1	3.407888076E-2
8.390000000E0	2.649870471E-1	3.409208481E-2
8.400000000E0	2.647750976E-1	3.422956048E-2
8.410000000E0	2.646308759E-1	3.422258327E-2
8.420000000E0	2.644028875E-1	3.420006988E-2
8.430000000E0	2.645133875E-1	3.421864351E-2
8.440000000E0	2.647205342E-1	3.427418207E-2
8.450000000E0	2.651863512E-1	3.415181500E-2
8.460000000E0	2.656750455E-1	3.400055334E-2
8.470000000E0	2.662581189E-1	3.386047225E-2
8.480000000E0	2.669945247E-1	3.390061123E-2
8.490000000E0	2.678424783E-1	3.373690377E-2
8.500000000E0	2.688028401E-1	3.341586114E-2
8.510000000E0	2.698556424E-1	3.306314845E-2
8.520000000E0	2.712187074E-1	3.287545204E-2
8.530000000E0	2.722894158E-1	3.287486339E-2
8.540000000E0	2.737160093E-1	3.237208264E-2
8.550000000E0	2.753392291E-1	3.186807020E-2
8.560000000E0	2.768584642E-1	3.149951152E-2
8.570000000E0	2.788293052E-1	3.118293884E-2
8.580000000E0	2.807641095E-1	3.078121699E-2
8.590000000E0	2.827817780E-1	3.009384109E-2
8.600000000E0	2.848922253E-1	2.965223728E-2
8.610000000E0	2.871573374E-1	2.928698746E-2
8.620000000E0	2.894699581E-1	2.889241900E-2
8.630000000E0	2.918148309E-1	2.823618249E-2
8.640000000E0	2.941177652E-1	2.780740959E-2
8.650000000E0	2.968903161E-1	2.728203346E-2
8.660000000E0	2.994343887E-1	2.669164446E-2
8.670000000E0	3.021319400E-1	2.638894025E-2
8.680000000E0	3.048924638E-1	2.598748935E-2
8.690000000E0	3.080096739E-1	2.563083462E-2
8.700000000E0	3.108984208E-1	2.515174620E-2
8.710000000E0	3.140674211E-1	2.447397278E-2
8.720000000E0	3.172392384E-1	2.384994315E-2
8.730000000E0	3.205917536E-1	2.318653245E-2
8.740000000E0	3.239298423E-1	2.273840802E-2
8.750000000E0	3.273267605E-1	2.229126660E-2
8.760000000E0	3.307660895E-1	2.172928446E-2
8.770000000E0	3.345521976E-1	2.099587416E-2
8.780000000E0	3.381782484E-1	2.054672810E-2
8.790000000E0	3.418351015E-1	1.991680609E-2
8.800000000E0	3.459374936E-1	1.926478789E-2
8.810000000E0	3.496263650E-1	1.853250055E-2
8.820000000E0	3.539779388E-1	1.818146875E-2
8.830000000E0	3.578785613E-1	1.728767573E-2
8.840000000E0	3.623511398E-1	1.686635377E-2
8.850000000E0	3.663803281E-1	1.638318185E-2
8.860000000E0	3.710529511E-1	1.579676212E-2
8.870000000E0	3.755411372E-1	1.547725712E-2
8.880000000E0	3.800180911E-1	1.534036189E-2
8.890000000E0	3.845398829E-1	1.497142294E-2
8.900000000E0	3.890090578E-1	1.456928058E-2
8.910000000E0	3.934661168E-1	1.411322935E-2
8.920000000E0	3.981042550E-1	1.406235067E-2
8.930000000E0	4.027786067E-1	1.332870271E-2
8.940000000E0	4.076593760E-1	1.315972514E-2
8.950000000E0	4.122307553E-1	1.300072347E-2
8.960000000E0	4.167477463E-1	1.297244980E-2
8.970000000E0	4.216380496E-1	1.275910390E-2
8.980000000E0	4.263300584E-1	1.285110089E-2
8.990000000E0	4.314174995E-1	1.228002159E-2
9.000000000E0	4.363547151E-1	1.206311746E-2
9.010000000E0	4.410416947E-1	1.185648817E-2
9.020000000E0	4.458746319E-1	1.182480213E-2
9.030000000E0	4.506527967E-1	1.186777288E-2
9.040000000E0	4.559761355E-1	1.126800390E-2
9.050000000E0	4.605908414E-1	1.173800778E-2
9.060000000E0	4.657689644E-1	1.135843158E-2
9.070000000E0	4.706707214E-1	1.101819240E-2
9.080000000E0	4.755849047E-1	1.089371004E-2
9.090000000E0	4.805725689E-1	1.086890460E-2
9.100000000E0	4.857155387E-1	1.072585566E-2
9.110000000E0	4.906778696E-1	1.092088961E-2
9.120000000E0	4.957436446E-1	1.088911663E-2
9.130000000E0	5.006485248E-1	1.097924251E-2
9.140000000E0	5.057447404E-1	1.080110490E-2
9.150000000E0	5.105863985E-1	1.086657776E-2
9.160000000E0	5.156424052E-1	1.064454767E-2
9.170000000E0	5.209130163E-1	1.059293744E-2
9.180000000E0	5.258453305E-1	1.081324411E-2
9.190000000E0	5.304402637E-1	1.085256976E-2
9.200000000E0	5.353896046E-1	1.080630530E-2
9.210000000E0	5.402504705E-1	1.093518441E-2
9.220000000E0	5.453000147E-1	1.087595782E-2
9.230000000E0	5.500357103E-1	1.100694237E-2
9.240000000E0	5.551202285E-1	1.105650635E-2
9.250000000E0	5.599221603E-1	1.105333860E-2
9.260000000E0	5.645502769E-1	1.109345060E-2
9.270000000E0	5.694954213E-1	1.085868424E-2
9.280000000E0	5.744183411E-1	1.118998699E-2
9.290000000E0	5.788970473E-1	1.120391315E-2
9.300000000E0	5.833900096E-1	1.116078460E-2
9.310000000E0	5.881050473E-1	1.100152315E-2
9.320000000E0	5.930358488E-1	1.111852809E-2
9.330000000E0	5.976918760E-1	1.132259252E-2
9.340000000E0	6.024883618E-1	1.108660622E-2
9.350000000E0	6.073669394E-1	1.135723147E-2
9.360000000E0	6.117873885E-1	1.180441796E-2
9.370000000E0	6.165472680E-1	1.220165159E-2
9.380000000E0	6.210723440E-1	1.199980715E-2
9.390000000E0	6.260725616E-1	1.212634515E-2
9.400000000E0	6.307764619E-1	1.223627096E-2
9.410000000E0	6.353867883E-1	1.198930756E-2
9.420000000E0	6.402743444E-1	1.240179067E-2
9.430000000E0	6.445614204E-1	1.276654493E-2
9.440000000E0	6.491806054E-1	1.310832446E-2
9.450000000E0	6.536632172E-1	1.342856563E-2
9.460000000E0	6.579306235E-1	1.393211144E-2
9.470000000E0	6.622565155E-1	1.442223634E-2
9.480000000E0	6.665695265E-1	1.465964739E-2
9.490000000E0	6.708126454E-1	1.520209350E-2
9.500000000E0	6.750009964E-1	1.584379616E-2
9.510000000E0	6.788859253E-1	1.590501188E-2
9.520000000E0	6.826584327E-1	1.668377042E-2
9.530000000E0	6.864990908E-1	1.692945794E-2
9.540000000E0	6.902375609E-1	1.728288256E-2
9.550000000E0	6.936540794E-1	1.781361315E-2
9.560000000E0	6.975767897E-1	1.780621453E-2
9.570000000E0	7.010298787E-1	1.859465062E-2
9.580000000E0	7.045295069E-1	1.896947204E-2
9.590000000E0	7.077454073E-1	1.978203546E-2
9.600000000E0	7.109216174E-1	2.020143899E-2
9.610000000E0	7.140708615E-1	2.072653481E-2
9.620000000E0	7.172836115E-1	2.125523134E-2
9.630000000E0	7.200412365E-1	2.198285312E-2
9.640000000E0	7.227193538E-1	2.229321916E-2
9.650000000E0	7.256712446E-1	2.296489986E-2
9.660000000E0	7.285041819E-1	2.331029649E-2
9.670000000E0	7.308087072E-1	2.404302515E-2
9.680000000E0	7.332093963E-1	2.438901877E-2
9.690000000E0	7.353540889E-1	2.501960702E-2
9.700000000E0	7.376231652E-1	2.539376398E-2
9.710000000E0	7.398914780E-1	2.584635239E-2
9.720000000E0	7.418022906E-1	2.606275897E-2
9.730000000E0	7.437704307E-1	2.647606460E-2
9.740000000E0	7.456849933E-1	2.677241197E-2
9.750000000E0	7.473398880E-1	2.736000249E-2
9.760000000E0	7.487368627E-1	2.769563540E-2
9.770000000E0	7.503493962E-1	2.786520847E-2
9.780000000E0	7.514545289E-1	2.819863074E-2
9.790000000E0	7.527508107E-1	2.871956387E-2
9.800000000E0	7.537656706E-1	2.876249628E-2
9.810000000E0	7.549003810E-1	2.880540006E-2
9.820000000E0	7.558427660E-1	2.896118720E-2
9.830000000E0	7.563997764E-1	2.933935563E-2
9.840000000E0	7.570220637E-1	2.956838147E-2
9.850000000E0	7.573524927E-1	2.967179738E-2
9.860000000E0	7.577197479E-1	2.964209353E-2
9.870000000E0	7.577599840E-1	2.983513526E-2
