mass_A
t	x	y
0.000000000E0	-1.583834872E-4	1.389866099E-1
1.000000000E-2	2.506860708E-4	1.389101002E-1
2.000000000E-2	9.033121177E-4	1.387058298E-1
3.000000000E-2	1.713632310E-3	1.381330202E-1
4.000000000E-2	2.886234004E-3	1.372567248E-1
5.000000000E-2	4.279984912E-3	1.360366807E-1
6.000000000E-2	6.305239838E-3	1.348593593E-1
7.000000000E-2	8.504712873E-3	1.335189237E-1
8.000000000E-2	1.108427396E-2	1.319210420E-1
9.000000000E-2	1.369675963E-2	1.303138049E-1
1.000000000E-1	1.653799083E-2	1.281849455E-1
1.100000000E-1	1.959568381E-2	1.261300126E-1
1.200000000E-1	2.303044287E-2	1.237177101E-1
1.300000000E-1	2.697420262E-2	1.214874586E-1
1.400000000E-1	3.093725878E-2	1.186095453E-1
1.500000000E-1	3.512650398E-2	1.159994691E-1
1.600000000E-1	3.970331832E-2	1.133566175E-1
1.700000000E-1	4.487120569E-2	1.115066621E-1
1.800000000E-1	5.021521170E-2	1.089513709E-1
1.900000000E-1	5.579910377E-2	1.055164537E-1
2.000000000E-1	6.142646059E-2	1.018195710E-1
2.100000000E-1	6.735337584E-2	9.819036642E-2
2.200000000E-1	7.366337576E-2	9.496111522E-2
2.300000000E-1	8.016670106E-2	9.175670197E-2
2.400000000E-1	8.687691864E-2	8.845719225E-2
2.500000000E-1	9.359738610E-2	8.503275740E-2
2.600000000E-1	1.006917828E-1	8.162640636E-2
2.700000000E-1	1.078912606E-1	7.844116109E-2
2.800000000E-1	1.154704547E-1	7.511380791E-2
2.900000000E-1	1.230796595E-1	7.185748740E-2
3.000000000E-1	1.311194389E-1	6.844428295E-2
3.100000000E-1	1.391588272E-1	6.521540378E-2
3.200000000E-1	1.476078628E-1	6.213419168E-2
3.300000000E-1	1.562330056E-1	5.895071364E-2
3.400000000E-1	1.651617883E-1	5.589543914E-2
3.500000000E-1	1.740799532E-1	5.293632250E-2
3.600000000E-1	1.830222864E-1	4.992621588E-2
3.700000000E-1	1.920754379E-1	4.723779598E-2
3.800000000E-1	2.011487579E-1	4.428939009E-2
3.900000000E-1	2.106029816E-1	4.155558776E-2
4.000000000E-1	2.201089771E-1	3.902556889E-2
4.100000000E-1	2.300320818E-1	3.927604855E-2
4.200000000E-1	2.402823393E-1	3.628670457E-2
4.300000000E-1	2.503021167E-1	3.204879983E-2
4.400000000E-1	2.609576372E-1	2.956618506E-2
4.500000000E-1	2.715800331E-1	2.721179964E-2
4.600000000E-1	2.821657059E-1	2.512634660E-2
4.700000000E-1	2.925930831E-1	2.303900031E-2
4.800000000E-1	3.032226764E-1	2.100148379E-2
4.900000000E-1	3.141007248E-1	1.928108260E-2
5.000000000E-1	3.249395155E-1	1.752701421E-2
5.100000000E-1	3.361618244E-1	1.572160626E-2
5.200000000E-1	3.473281733E-1	1.420539298E-2
5.300000000E-1	3.584897592E-1	1.283024916E-2
5.400000000E-1	3.697080360E-1	1.164436474E-2
5.500000000E-1	3.811525496E-1	1.066194541E-2
5.600000000E-1	3.925789199E-1	9.726700119E-3
5.700000000E-1	4.037090147E-1	8.748606400E-3
5.800000000E-1	4.144641098E-1	9.257689359E-3
5.900000000E-1	4.258750559E-1	9.924708920E-3
6.000000000E-1	4.371699525E-1	7.330621547E-3
6.100000000E-1	4.487031938E-1	6.577054382E-3
6.200000000E-1	4.602240816E-1	6.355973948E-3
6.300000000E-1	4.717813036E-1	6.228299366E-3
6.400000000E-1	4.832091708E-1	6.068081828E-3
6.500000000E-1	4.944425262E-1	6.091860698E-3
6.600000000E-1	5.060604899E-1	6.182649687E-3
6.700000000E-1	5.173769546E-1	6.316813791E-3
6.800000000E-1	5.284474828E-1	6.465119564E-3
6.900000000E-1	5.395690928E-1	6.581020629E-3
7.000000000E-1	5.505893039E-1	6.615679272E-3
7.100000000E-1	5.618213596E-1	6.704601834E-3
7.200000000E-1	5.728457269E-1	6.806831790E-3
7.300000000E-1	5.839394943E-1	7.056026217E-3
7.400000000E-1	5.949767175E-1	7.145660284E-3
7.500000000E-1	6.057862240E-1	8.427302000E-3
7.600000000E-1	6.166305922E-1	9.785527968E-3
7.700000000E-1	6.279598805E-1	8.468954419E-3
7.800000000E-1	6.388965716E-1	8.806261057E-3
7.900000000E-1	6.498269715E-1	9.890575184E-3
8.000000000E-1	6.605386037E-1	1.088209630E-2
8.100000000E-1	6.710625010E-1	1.186334632E-2
8.200000000E-1	6.816138902E-1	1.305212329E-2
8.300000000E-1	6.920003076E-1	1.435112193E-2
8.400000000E-1	7.025877405E-1	1.622660907E-2
8.500000000E-1	7.127411340E-1	1.767984326E-2
8.600000000E-1	7.228247940E-1	1.969191814E-2
8.700000000E-1	7.327105222E-1	2.160519825E-2
8.800000000E-1	7.425457804E-1	2.378023489E-2
8.900000000E-1	7.521988438E-1	2.606954591E-2
9.000000000E-1	7.615517178E-1	2.825687537E-2
9.100000000E-1	7.708166991E-1	3.057615071E-2
9.200000000E-1	7.798645816E-1	3.284831627E-2
9.300000000E-1	7.886839508E-1	3.539109236E-2
9.400000000E-1	7.971624482E-1	3.869146152E-2
9.500000000E-1	8.062156014E-1	4.015685030E-2
9.600000000E-1	8.149604778E-1	4.175666472E-2
9.700000000E-1	8.232724322E-1	4.414927699E-2
9.800000000E-1	8.314152948E-1	4.647640423E-2
9.900000000E-1	8.391835481E-1	4.856386490E-2
1.000000000E0	8.466017513E-1	5.085543028E-2
1.010000000E0	8.538769422E-1	5.317748735E-2
1.020000000E0	8.609441565E-1	5.579159232E-2
1.030000000E0	8.679925896E-1	5.824859466E-2
1.040000000E0	8.748428372E-1	6.066150381E-2
1.050000000E0	8.814509242E-1	6.295444422E-2
1.060000000E0	8.879725732E-1	6.527612541E-2
1.070000000E0	8.940266009E-1	6.790212092E-2
1.080000000E0	9.000016321E-1	7.030087165E-2
1.090000000E0	9.058055082E-1	7.273928178E-2
1.100000000E0	9.113363833E-1	7.508692893E-2
1.110000000E0	9.167207258E-1	7.738000105E-2
1.120000000E0	9.218441204E-1	7.966069297E-2
1.130000000E0	9.267361218E-1	8.201066304E-2
1.140000000E0	9.311953411E-1	8.417152543E-2
1.150000000E0	9.354856920E-1	8.604925462E-2
1.160000000E0	9.392853019E-1	8.804264940E-2
1.170000000E0	9.432349030E-1	8.954538630E-2
1.180000000E0	9.465912618E-1	9.116711784E-2
1.190000000E0	9.498412611E-1	9.260050848E-2
1.200000000E0	9.529141486E-1	9.411241774E-2
1.210000000E0	9.555403438E-1	9.552879046E-2
1.220000000E0	9.579514008E-1	9.683359581E-2
1.230000000E0	9.600341583E-1	9.800514283E-2
1.240000000E0	9.620517705E-1	9.907698341E-2
1.250000000E0	9.639242013E-1	9.988637737E-2
1.260000000E0	9.655460586E-1	1.008608211E-1
1.270000000E0	9.666580610E-1	1.013964846E-1
1.280000000E0	9.677195809E-1	1.020427394E-1
1.290000000E0	9.686743510E-1	1.024945058E-1
1.300000000E0	9.694195142E-1	1.026152486E-1
1.310000000E0	9.698399271E-1	1.028510630E-1
1.320000000E0	9.699593616E-1	1.028422681E-1
1.330000000E0	9.698505190E-1	1.026659028E-1
1.340000000E0	9.697121944E-1	1.024992815E-1
1.350000000E0	9.690693469E-1	1.023063042E-1
1.360000000E0	9.685048001E-1	1.016115367E-1
1.370000000E0	9.674253126E-1	1.011821185E-1
1.380000000E0	9.661120331E-1	1.003121088E-1
1.390000000E0	9.644217175E-1	9.943823563E-2
1.400000000E0	9.627641311E-1	9.832930852E-2
1.410000000E0	9.608834549E-1	9.715138006E-2
1.420000000E0	9.586999742E-1	9.604665721E-2
1.430000000E0	9.563009658E-1	9.478559416E-2
1.440000000E0	9.534245403E-1	9.358284008E-2
1.450000000E0	9.508110018E-1	9.206018044E-2
1.460000000E0	9.476794828E-1	9.040632767E-2
1.470000000E0	9.443678641E-1	8.890861619E-2
1.480000000E0	9.410447283E-1	8.718783644E-2
1.490000000E0	9.374292111E-1	8.548191902E-2
1.500000000E0	9.335792525E-1	8.375811765E-2
1.510000000E0	9.296109415E-1	8.174400338E-2
1.520000000E0	9.254716518E-1	7.974833432E-2
1.530000000E0	9.210239513E-1	7.784295825E-2
1.540000000E0	9.162351360E-1	7.599882431E-2
1.550000000E0	9.112619084E-1	7.386112462E-2
1.560000000E0	9.059495658E-1	7.180941054E-2
1.570000000E0	9.005293625E-1	6.958972894E-2
1.580000000E0	8.949150573E-1	6.734411002E-2
1.590000000E0	8.892265340E-1	6.513738690E-2
1.600000000E0	8.833915504E-1	6.289761207E-2
1.610000000E0	8.771631164E-1	6.071471299E-2
1.620000000E0	8.708861819E-1	5.862170298E-2
1.630000000E0	8.642102873E-1	5.646091565E-2
1.640000000E0	8.575393218E-1	5.418241059E-2
1.650000000E0	8.506912572E-1	5.202569914E-2
1.660000000E0	8.439033772E-1	4.990655065E-2
1.670000000E0	8.370025900E-1	4.774080521E-2
1.680000000E0	8.296499728E-1	4.549858807E-2
1.690000000E0	8.222045394E-1	4.322130484E-2
1.700000000E0	8.148333928E-1	4.089255263E-2
1.710000000E0	8.073020630E-1	3.984268279E-2
1.720000000E0	7.992317091E-1	3.924164822E-2
1.730000000E0	7.912271983E-1	3.623676779E-2
1.740000000E0	7.833715580E-1	3.306246574E-2
1.750000000E0	7.753690879E-1	3.093530917E-2
1.760000000E0	7.669404176E-1	2.868541091E-2
1.770000000E0	7.584849548E-1	2.668418058E-2
1.780000000E0	7.502081073E-1	2.456059862E-2
1.790000000E0	7.414695853E-1	2.248538925E-2
1.800000000E0	7.327247297E-1	2.062115173E-2
1.810000000E0	7.238240448E-1	1.871279197E-2
1.820000000E0	7.149396474E-1	1.701285688E-2
1.830000000E0	7.060037849E-1	1.528502244E-2
1.840000000E0	6.969169076E-1	1.401094986E-2
1.850000000E0	6.874791209E-1	1.254030574E-2
1.860000000E0	6.782904083E-1	1.119106685E-2
1.870000000E0	6.686607703E-1	1.000649600E-2
1.880000000E0	6.593283391E-1	8.957171900E-3
1.890000000E0	6.498257808E-1	8.283443338E-3
1.900000000E0	6.401051483E-1	7.549094288E-3
1.910000000E0	6.304394046E-1	6.836356913E-3
1.920000000E0	6.209071898E-1	8.559327354E-3
1.930000000E0	6.111615559E-1	9.553542834E-3
1.940000000E0	6.019499802E-1	7.328079274E-3
1.950000000E0	5.924486662E-1	6.675891591E-3
1.960000000E0	5.828767327E-1	6.468252712E-3
1.970000000E0	5.733705841E-1	6.517480929E-3
1.980000000E0	5.637351685E-1	6.359333486E-3
1.990000000E0	5.540192392E-1	6.236449314E-3
2.000000000E0	5.445899537E-1	6.238180123E-3
2.010000000E0	5.350953021E-1	6.235371342E-3
2.020000000E0	5.255258204E-1	6.180836425E-3
2.030000000E0	5.161449493E-1	6.347436543E-3
2.040000000E0	5.066284710E-1	6.266402368E-3
2.050000000E0	4.973585926E-1	6.366030538E-3
2.060000000E0	4.878227674E-1	6.403942032E-3
2.070000000E0	4.785976298E-1	6.477430589E-3
2.080000000E0	4.691006775E-1	6.562463515E-3
2.090000000E0	4.596664865E-1	6.759284960E-3
2.100000000E0	4.500860441E-1	6.924309631E-3
2.110000000E0	4.408006248E-1	7.335223308E-3
2.120000000E0	4.315474009E-1	8.644636555E-3
2.130000000E0	4.224282365E-1	1.019150192E-2
2.140000000E0	4.133823602E-1	9.817602374E-3
2.150000000E0	4.044962614E-1	1.000242962E-2
2.160000000E0	3.958052167E-1	1.059319463E-2
2.170000000E0	3.868793226E-1	1.119469727E-2
2.180000000E0	3.781951132E-1	1.194130135E-2
2.190000000E0	3.694132455E-1	1.284378842E-2
2.200000000E0	3.607217229E-1	1.392258391E-2
2.210000000E0	3.521235288E-1	1.511234662E-2
2.220000000E0	3.437353878E-1	1.632921597E-2
2.230000000E0	3.352977744E-1	1.757409745E-2
2.240000000E0	3.271506010E-1	1.877327838E-2
2.250000000E0	3.188830749E-1	1.996718152E-2
2.260000000E0	3.108503009E-1	2.134551960E-2
2.270000000E0	3.031447497E-1	2.293957051E-2
2.280000000E0	2.954399822E-1	2.426859420E-2
2.290000000E0	2.877975334E-1	2.589138739E-2
2.300000000E0	2.802413626E-1	2.751302145E-2
2.310000000E0	2.729784144E-1	2.906377652E-2
2.320000000E0	2.658228481E-1	3.068623146E-2
2.330000000E0	2.587095185E-1	3.212023208E-2
2.340000000E0	2.515881941E-1	3.392175390E-2
2.350000000E0	2.448443142E-1	3.554096091E-2
2.360000000E0	2.383233665E-1	3.765056622E-2
2.370000000E0	2.316551547E-1	3.956311235E-2
2.380000000E0	2.251521039E-1	4.077310951E-2
2.390000000E0	2.190190398E-1	4.239689963E-2
2.400000000E0	2.130110343E-1	4.383856836E-2
2.410000000E0	2.070980858E-1	4.541906816E-2
2.420000000E0	2.014480457E-1	4.706890692E-2
2.430000000E0	1.959016904E-1	4.856840117E-2
2.440000000E0	1.906745580E-1	5.025639465E-2
2.450000000E0	1.853353344E-1	5.181234474E-2
2.460000000E0	1.803017877E-1	5.346471906E-2
2.470000000E0	1.754758455E-1	5.496926509E-2
2.480000000E0	1.708598423E-1	5.630745420E-2
2.490000000E0	1.664381647E-1	5.782306040E-2
2.500000000E0	1.621179244E-1	5.928932439E-2
2.510000000E0	1.579461384E-1	6.058122774E-2
2.520000000E0	1.540953233E-1	6.180924336E-2
2.530000000E0	1.502569078E-1	6.310763874E-2
2.540000000E0	1.466779858E-1	6.446631895E-2
2.550000000E0	1.433102919E-1	6.542177402E-2
2.560000000E0	1.400807915E-1	6.634639781E-2
2.570000000E0	1.370720268E-1	6.748090421E-2
2.580000000E0	1.342845455E-1	6.855593232E-2
2.590000000E0	1.317917862E-1	6.953965669E-2
2.600000000E0	1.295543924E-1	7.048379452E-2
2.610000000E0	1.274651066E-1	7.147492468E-2
2.620000000E0	1.255418186E-1	7.234084707E-2
2.630000000E0	1.235508630E-1	7.296146569E-2
2.640000000E0	1.221564049E-1	7.371098319E-2
2.650000000E0	1.207052589E-1	7.417311735E-2
2.660000000E0	1.196503605E-1	7.481308267E-2
2.670000000E0	1.188836463E-1	7.503018420E-2
2.680000000E0	1.179264414E-1	7.523197633E-2
2.690000000E0	1.174908924E-1	7.562286873E-2
2.700000000E0	1.169616243E-1	7.582776963E-2
2.710000000E0	1.167904787E-1	7.598075894E-2
2.720000000E0	1.168076139E-1	7.600842493E-2
2.730000000E0	1.168990315E-1	7.593893006E-2
2.740000000E0	1.174568093E-1	7.584872788E-2
2.750000000E0	1.179806962E-1	7.553468119E-2
2.760000000E0	1.189741015E-1	7.496621642E-2
2.770000000E0	1.200421072E-1	7.463929282E-2
2.780000000E0	1.212006463E-1	7.396541494E-2
2.790000000E0	1.226385417E-1	7.336179704E-2
2.800000000E0	1.243872235E-1	7.274756125E-2
2.810000000E0	1.261710271E-1	7.174916177E-2
2.820000000E0	1.279928443E-1	7.085560283E-2
2.830000000E0	1.302009153E-1	6.993313096E-2
2.840000000E0	1.326399003E-1	6.865959147E-2
2.850000000E0	1.353387147E-1	6.779871554E-2
2.860000000E0	1.379881634E-1	6.635923053E-2
2.870000000E0	1.410823923E-1	6.515927483E-2
2.880000000E0	1.443668735E-1	6.393335850E-2
2.890000000E0	1.477147655E-1	6.270943117E-2
2.900000000E0	1.511723009E-1	6.150847826E-2
2.910000000E0	1.550867162E-1	6.012191430E-2
2.920000000E0	1.588767610E-1	5.872626256E-2
2.930000000E0	1.630588713E-1	5.735875592E-2
2.940000000E0	1.673539808E-1	5.599785002E-2
2.950000000E0	1.717285943E-1	5.447691782E-2
2.960000000E0	1.763239884E-1	5.294488861E-2
2.970000000E0	1.809152568E-1	5.142047814E-2
2.980000000E0	1.859071806E-1	4.994109304E-2
2.990000000E0	1.909167880E-1	4.831251081E-2
3.000000000E0	1.961356975E-1	4.679503476E-2
3.010000000E0	2.016054857E-1	4.509267342E-2
3.020000000E0	2.071509270E-1	4.334058028E-2
3.030000000E0	2.127898799E-1	4.171411228E-2
3.040000000E0	2.184563481E-1	3.998860237E-2
3.050000000E0	2.247277129E-1	3.946338027E-2
3.060000000E0	2.311110032E-1	3.890716842E-2
3.070000000E0	2.373432886E-1	3.743527720E-2
3.080000000E0	2.437203545E-1	3.503031507E-2
3.090000000E0	2.503110488E-1	3.296786559E-2
3.100000000E0	2.570390915E-1	3.150966246E-2
3.110000000E0	2.637128633E-1	2.987276194E-2
3.120000000E0	2.704836873E-1	2.850632833E-2
3.130000000E0	2.775618821E-1	2.718192007E-2
3.140000000E0	2.846592080E-1	2.569022679E-2
3.150000000E0	2.919164107E-1	2.417396875E-2
3.160000000E0	2.991277943E-1	2.296291746E-2
3.170000000E0	3.065754057E-1	2.165834258E-2
3.180000000E0	3.141500079E-1	2.014893633E-2
3.190000000E0	3.218755927E-1	1.880750302E-2
3.200000000E0	3.296950586E-1	1.758746023E-2
3.210000000E0	3.375096870E-1	1.644324331E-2
3.220000000E0	3.453180356E-1	1.534880640E-2
3.230000000E0	3.532723508E-1	1.424860654E-2
3.240000000E0	3.614697926E-1	1.316938700E-2
3.250000000E0	3.694777401E-1	1.212292190E-2
3.260000000E0	3.775697352E-1	1.138458777E-2
3.270000000E0	3.858100364E-1	1.074771334E-2
3.280000000E0	3.938154499E-1	9.867920356E-3
3.290000000E0	4.018309536E-1	9.137131442E-3
3.300000000E0	4.100331164E-1	8.749457753E-3
3.310000000E0	4.182134683E-1	9.831571983E-3
3.320000000E0	4.263579586E-1	9.707862288E-3
3.330000000E0	4.347817941E-1	7.728757847E-3
3.340000000E0	4.433621435E-1	7.141960320E-3
3.350000000E0	4.520202257E-1	6.797268415E-3
3.360000000E0	4.604676936E-1	6.456702569E-3
3.370000000E0	4.688378622E-1	6.359670154E-3
3.380000000E0	4.772734293E-1	6.142752236E-3
3.390000000E0	4.855719897E-1	6.214623096E-3
3.400000000E0	4.940676339E-1	6.252591743E-3
3.410000000E0	5.022652959E-1	6.285896104E-3
3.420000000E0	5.106380279E-1	6.352210498E-3
3.430000000E0	5.188903348E-1	6.381685396E-3
3.440000000E0	5.271750109E-1	6.507826984E-3
3.450000000E0	5.351404341E-1	6.527969323E-3
3.460000000E0	5.435592734E-1	6.545259613E-3
3.470000000E0	5.517353342E-1	6.639773339E-3
3.480000000E0	5.601779394E-1	6.737028646E-3
3.490000000E0	5.682989656E-1	6.900972010E-3
3.500000000E0	5.766197091E-1	7.107195748E-3
3.510000000E0	5.847330020E-1	7.081852653E-3
3.520000000E0	5.927500399E-1	7.022915751E-3
3.530000000E0	6.008876503E-1	7.182737473E-3
3.540000000E0	6.086660301E-1	9.044854925E-3
3.550000000E0	6.165565936E-1	9.618369703E-3
3.560000000E0	6.246703097E-1	8.710184871E-3
3.570000000E0	6.328857624E-1	8.650676960E-3
3.580000000E0	6.409049890E-1	8.894711593E-3
3.590000000E0	6.487735440E-1	9.727284547E-3
3.600000000E0	6.565181401E-1	1.045107266E-2
3.610000000E0	6.642406021E-1	1.106689328E-2
3.620000000E0	6.719187280E-1	1.196057010E-2
3.630000000E0	6.795487112E-1	1.299278687E-2
3.640000000E0	6.872161433E-1	1.403896090E-2
3.650000000E0	6.947820889E-1	1.518970040E-2
3.660000000E0	7.019724711E-1	1.629970152E-2
3.670000000E0	7.092786214E-1	1.745680222E-2
3.680000000E0	7.162166864E-1	1.864839160E-2
3.690000000E0	7.233658758E-1	1.980911171E-2
3.700000000E0	7.302836577E-1	2.102065811E-2
3.710000000E0	7.369305056E-1	2.243689655E-2
3.720000000E0	7.435177372E-1	2.383515873E-2
3.730000000E0	7.500597376E-1	2.524500817E-2
3.740000000E0	7.564250197E-1	2.654054235E-2
3.750000000E0	7.625946514E-1	2.784866518E-2
3.760000000E0	7.687747016E-1	2.906171415E-2
3.770000000E0	7.745637348E-1	3.051720420E-2
3.780000000E0	7.802743565E-1	3.193410806E-2
3.790000000E0	7.858036080E-1	3.336536007E-2
3.800000000E0	7.907749385E-1	3.559384171E-2
3.810000000E0	7.956749138E-1	3.764561306E-2
3.820000000E0	8.008140109E-1	3.925348524E-2
3.830000000E0	8.060454411E-1	4.000814152E-2
3.840000000E0	8.109502638E-1	4.076269025E-2
3.850000000E0	8.155474736E-1	4.193845900E-2
3.860000000E0	8.201674567E-1	4.317574822E-2
3.870000000E0	8.243937779E-1	4.436614389E-2
3.880000000E0	8.286088498E-1	4.557299348E-2
3.890000000E0	8.328215528E-1	4.645551578E-2
3.900000000E0	8.365731353E-1	4.791825599E-2
3.910000000E0	8.402513072E-1	4.869758896E-2
3.920000000E0	8.439289872E-1	4.977983250E-2
3.930000000E0	8.472809973E-1	5.083182974E-2
3.940000000E0	8.505713857E-1	5.182809475E-2
3.950000000E0	8.537247044E-1	5.284280081E-2
3.960000000E0	8.564161048E-1	5.394506394E-2
3.970000000E0	8.592529969E-1	5.491922967E-2
3.980000000E0	8.616783083E-1	5.601692638E-2
3.990000000E0	8.640191639E-1	5.681414618E-2
4.000000000E0	8.662656932E-1	5.758065105E-2
4.010000000E0	8.682851994E-1	5.833670182E-2
4.020000000E0	8.702796892E-1	5.903264459E-2
4.030000000E0	8.719483964E-1	5.971208750E-2
4.040000000E0	8.735145066E-1	6.036327006E-2
4.050000000E0	8.749251242E-1	6.071481900E-2
4.060000000E0	8.760414485E-1	6.139396195E-2
4.070000000E0	8.771273762E-1	6.169880447E-2
4.080000000E0	8.781494899E-1	6.190290064E-2
4.090000000E0	8.790106192E-1	6.200466870E-2
4.100000000E0	8.793844705E-1	6.236972214E-2
4.110000000E0	8.800199119E-1	6.251556346E-2
4.120000000E0	8.803863368E-1	6.274483515E-2
4.130000000E0	8.804384418E-1	6.278357067E-2
4.140000000E0	8.804134004E-1	6.277925093E-2
4.150000000E0	8.802920687E-1	6.271025410E-2
4.160000000E0	8.798623536E-1	6.257871748E-2
4.170000000E0	8.792850641E-1	6.256896248E-2
4.180000000E0	8.783353350E-1	6.236723150E-2
4.190000000E0	8.777272432E-1	6.176061977E-2
4.200000000E0	8.766141238E-1	6.149132211E-2
4.210000000E0	8.755023473E-1	6.083865968E-2
4.220000000E0	8.738861846E-1	6.057282443E-2
4.230000000E0	8.725366473E-1	5.982731267E-2
4.240000000E0	8.705149418E-1	5.942162794E-2
4.250000000E0	8.685706455E-1	5.858637363E-2
4.260000000E0	8.662328987E-1	5.810355312E-2
4.270000000E0	8.639368292E-1	5.728097171E-2
4.280000000E0	8.616442317E-1	5.635356960E-2
4.290000000E0	8.592476989E-1	5.535709948E-2
4.300000000E0	8.562583625E-1	5.470792344E-2
4.310000000E0	8.534896386E-1	5.371208536E-2
4.320000000E0	8.506146685E-1	5.282019349E-2
4.330000000E0	8.473483657E-1	5.177556160E-2
4.340000000E0	8.440543271E-1	5.070395707E-2
4.350000000E0	8.406520086E-1	4.957100539E-2
4.360000000E0	8.371753177E-1	4.842169175E-2
4.370000000E0	8.331858507E-1	4.731397442E-2
4.380000000E0	8.294203106E-1	4.617580409E-2
4.390000000E0	8.252548174E-1	4.499730083E-2
4.400000000E0	8.209283691E-1	4.378218470E-2
4.410000000E0	8.164791485E-1	4.267491621E-2
4.420000000E0	8.119454725E-1	4.150002158E-2
4.430000000E0	8.073788916E-1	4.048855553E-2
4.440000000E0	8.023777157E-1	3.984236549E-2
4.450000000E0	7.973211962E-1	3.873636323E-2
4.460000000E0	7.924007244E-1	3.709318336E-2
4.470000000E0	7.872405566E-1	3.530729241E-2
4.480000000E0	7.820675244E-1	3.379430371E-2
4.490000000E0	7.766366439E-1	3.217740749E-2
4.500000000E0	7.711381769E-1	3.070877156E-2
4.510000000E0	7.654667710E-1	2.929059620E-2
4.520000000E0	7.594185446E-1	2.782708824E-2
4.530000000E0	7.535167820E-1	2.642261011E-2
4.540000000E0	7.476477133E-1	2.512595052E-2
4.550000000E0	7.413817706E-1	2.363006709E-2
4.560000000E0	7.351436919E-1	2.207188312E-2
4.570000000E0	7.288686930E-1	2.079102687E-2
4.580000000E0	7.225253693E-1	1.959314730E-2
4.590000000E0	7.159731373E-1	1.837461912E-2
4.600000000E0	7.093283781E-1	1.739039672E-2
4.610000000E0	7.026164394E-1	1.635465707E-2
4.620000000E0	6.958110573E-1	1.532892267E-2
4.630000000E0	6.888370735E-1	1.421410800E-2
4.640000000E0	6.817269589E-1	1.322934579E-2
4.650000000E0	6.745277774E-1	1.225634047E-2
4.660000000E0	6.673586719E-1	1.166753469E-2
4.670000000E0	6.600192913E-1	1.097592382E-2
4.680000000E0	6.529166118E-1	1.050376626E-2
4.690000000E0	6.454982954E-1	9.910183580E-3
4.700000000E0	6.383083702E-1	9.644096877E-3
4.710000000E0	6.309704377E-1	9.275511653E-3
4.720000000E0	6.235089635E-1	9.047489145E-3
4.730000000E0	6.161558408E-1	9.776640368E-3
4.740000000E0	6.090563608E-1	9.625609667E-3
4.750000000E0	6.018450278E-1	8.905232927E-3
4.760000000E0	5.946019201E-1	8.626121736E-3
4.770000000E0	5.874694306E-1	8.619393923E-3
4.780000000E0	5.800665944E-1	8.527946698E-3
4.790000000E0	5.727485658E-1	8.447091638E-3
4.800000000E0	5.654442292E-1	8.442303283E-3
4.810000000E0	5.580938193E-1	8.427849483E-3
4.820000000E0	5.507524919E-1	8.227692550E-3
4.830000000E0	5.434051293E-1	8.378331172E-3
4.840000000E0	5.361080446E-1	8.381884021E-3
4.850000000E0	5.287505959E-1	8.343298190E-3
4.860000000E0	5.214758827E-1	8.434466837E-3
4.870000000E0	5.141922827E-1	8.469683479E-3
4.880000000E0	5.070612754E-1	8.526693970E-3
4.890000000E0	4.997206959E-1	8.485738571E-3
4.900000000E0	4.926408315E-1	8.585398650E-3
4.910000000E0	4.853739219E-1	8.570586404E-3
4.920000000E0	4.781293313E-1	8.619572606E-3
4.930000000E0	4.709145430E-1	8.701036782E-3
4.940000000E0	4.638022160E-1	8.750704372E-3
4.950000000E0	4.564652907E-1	8.904704257E-3
4.960000000E0	4.494149626E-1	9.031828248E-3
4.970000000E0	4.421873513E-1	9.312753250E-3
4.980000000E0	4.353466687E-1	9.970949389E-3
4.990000000E0	4.284457558E-1	1.196701936E-2
5.000000000E0	4.214713903E-1	1.259547235E-2
5.010000000E0	4.144719389E-1	1.204696340E-2
5.020000000E0	4.078552050E-1	1.210923754E-2
5.030000000E0	4.011020320E-1	1.255434643E-2
5.040000000E0	3.946069057E-1	1.320149490E-2
5.050000000E0	3.880791177E-1	1.378047117E-2
5.060000000E0	3.814836702E-1	1.425405898E-2
5.070000000E0	3.748966663E-1	1.481045055E-2
5.080000000E0	3.684483111E-1	1.555182146E-2
5.090000000E0	3.619699563E-1	1.608434883E-2
5.100000000E0	3.555487616E-1	1.701314308E-2
5.110000000E0	3.494007969E-1	1.771387507E-2
5.120000000E0	3.431716431E-1	1.846135065E-2
5.130000000E0	3.372129655E-1	1.940607358E-2
5.140000000E0	3.311651001E-1	2.027870608E-2
5.150000000E0	3.253074161E-1	2.120149668E-2
5.160000000E0	3.195822320E-1	2.188357347E-2
5.170000000E0	3.139349009E-1	2.275956179E-2
5.180000000E0	3.085502633E-1	2.380387097E-2
5.190000000E0	3.031978662E-1	2.492592784E-2
5.200000000E0	2.977875239E-1	2.591726746E-2
5.210000000E0	2.925717639E-1	2.670686109E-2
5.220000000E0	2.875545781E-1	2.761738740E-2
5.230000000E0	2.826275684E-1	2.843158111E-2
5.240000000E0	2.777987787E-1	2.939633560E-2
5.250000000E0	2.731704549E-1	3.041026309E-2
5.260000000E0	2.689146945E-1	3.146499356E-2
5.270000000E0	2.645274375E-1	3.244767296E-2
5.280000000E0	2.601942686E-1	3.348817168E-2
5.290000000E0	2.561957403E-1	3.449544361E-2
5.300000000E0	2.519568153E-1	3.520948022E-2
5.310000000E0	2.479342667E-1	3.612872189E-2
5.320000000E0	2.445980597E-1	3.724693944E-2
5.330000000E0	2.412615088E-1	3.857924895E-2
5.340000000E0	2.379124458E-1	3.969301836E-2
5.350000000E0	2.344581717E-1	4.068678000E-2
5.360000000E0	2.310907928E-1	4.161054578E-2
5.370000000E0	2.281459331E-1	4.205983587E-2
5.380000000E0	2.250902616E-1	4.274020456E-2
5.390000000E0	2.224406381E-1	4.352245821E-2
5.400000000E0	2.196430385E-1	4.408584287E-2
5.410000000E0	2.172063704E-1	4.476098695E-2
5.420000000E0	2.147273807E-1	4.529269805E-2
5.430000000E0	2.127935834E-1	4.597021265E-2
5.440000000E0	2.105447725E-1	4.629404650E-2
5.450000000E0	2.085643250E-1	4.679712463E-2
5.460000000E0	2.066985673E-1	4.731142703E-2
5.470000000E0	2.049778418E-1	4.791514303E-2
5.480000000E0	2.035715953E-1	4.826871787E-2
5.490000000E0	2.023333989E-1	4.874397188E-2
5.500000000E0	2.013656878E-1	4.902594320E-2
5.510000000E0	2.005392623E-1	4.929514766E-2
5.520000000E0	1.997421324E-1	4.946106544E-2
5.530000000E0	1.991606816E-1	4.954769082E-2
5.540000000E0	1.986207460E-1	4.964539973E-2
5.550000000E0	1.982870715E-1	4.978341742E-2
5.560000000E0	1.982248252E-1	4.954786504E-2
5.570000000E0	1.982597823E-1	4.949725384E-2
5.580000000E0	1.983185217E-1	4.955527456E-2
5.590000000E0	1.986067510E-1	4.945513675E-2
5.600000000E0	1.989450376E-1	4.939952658E-2
5.610000000E0	1.994302130E-1	4.918313670E-2
5.620000000E0	2.003524512E-1	4.908254475E-2
5.630000000E0	2.012425589E-1	4.877738817E-2
5.640000000E0	2.025474932E-1	4.829710797E-2
5.650000000E0	2.038015237E-1	4.800917627E-2
5.660000000E0	2.050692158E-1	4.738933075E-2
5.670000000E0	2.066415009E-1	4.705121332E-2
5.680000000E0	2.082814895E-1	4.673957158E-2
5.690000000E0	2.102780483E-1	4.617357466E-2
5.700000000E0	2.124221724E-1	4.579216045E-2
5.710000000E0	2.146743040E-1	4.502117277E-2
5.720000000E0	2.168621869E-1	4.454237033E-2
5.730000000E0	2.194585877E-1	4.385396064E-2
5.740000000E0	2.219672980E-1	4.299486202E-2
5.750000000E0	2.248119203E-1	4.258630724E-2
5.760000000E0	2.277883206E-1	4.195282656E-2
5.770000000E0	2.309310499E-1	4.168788949E-2
5.780000000E0	2.343340899E-1	4.077307926E-2
5.790000000E0	2.379320095E-1	3.975899678E-2
5.800000000E0	2.414348264E-1	3.879479002E-2
5.810000000E0	2.449312344E-1	3.758991936E-2
5.820000000E0	2.485449574E-1	3.675014533E-2
5.830000000E0	2.522122024E-1	3.555177650E-2
5.840000000E0	2.558809974E-1	3.467635282E-2
5.850000000E0	2.600797967E-1	3.377556780E-2
5.860000000E0	2.643424678E-1	3.282101187E-2
5.870000000E0	2.686687713E-1	3.181281142E-2
5.880000000E0	2.732108824E-1	3.079352504E-2
5.890000000E0	2.777003203E-1	2.982091045E-2
5.900000000E0	2.822570878E-1	2.890690421E-2
5.910000000E0	2.866697592E-1	2.804608834E-2
5.920000000E0	2.913704554E-1	2.718521488E-2
5.930000000E0	2.963654483E-1	2.613024202E-2
5.940000000E0	3.015754753E-1	2.512739481E-2
5.950000000E0	3.064796034E-1	2.410691153E-2
5.960000000E0	3.116597134E-1	2.302942989E-2
5.970000000E0	3.171566270E-1	2.214790409E-2
5.980000000E0	3.221515352E-1	2.135861685E-2
5.990000000E0	3.276545270E-1	2.057505703E-2
6.000000000E0	3.333844975E-1	1.975824583E-2
6.010000000E0	3.389692440E-1	1.900579430E-2
6.020000000E0	3.446733065E-1	1.808672373E-2
6.030000000E0	3.506513191E-1	1.741510285E-2
6.040000000E0	3.564588486E-1	1.664040853E-2
6.050000000E0	3.625093981E-1	1.588413131E-2
6.060000000E0	3.682730784E-1	1.528621007E-2
6.070000000E0	3.743843792E-1	1.486265398E-2
6.080000000E0	3.804592524E-1	1.415096355E-2
6.090000000E0	3.864870882E-1	1.382240327E-2
6.100000000E0	3.926267855E-1	1.323289519E-2
6.110000000E0	3.986510050E-1	1.282705327E-2
6.120000000E0	4.048203720E-1	1.233546291E-2
6.130000000E0	4.111557005E-1	1.185823458E-2
6.140000000E0	4.168976025E-1	1.208806199E-2
6.150000000E0	4.238672017E-1	1.240257974E-2
6.160000000E0	4.299203078E-1	1.150881602E-2
6.170000000E0	4.364388422E-1	1.067828828E-2
6.180000000E0	4.430081386E-1	1.042875778E-2
6.190000000E0	4.497549490E-1	1.008984075E-2
6.200000000E0	4.563473249E-1	9.772952327E-3
6.210000000E0	4.630136983E-1	9.585097383E-3
6.220000000E0	4.695116711E-1	9.518121517E-3
6.230000000E0	4.761072227E-1	9.497964906E-3
6.240000000E0	4.826579142E-1	9.395173765E-3
6.250000000E0	4.893290358E-1	9.494519233E-3
6.260000000E0	4.958186220E-1	9.584191029E-3
6.270000000E0	5.019030257E-1	9.582368735E-3
6.280000000E0	5.083522743E-1	9.596983586E-3
6.290000000E0	5.149377109E-1	9.604980618E-3
6.300000000E0	5.214361885E-1	9.588423715E-3
6.310000000E0	5.277697502E-1	9.694295925E-3
6.320000000E0	5.339764758E-1	9.667281813E-3
6.330000000E0	5.404563322E-1	9.659164584E-3
6.340000000E0	5.469976185E-1	9.668545807E-3
6.350000000E0	5.534570221E-1	9.629808006E-3
6.360000000E0	5.598571902E-1	9.643348639E-3
6.370000000E0	5.662498329E-1	9.835426128E-3
6.380000000E0	5.724294575E-1	9.820226333E-3
6.390000000E0	5.789340605E-1	9.866479906E-3
6.400000000E0	5.853282721E-1	9.812133996E-3
6.410000000E0	5.917132000E-1	9.917192601E-3
6.420000000E0	5.975566965E-1	9.817911727E-3
6.430000000E0	6.040758995E-1	9.901146753E-3
6.440000000E0	6.093801712E-1	1.090411687E-2
6.450000000E0	6.154148141E-1	1.194093787E-2
6.460000000E0	6.215766147E-1	1.173715708E-2
6.470000000E0	6.277417651E-1	1.147222089E-2
6.480000000E0	6.340886623E-1	1.169441258E-2
6.490000000E0	6.402490341E-1	1.189208379E-2
6.500000000E0	6.463120892E-1	1.206282858E-2
6.510000000E0	6.521983860E-1	1.262764106E-2
6.520000000E0	6.581714969E-1	1.283686152E-2
6.530000000E0	6.639045869E-1	1.366965728E-2
6.540000000E0	6.699419385E-1	1.413173900E-2
6.550000000E0	6.754302694E-1	1.490237633E-2
6.560000000E0	6.812866833E-1	1.522891849E-2
6.570000000E0	6.868883313E-1	1.605682300E-2
6.580000000E0	6.923186996E-1	1.698910935E-2
6.590000000E0	6.979389793E-1	1.758263404E-2
6.600000000E0	7.029929438E-1	1.850417165E-2
6.610000000E0	7.079767333E-1	1.935780334E-2
6.620000000E0	7.128483321E-1	2.036364745E-2
6.630000000E0	7.179441059E-1	2.115509791E-2
6.640000000E0	7.228550620E-1	2.194264111E-2
6.650000000E0	7.273972160E-1	2.284778819E-2
6.660000000E0	7.317961241E-1	2.384061325E-2
6.670000000E0	7.361368189E-1	2.493282372E-2
6.680000000E0	7.403812927E-1	2.604128422E-2
6.690000000E0	7.445869535E-1	2.697975676E-2
6.700000000E0	7.490551655E-1	2.768614436E-2
6.710000000E0	7.530445858E-1	2.842705639E-2
6.720000000E0	7.568573249E-1	2.944982213E-2
6.730000000E0	7.604403382E-1	3.042697234E-2
6.740000000E0	7.643228068E-1	3.107229213E-2
6.750000000E0	7.677469299E-1	3.188826287E-2
6.760000000E0	7.710753569E-1	3.272349653E-2
6.770000000E0	7.741770379E-1	3.349214982E-2
6.780000000E0	7.774154951E-1	3.429016462E-2
6.790000000E0	7.801899402E-1	3.500075441E-2
6.800000000E0	7.828756829E-1	3.573485134E-2
6.810000000E0	7.858934063E-1	3.648497987E-2
6.820000000E0	7.882504884E-1	3.720612728E-2
6.830000000E0	7.904097103E-1	3.802832134E-2
6.840000000E0	7.924938463E-1	3.873841365E-2
6.850000000E0	7.946351872E-1	3.948942165E-2
6.860000000E0	7.967120926E-1	4.031033277E-2
6.870000000E0	7.983764528E-1	4.092145142E-2
6.880000000E0	8.004831872E-1	4.160412491E-2
6.890000000E0	8.021010857E-1	4.188993206E-2
6.900000000E0	8.035211933E-1	4.208093584E-2
6.910000000E0	8.050113436E-1	4.262162440E-2
6.920000000E0	8.063970236E-1	4.286385464E-2
6.930000000E0	8.076220542E-1	4.297680482E-2
6.940000000E0	8.086092050E-1	4.305526271E-2
6.950000000E0	8.094348872E-1	4.312237501E-2
6.960000000E0	8.101504479E-1	4.325615724E-2
6.970000000E0	8.106413010E-1	4.312306838E-2
6.980000000E0	8.111111051E-1	4.319873483E-2
6.990000000E0	8.112087272E-1	4.306487998E-2
7.000000000E0	8.111887566E-1	4.302530473E-2
7.010000000E0	8.110359451E-1	4.296800220E-2
7.020000000E0	8.111386260E-1	4.290556785E-2
7.030000000E0	8.108595585E-1	4.283610169E-2
7.040000000E0	8.103315576E-1	4.270723161E-2
7.050000000E0	8.097110248E-1	4.278877242E-2
7.060000000E0	8.087948454E-1	4.276996449E-2
7.070000000E0	8.078479054E-1	4.277622751E-2
7.080000000E0	8.066995457E-1	4.272850144E-2
7.090000000E0	8.054388665E-1	4.262487000E-2
7.100000000E0	8.041822208E-1	4.243534295E-2
7.110000000E0	8.024810386E-1	4.198941040E-2
7.120000000E0	8.009823634E-1	4.171813758E-2
7.130000000E0	7.989611451E-1	4.096598228E-2
7.140000000E0	7.973053929E-1	4.061518492E-2
7.150000000E0	7.953369029E-1	3.983801035E-2
7.160000000E0	7.931917856E-1	3.924439982E-2
7.170000000E0	7.909564332E-1	3.854164873E-2
7.180000000E0	7.886337218E-1	3.790822688E-2
7.190000000E0	7.860429134E-1	3.718561119E-2
7.200000000E0	7.833039519E-1	3.632190185E-2
7.210000000E0	7.804705092E-1	3.551853627E-2
7.220000000E0	7.776755549E-1	3.473718934E-2
7.230000000E0	7.744942654E-1	3.390240368E-2
7.240000000E0	7.712997129E-1	3.294211480E-2
7.250000000E0	7.681197423E-1	3.242434099E-2
7.260000000E0	7.647588551E-1	3.153518267E-2
7.270000000E0	7.610791759E-1	3.063925280E-2
7.280000000E0	7.574950449E-1	2.966878790E-2
7.290000000E0	7.539049249E-1	2.893070939E-2
7.300000000E0	7.500418059E-1	2.805984723E-2
7.310000000E0	7.459262022E-1	2.721554357E-2
7.320000000E0	7.420758576E-1	2.624073599E-2
7.330000000E0	7.379509951E-1	2.518854105E-2
7.340000000E0	7.337126416E-1	2.422578273E-2
7.350000000E0	7.293488609E-1	2.319323647E-2
7.360000000E0	7.248455409E-1	2.219914695E-2
7.370000000E0	7.202169401E-1	2.146582839E-2
7.380000000E0	7.155047741E-1	2.064629025E-2
7.390000000E0	7.107817845E-1	1.974352221E-2
7.400000000E0	7.059446038E-1	1.888342680E-2
7.410000000E0	7.008612095E-1	1.826168428E-2
7.420000000E0	6.958571565E-1	1.736657971E-2
7.430000000E0	6.907471501E-1	1.653827424E-2
7.440000000E0	6.852806552E-1	1.593765281E-2
7.450000000E0	6.801117473E-1	1.511725886E-2
7.460000000E0	6.745484005E-1	1.433821197E-2
7.470000000E0	6.689899780E-1	1.379103805E-2
7.480000000E0	6.635382690E-1	1.301967386E-2
7.490000000E0	6.578298248E-1	1.258783714E-2
7.500000000E0	6.523550567E-1	1.197174141E-2
7.510000000E0	6.467356251E-1	1.171549981E-2
7.520000000E0	6.411484724E-1	1.139163110E-2
7.530000000E0	6.354321902E-1	1.097580708E-2
7.540000000E0	6.299378934E-1	1.072941455E-2
7.550000000E0	6.243773165E-1	1.084350954E-2
7.560000000E0	6.184797746E-1	1.170209809E-2
7.570000000E0	6.130684111E-1	1.190165229E-2
7.580000000E0	6.073968071E-1	1.097112212E-2
7.590000000E0	6.019736286E-1	1.065054200E-2
7.600000000E0	5.963885529E-1	1.058505857E-2
7.610000000E0	5.909091713E-1	1.055514935E-2
7.620000000E0	5.852193420E-1	1.054373004E-2
7.630000000E0	5.793434577E-1	1.056399595E-2
7.640000000E0	5.736004232E-1	1.049125496E-2
7.650000000E0	5.676903655E-1	1.054076346E-2
7.660000000E0	5.620207166E-1	1.041328966E-2
7.670000000E0	5.561276484E-1	1.051179209E-2
7.680000000E0	5.504530363E-1	1.051084173E-2
7.690000000E0	5.446957347E-1	1.046397367E-2
7.700000000E0	5.391985281E-1	1.038024352E-2
7.710000000E0	5.335364375E-1	1.056212493E-2
7.720000000E0	5.279055510E-1	1.060632114E-2
7.730000000E0	5.223256522E-1	1.064134867E-2
7.740000000E0	5.164135570E-1	1.070992742E-2
7.750000000E0	5.109158379E-1	1.073641905E-2
7.760000000E0	5.052358919E-1	1.076249808E-2
7.770000000E0	4.996176216E-1	1.074857290E-2
7.780000000E0	4.940877324E-1	1.077167634E-2
7.790000000E0	4.885520101E-1	1.078020722E-2
7.800000000E0	4.829989808E-1	1.079743310E-2
7.810000000E0	4.775065385E-1	1.081737146E-2
7.820000000E0	4.719945661E-1	1.087284630E-2
7.830000000E0	4.664901923E-1	1.097604655E-2
7.840000000E0	4.609583623E-1	1.107965535E-2
7.850000000E0	4.555050646E-1	1.102598037E-2
7.860000000E0	4.501008669E-1	1.122794081E-2
7.870000000E0	4.442781519E-1	1.144053489E-2
7.880000000E0	4.389187398E-1	1.180160878E-2
7.890000000E0	4.336144377E-1	1.199596203E-2
7.900000000E0	4.283750373E-1	1.241503391E-2
7.910000000E0	4.230851458E-1	1.285827330E-2
7.920000000E0	4.179139107E-1	1.310635129E-2
7.930000000E0	4.126650466E-1	1.317686563E-2
7.940000000E0	4.076610749E-1	1.329499827E-2
7.950000000E0	4.026069548E-1	1.389108215E-2
7.960000000E0	3.975178351E-1	1.404990227E-2
7.970000000E0	3.925128662E-1	1.426238369E-2
7.980000000E0	3.876150390E-1	1.483830696E-2
7.990000000E0	3.826485560E-1	1.516559709E-2
8.000000000E0	3.780378482E-1	1.535053516E-2
8.010000000E0	3.729894298E-1	1.603169529E-2
8.020000000E0	3.684468590E-1	1.638181353E-2
8.030000000E0	3.639089464E-1	1.678976154E-2
8.040000000E0	3.595004119E-1	1.734591118E-2
8.050000000E0	3.550253664E-1	1.813127275E-2
8.060000000E0	3.507908340E-1	1.856737098E-2
8.070000000E0	3.463428514E-1	1.933998231E-2
8.080000000E0	3.423279251E-1	1.973805609E-2
8.090000000E0	3.380141822E-1	2.052538535E-2
8.100000000E0	3.339983543E-1	2.085028778E-2
8.110000000E0	3.300394047E-1	2.168115437E-2
8.120000000E0	3.262496256E-1	2.208502209E-2
8.130000000E0	3.223055360E-1	2.284138933E-2
8.140000000E0	3.189725426E-1	2.347447110E-2
8.150000000E0	3.153018054E-1	2.389884021E-2
8.160000000E0	3.119907301E-1	2.457321976E-2
8.170000000E0	3.087042601E-1	2.500071690E-2
8.180000000E0	3.056881194E-1	2.543681834E-2
8.190000000E0	3.022937165E-1	2.611123573E-2
8.200000000E0	2.996283739E-1	2.651908329E-2
8.210000000E0	2.966669365E-1	2.718386619E-2
8.220000000E0	2.941308805E-1	2.745797297E-2
8.230000000E0	2.912263030E-1	2.821030400E-2
8.240000000E0	2.888899891E-1	2.857213789E-2
8.250000000E0	2.864359915E-1	2.923032194E-2
8.260000000E0	2.843252865E-1	2.953945386E-2
8.270000000E0	2.821887949E-1	2.990531813E-2
8.280000000E0	2.800108159E-1	3.031455836E-2
8.290000000E0	2.780401017E-1	3.072675970E-2
8.300000000E0	2.758423558E-1	3.132765100E-2
8.310000000E0	2.742689471E-1	3.164590681E-2
8.320000000E0	2.728636872E-1	3.187152883E-2
8.330000000E0	2.712088602E-1	3.218822406E-2
8.340000000E0	2.697726084E-1	3.248905039E-2
8.350000000E0	2.684989491E-1	3.274935679E-2
8.360000000E0	2.671734768E-1	3.296128824E-2
8.370000000E0	2.660889810E-1	3.314503832E-2
8.380000000E0	2.647829494E-1	3.324629169E-2
8.390000000E0	2.640452414E-1	3.347410145E-2
8.400000000E0	2.633381027E-1	3.381654874E-2
8.410000000E0	2.627138632E-1	3.390332814E-2
8.420000000E0	2.622118358E-1	3.394701072E-2
8.430000000E0	2.617920423E-1	3.398451597E-2
8.440000000E0	2.614000991E-1	3.399210673E-2
8.450000000E0	2.612282234E-1	3.399813273E-2
8.460000000E0	2.613034714E-1	3.397389284E-2
8.470000000E0	2.612840193E-1	3.394071107E-2
8.480000000E0	2.614675117E-1	3.394068025E-2
8.490000000E0	2.616233727E-1	3.385876651E-2
8.500000000E0	2.621391552E-1	3.386252693E-2
8.510000000E0	2.626880044E-1	3.362022405E-2
8.520000000E0	2.634061369E-1	3.339573540E-2
8.530000000E0	2.640146182E-1	3.296025966E-2
8.540000000E0	2.649227704E-1	3.279535646E-2
8.550000000E0	2.657589298E-1	3.267540418E-2
8.560000000E0	2.669203129E-1	3.248219937E-2
8.570000000E0	2.680451789E-1	3.199290516E-2
8.580000000E0	2.694822313E-1	3.163958306E-2
8.590000000E0	2.707957205E-1	3.141606204E-2
8.600000000E0	2.724485075E-1	3.088771776E-2
8.610000000E0	2.742280229E-1	3.052882326E-2
8.620000000E0	2.759333581E-1	3.027344436E-2
8.630000000E0	2.777890870E-1	2.983428667E-2
8.640000000E0	2.797712590E-1	2.938505799E-2
8.650000000E0	2.820870063E-1	2.882538060E-2
8.660000000E0	2.844308990E-1	2.840350233E-2
8.670000000E0	2.866623976E-1	2.811531897E-2
8.680000000E0	2.890933408E-1	2.746315958E-2
8.690000000E0	2.914078613E-1	2.715505356E-2
8.700000000E0	2.941443598E-1	2.644852643E-2
8.710000000E0	2.969858794E-1	2.602662876E-2
8.720000000E0	2.998719610E-1	2.553661003E-2
8.730000000E0	3.027374292E-1	2.496519886E-2
8.740000000E0	3.056249925E-1	2.428681656E-2
8.750000000E0	3.087935330E-1	2.378054244E-2
8.760000000E0	3.120891591E-1	2.305834970E-2
8.770000000E0	3.153889698E-1	2.273961606E-2
8.780000000E0	3.188453124E-1	2.205886099E-2
8.790000000E0	3.222602128E-1	2.147847842E-2
8.800000000E0	3.261243770E-1	2.084629277E-2
8.810000000E0	3.298361846E-1	2.040206020E-2
8.820000000E0	3.334987513E-1	1.969084425E-2
8.830000000E0	3.375276571E-1	1.926755222E-2
8.840000000E0	3.413645597E-1	1.859175766E-2
8.850000000E0	3.454492548E-1	1.815956445E-2
8.860000000E0	3.495329234E-1	1.758671622E-2
8.870000000E0	3.537768296E-1	1.708649756E-2
8.880000000E0	3.578971765E-1	1.647895363E-2
8.890000000E0	3.621756058E-1	1.603176707E-2
8.900000000E0	3.664878060E-1	1.550464503E-2
8.910000000E0	3.708015213E-1	1.503349693E-2
8.920000000E0	3.752162061E-1	1.453658207E-2
8.930000000E0	3.796636935E-1	1.406583378E-2
8.940000000E0	3.842615064E-1	1.367794773E-2
8.950000000E0	3.887383509E-1	1.320298627E-2
8.960000000E0	3.932450927E-1	1.280536466E-2
8.970000000E0	3.982528417E-1	1.254941895E-2
8.980000000E0	4.029174904E-1	1.218380911E-2
8.990000000E0	4.073987655E-1	1.166377000E-2
9.000000000E0	4.121427645E-1	1.152771392E-2
9.010000000E0	4.167079872E-1	1.193007533E-2
9.020000000E0	4.218222029E-1	1.234743674E-2
9.030000000E0	4.266021894E-1	1.203231598E-2
9.040000000E0	4.317534253E-1	1.118466347E-2
9.050000000E0	4.365596954E-1	1.060105607E-2
9.060000000E0	4.415804194E-1	1.037325331E-2
9.070000000E0	4.466648250E-1	1.040849757E-2
9.080000000E0	4.516665951E-1	1.015019543E-2
9.090000000E0	4.566340196E-1	9.795252893E-3
9.100000000E0	4.615868977E-1	9.620313723E-3
9.110000000E0	4.666414961E-1	9.632313505E-3
9.120000000E0	4.718558684E-1	9.521006193E-3
9.130000000E0	4.766921336E-1	9.539571447E-3
9.140000000E0	4.818387305E-1	9.494665052E-3
9.150000000E0	4.867521307E-1	9.489722121E-3
9.160000000E0	4.918931391E-1	9.555775650E-3
9.170000000E0	4.967567612E-1	9.547903660E-3
9.180000000E0	5.019115737E-1	9.526864075E-3
9.190000000E0	5.068345713E-1	9.541073864E-3
9.200000000E0	5.118796803E-1	9.609554824E-3
9.210000000E0	5.167770868E-1	9.586724293E-3
9.220000000E0	5.218182432E-1	9.612371463E-3
9.230000000E0	5.268322671E-1	9.618696458E-3
9.240000000E0	5.317605275E-1	9.672714402E-3
9.250000000E0	5.367671187E-1	9.592131439E-3
9.260000000E0	5.418353021E-1	9.672387151E-3
9.270000000E0	5.467104559E-1	9.703896590E-3
9.280000000E0	5.518740584E-1	9.689682195E-3
9.290000000E0	5.568283007E-1	9.708779259E-3
9.300000000E0	5.618361106E-1	9.669990911E-3
9.310000000E0	5.664068961E-1	9.723607792E-3
9.320000000E0	5.715739540E-1	9.757304465E-3
9.330000000E0	5.763183935E-1	9.742233095E-3
9.340000000E0	5.813040149E-1	9.811442877E-3
9.350000000E0	5.860304962E-1	9.834358071E-3
9.360000000E0	5.906668286E-1	9.792646865E-3
9.370000000E0	5.955535935E-1	9.814943268E-3
9.380000000E0	6.003219696E-1	9.930787566E-3
9.390000000E0	6.049165082E-1	9.947175933E-3
9.400000000E0	6.092215331E-1	1.085269756E-2
9.410000000E0	6.143634558E-1	1.195286755E-2
9.420000000E0	6.191922488E-1	1.188637594E-2
9.430000000E0	6.239631509E-1	1.114487538E-2
9.440000000E0	6.288238409E-1	1.082996846E-2
9.450000000E0	6.334525809E-1	1.098541209E-2
9.460000000E0	6.379986915E-1	1.114654373E-2
9.470000000E0	6.425791356E-1	1.134165550E-2
9.480000000E0	6.469096338E-1	1.154661888E-2
9.490000000E0	6.514002582E-1	1.186182198E-2
9.500000000E0	6.557262877E-1	1.212616740E-2
9.510000000E0	6.599754853E-1	1.271375941E-2
9.520000000E0	6.642575109E-1	1.306889398E-2
9.530000000E0	6.685916195E-1	1.352166023E-2
9.540000000E0	6.727849222E-1	1.393979032E-2
9.550000000E0	6.768043986E-1	1.443485239E-2
9.560000000E0	6.807434076E-1	1.506841973E-2
9.570000000E0	6.844453907E-1	1.543896128E-2
9.580000000E0	6.884184309E-1	1.611016462E-2
9.590000000E0	6.920782449E-1	1.662730411E-2
9.600000000E0	6.957615305E-1	1.725959121E-2
9.610000000E0	6.994568962E-1	1.772469001E-2
9.620000000E0	7.029297170E-1	1.832461249E-2
9.630000000E0	7.063029843E-1	1.911520822E-2
9.640000000E0	7.095444299E-1	1.962484136E-2
9.650000000E0	7.128662315E-1	2.021508752E-2
