mass_A
t	x	y
0.000000000E0	-1.930359131E-4	1.402939747E-1
1.000000000E-2	-9.866078955E-5	1.403704797E-1
2.000000000E-2	-3.381385478E-5	1.403860442E-1
3.000000000E-2	5.484471215E-4	1.404176663E-1
4.000000000E-2	1.257372173E-3	1.401530633E-1
5.000000000E-2	2.039796014E-3	1.395346627E-1
6.000000000E-2	3.224806738E-3	1.385755955E-1
7.000000000E-2	4.608920019E-3	1.374160088E-1
8.000000000E-2	6.425178190E-3	1.362569299E-1
9.000000000E-2	8.562300399E-3	1.349478196E-1
1.000000000E-1	1.105576965E-2	1.334054540E-1
1.100000000E-1	1.368706452E-2	1.317104965E-1
1.200000000E-1	1.676077465E-2	1.296499853E-1
1.300000000E-1	1.979061377E-2	1.273565915E-1
1.400000000E-1	2.319954265E-2	1.250208800E-1
1.500000000E-1	2.717712766E-2	1.228030239E-1
1.600000000E-1	3.143238155E-2	1.203855199E-1
1.700000000E-1	3.591326404E-2	1.179021179E-1
1.800000000E-1	4.064565488E-2	1.148609889E-1
1.900000000E-1	4.550220836E-2	1.129331484E-1
2.000000000E-1	5.144169253E-2	1.109051982E-1
2.100000000E-1	5.663300924E-2	1.081145531E-1
2.200000000E-1	6.251356568E-2	1.040758573E-1
2.300000000E-1	6.831049139E-2	1.004250447E-1
2.400000000E-1	7.473258502E-2	9.733883574E-2
2.500000000E-1	8.114641824E-2	9.397512092E-2
2.600000000E-1	8.796868936E-2	9.072235840E-2
2.700000000E-1	9.467731971E-2	8.733300073E-2
2.800000000E-1	1.019580573E-1	8.413923338E-2
2.900000000E-1	1.092030424E-1	8.066123085E-2
3.000000000E-1	1.166362334E-1	7.739418417E-2
3.100000000E-1	1.243391886E-1	7.397514251E-2
3.200000000E-1	1.322840224E-1	7.070983373E-2
3.300000000E-1	1.402832105E-1	6.767484852E-2
3.400000000E-1	1.484495420E-1	6.460017016E-2
3.500000000E-1	1.569944690E-1	6.183310075E-2
3.600000000E-1	1.656878584E-1	5.874923810E-2
3.700000000E-1	1.745754827E-1	5.587179461E-2
3.800000000E-1	1.837324782E-1	5.279006699E-2
3.900000000E-1	1.926571217E-1	5.002493585E-2
4.000000000E-1	2.016668473E-1	4.693745346E-2
4.100000000E-1	2.111306832E-1	4.451172357E-2
4.200000000E-1	2.206011990E-1	4.158780675E-2
4.300000000E-1	2.300924954E-1	4.018408903E-2
4.400000000E-1	2.403680440E-1	3.882412835E-2
4.500000000E-1	2.500133669E-1	3.449226549E-2
4.600000000E-1	2.607537343E-1	3.204452487E-2
4.700000000E-1	2.709221689E-1	2.974410538E-2
4.800000000E-1	2.813574507E-1	2.771331299E-2
4.900000000E-1	2.918755036E-1	2.545159195E-2
5.000000000E-1	3.026537654E-1	2.359729118E-2
5.100000000E-1	3.130049257E-1	2.168082619E-2
5.200000000E-1	3.238226551E-1	1.996927930E-2
5.300000000E-1	3.346677068E-1	1.820274819E-2
5.400000000E-1	3.457487305E-1	1.664141359E-2
5.500000000E-1	3.568307152E-1	1.515984214E-2
5.600000000E-1	3.679270097E-1	1.364642952E-2
5.700000000E-1	3.790049124E-1	1.244592447E-2
5.800000000E-1	3.901170681E-1	1.142496684E-2
5.900000000E-1	4.012360362E-1	1.053873743E-2
6.000000000E-1	4.121527265E-1	9.819901025E-3
6.100000000E-1	4.232390477E-1	1.107474005E-2
6.200000000E-1	4.344233488E-1	9.641377019E-3
6.300000000E-1	4.458723748E-1	8.660242366E-3
6.400000000E-1	4.573031452E-1	8.181988569E-3
6.500000000E-1	4.689420012E-1	7.960817837E-3
6.600000000E-1	4.800685920E-1	7.636591313E-3
6.700000000E-1	4.913532217E-1	7.652316916E-3
6.800000000E-1	5.025618367E-1	7.483964843E-3
6.900000000E-1	5.136107708E-1	7.648500885E-3
7.000000000E-1	5.248840523E-1	7.721025868E-3
7.100000000E-1	5.361455497E-1	8.136361088E-3
7.200000000E-1	5.473180614E-1	8.057814212E-3
7.300000000E-1	5.584053385E-1	8.207952615E-3
7.400000000E-1	5.694916558E-1	8.261427240E-3
7.500000000E-1	5.805081230E-1	8.313160998E-3
7.600000000E-1	5.915475910E-1	8.448436620E-3
7.700000000E-1	6.024605077E-1	8.831311631E-3
7.800000000E-1	6.134009194E-1	1.023138672E-2
7.900000000E-1	6.243487470E-1	1.007483175E-2
8.000000000E-1	6.354580989E-1	1.005373367E-2
8.100000000E-1	6.465160395E-1	1.062439225E-2
8.200000000E-1	6.572484749E-1	1.153693752E-2
8.300000000E-1	6.677497019E-1	1.254407122E-2
8.400000000E-1	6.783732221E-1	1.356595198E-2
8.500000000E-1	6.889136546E-1	1.482144852E-2
8.600000000E-1	6.990890640E-1	1.640730443E-2
8.700000000E-1	7.092936710E-1	1.800021733E-2
8.800000000E-1	7.192174424E-1	1.967663205E-2
8.900000000E-1	7.292691226E-1	2.164284373E-2
9.000000000E-1	7.390377895E-1	2.357723937E-2
9.100000000E-1	7.484414153E-1	2.570881791E-2
9.200000000E-1	7.578185116E-1	2.787176409E-2
9.300000000E-1	7.669458968E-1	3.014401710E-2
9.400000000E-1	7.759265022E-1	3.226975692E-2
9.500000000E-1	7.848592590E-1	3.459521647E-2
9.600000000E-1	7.934346006E-1	3.688094512E-2
9.700000000E-1	8.020019687E-1	3.973946885E-2
9.800000000E-1	8.106935151E-1	4.163453476E-2
9.900000000E-1	8.188857155E-1	4.405618607E-2
1.000000000E0	8.271466277E-1	4.632031568E-2
1.010000000E0	8.352838144E-1	4.873748983E-2
1.020000000E0	8.429292167E-1	5.109244087E-2
1.030000000E0	8.504553724E-1	5.341863066E-2
1.040000000E0	8.579424099E-1	5.560757642E-2
1.050000000E0	8.649565547E-1	5.829010340E-2
1.060000000E0	8.720514870E-1	6.065635386E-2
1.070000000E0	8.789465396E-1	6.311609335E-2
1.080000000E0	8.856236102E-1	6.551576472E-2
1.090000000E0	8.920379580E-1	6.783244741E-2
1.100000000E0	8.981600303E-1	7.016668930E-2
1.110000000E0	9.042286191E-1	7.226061407E-2
1.120000000E0	9.100088889E-1	7.455281304E-2
1.130000000E0	9.155063016E-1	7.672119393E-2
1.140000000E0	9.208847337E-1	7.882096893E-2
1.150000000E0	9.259645770E-1	8.103707492E-2
1.160000000E0	9.309180833E-1	8.322869497E-2
1.170000000E0	9.353952641E-1	8.529830445E-2
1.180000000E0	9.396787059E-1	8.754852793E-2
1.190000000E0	9.437890744E-1	8.954354424E-2
1.200000000E0	9.475581299E-1	9.163874750E-2
1.210000000E0	9.510438028E-1	9.356039298E-2
1.220000000E0	9.543279143E-1	9.545268337E-2
1.230000000E0	9.573080872E-1	9.698852534E-2
1.240000000E0	9.600667176E-1	9.859644832E-2
1.250000000E0	9.628237985E-1	1.001077924E-1
1.260000000E0	9.651023254E-1	1.016247846E-1
1.270000000E0	9.672311838E-1	1.028665748E-1
1.280000000E0	9.691815941E-1	1.039776314E-1
1.290000000E0	9.708407334E-1	1.049745153E-1
1.300000000E0	9.720803426E-1	1.058026793E-1
1.310000000E0	9.731530306E-1	1.063209450E-1
1.320000000E0	9.739593428E-1	1.070022255E-1
1.330000000E0	9.747299416E-1	1.072540671E-1
1.340000000E0	9.751851378E-1	1.073993487E-1
1.350000000E0	9.752488761E-1	1.073724282E-1
1.360000000E0	9.752059308E-1	1.073232358E-1
1.370000000E0	9.750050370E-1	1.072083308E-1
1.380000000E0	9.745818753E-1	1.070144955E-1
1.390000000E0	9.740900391E-1	1.064357208E-1
1.400000000E0	9.730201717E-1	1.060190697E-1
1.410000000E0	9.719335891E-1	1.051382488E-1
1.420000000E0	9.706718709E-1	1.041980248E-1
1.430000000E0	9.690730032E-1	1.032598270E-1
1.440000000E0	9.672873909E-1	1.021273651E-1
1.450000000E0	9.651260707E-1	1.007519965E-1
1.460000000E0	9.628457930E-1	9.946925745E-2
1.470000000E0	9.604374038E-1	9.808947587E-2
1.480000000E0	9.577492691E-1	9.649518433E-2
1.490000000E0	9.548513487E-1	9.488089229E-2
1.500000000E0	9.518162417E-1	9.321802935E-2
1.510000000E0	9.484559904E-1	9.160041572E-2
1.520000000E0	9.448897871E-1	8.966226354E-2
1.530000000E0	9.409869215E-1	8.771314588E-2
1.540000000E0	9.373797798E-1	8.566159683E-2
1.550000000E0	9.330701375E-1	8.347095287E-2
1.560000000E0	9.285652033E-1	8.140729553E-2
1.570000000E0	9.239675953E-1	7.941836134E-2
1.580000000E0	9.188399726E-1	7.740503972E-2
1.590000000E0	9.134847790E-1	7.527956230E-2
1.600000000E0	9.081030750E-1	7.306000413E-2
1.610000000E0	9.023660562E-1	7.080108316E-2
1.620000000E0	8.966762043E-1	6.861043807E-2
1.630000000E0	8.907353814E-1	6.642296038E-2
1.640000000E0	8.846085778E-1	6.428471937E-2
1.650000000E0	8.781899477E-1	6.204077336E-2
1.660000000E0	8.715122002E-1	5.976732351E-2
1.670000000E0	8.648516558E-1	5.765325055E-2
1.680000000E0	8.581025350E-1	5.538682854E-2
1.690000000E0	8.511739334E-1	5.323470839E-2
1.700000000E0	8.439300631E-1	5.107916869E-2
1.710000000E0	8.365578294E-1	4.884674957E-2
1.720000000E0	8.290113556E-1	4.668349705E-2
1.730000000E0	8.214184110E-1	4.435755135E-2
1.740000000E0	8.137313274E-1	4.224967626E-2
1.750000000E0	8.055442308E-1	4.070109890E-2
1.760000000E0	7.975174261E-1	3.868047951E-2
1.770000000E0	7.896047171E-1	3.650271175E-2
1.780000000E0	7.811632958E-1	3.441990138E-2
1.790000000E0	7.731468938E-1	3.231641315E-2
1.800000000E0	7.644478439E-1	3.006314922E-2
1.810000000E0	7.558228016E-1	2.809578090E-2
1.820000000E0	7.472491658E-1	2.597914870E-2
1.830000000E0	7.382764758E-1	2.402744259E-2
1.840000000E0	7.293272322E-1	2.198829796E-2
1.850000000E0	7.203996656E-1	2.027932454E-2
1.860000000E0	7.114238550E-1	1.844239031E-2
1.870000000E0	7.019305849E-1	1.683572261E-2
1.880000000E0	6.926735774E-1	1.548735567E-2
1.890000000E0	6.831071351E-1	1.399617693E-2
1.900000000E0	6.737471877E-1	1.272270793E-2
1.910000000E0	6.641690090E-1	1.167304725E-2
1.920000000E0	6.545220900E-1	1.063440464E-2
1.930000000E0	6.449095427E-1	9.544807709E-3
1.940000000E0	6.351431569E-1	9.206236091E-3
1.950000000E0	6.257609420E-1	9.348851605E-3
1.960000000E0	6.161926712E-1	1.036533917E-2
1.970000000E0	6.067706512E-1	9.289999949E-3
1.980000000E0	5.970400540E-1	8.780277540E-3
1.990000000E0	5.875379018E-1	8.882703464E-3
2.000000000E0	5.779533673E-1	8.583945164E-3
2.010000000E0	5.683259691E-1	8.208520534E-3
2.020000000E0	5.587094405E-1	8.100466656E-3
2.030000000E0	5.491863301E-1	8.080926131E-3
2.040000000E0	5.396675920E-1	8.013467651E-3
2.050000000E0	5.300343212E-1	8.030592459E-3
2.060000000E0	5.206577258E-1	7.900413895E-3
2.070000000E0	5.111378576E-1	7.754049389E-3
2.080000000E0	5.016213314E-1	8.056781584E-3
2.090000000E0	4.921432131E-1	8.135988855E-3
2.100000000E0	4.825015528E-1	8.204782540E-3
2.110000000E0	4.730927943E-1	8.389482265E-3
2.120000000E0	4.637997932E-1	8.436458418E-3
2.130000000E0	4.544093673E-1	8.863320349E-3
2.140000000E0	4.450772499E-1	9.110993027E-3
2.150000000E0	4.357646131E-1	9.891267424E-3
2.160000000E0	4.267011804E-1	1.119511689E-2
2.170000000E0	4.174512366E-1	1.107887772E-2
2.180000000E0	4.085115103E-1	1.154573478E-2
2.190000000E0	3.996410337E-1	1.226426459E-2
2.200000000E0	3.905587366E-1	1.301494419E-2
2.210000000E0	3.819127889E-1	1.373374965E-2
2.220000000E0	3.729481684E-1	1.450446208E-2
2.230000000E0	3.643712815E-1	1.561184931E-2
2.240000000E0	3.556639471E-1	1.678686685E-2
2.250000000E0	3.469838050E-1	1.776210729E-2
2.260000000E0	3.383345338E-1	1.907579293E-2
2.270000000E0	3.301853211E-1	2.036087317E-2
2.280000000E0	3.218882565E-1	2.145942080E-2
2.290000000E0	3.137884721E-1	2.279796284E-2
2.300000000E0	3.058066840E-1	2.412633619E-2
2.310000000E0	2.980326535E-1	2.562253169E-2
2.320000000E0	2.902252926E-1	2.695298859E-2
2.330000000E0	2.828240005E-1	2.850979201E-2
2.340000000E0	2.751751361E-1	3.013590407E-2
2.350000000E0	2.676500432E-1	3.145486846E-2
2.360000000E0	2.605888274E-1	3.335456151E-2
2.370000000E0	2.532477898E-1	3.474090477E-2
2.380000000E0	2.464111349E-1	3.679419819E-2
2.390000000E0	2.397353230E-1	3.899728396E-2
2.400000000E0	2.334346165E-1	4.035368640E-2
2.410000000E0	2.270335437E-1	4.142250060E-2
2.420000000E0	2.209647126E-1	4.318727413E-2
2.430000000E0	2.147685821E-1	4.480043040E-2
2.440000000E0	2.088536369E-1	4.656621451E-2
2.450000000E0	2.033679961E-1	4.834648638E-2
2.460000000E0	1.977227942E-1	4.999428171E-2
2.470000000E0	1.923915808E-1	5.177491517E-2
2.480000000E0	1.870483700E-1	5.331286488E-2
2.490000000E0	1.817913105E-1	5.483852772E-2
2.500000000E0	1.769296777E-1	5.642896485E-2
2.510000000E0	1.721425376E-1	5.787447385E-2
2.520000000E0	1.673445678E-1	5.933650503E-2
2.530000000E0	1.629016720E-1	6.110319501E-2
2.540000000E0	1.585958159E-1	6.243343010E-2
2.550000000E0	1.544158704E-1	6.387248634E-2
2.560000000E0	1.505703092E-1	6.531555953E-2
2.570000000E0	1.472320315E-1	6.653721569E-2
2.580000000E0	1.438291469E-1	6.787987336E-2
2.590000000E0	1.406403842E-1	6.896268564E-2
2.600000000E0	1.374855423E-1	6.995868750E-2
2.610000000E0	1.348973730E-1	7.126147244E-2
2.620000000E0	1.321200126E-1	7.215139421E-2
2.630000000E0	1.297559441E-1	7.317710706E-2
2.640000000E0	1.275329220E-1	7.411132557E-2
2.650000000E0	1.254972587E-1	7.505792518E-2
2.660000000E0	1.234313240E-1	7.569186900E-2
2.670000000E0	1.219900915E-1	7.647052814E-2
2.680000000E0	1.207759609E-1	7.720741119E-2
2.690000000E0	1.194848339E-1	7.777039905E-2
2.700000000E0	1.186112683E-1	7.830482830E-2
2.710000000E0	1.176646976E-1	7.860243009E-2
2.720000000E0	1.172908065E-1	7.885755818E-2
2.730000000E0	1.166357403E-1	7.881780667E-2
2.740000000E0	1.164783280E-1	7.880727620E-2
2.750000000E0	1.164829512E-1	7.878663104E-2
2.760000000E0	1.165650433E-1	7.870766825E-2
2.770000000E0	1.170191106E-1	7.850951279E-2
2.780000000E0	1.175722854E-1	7.842516191E-2
2.790000000E0	1.185483387E-1	7.823600009E-2
2.800000000E0	1.195011461E-1	7.773587294E-2
2.810000000E0	1.208145849E-1	7.730300737E-2
2.820000000E0	1.220078062E-1	7.650022201E-2
2.830000000E0	1.239220939E-1	7.606513199E-2
2.840000000E0	1.257784096E-1	7.498750797E-2
2.850000000E0	1.275675475E-1	7.410429020E-2
2.860000000E0	1.298430348E-1	7.307289987E-2
2.870000000E0	1.321781085E-1	7.191707052E-2
2.880000000E0	1.349572517E-1	7.096314908E-2
2.890000000E0	1.376891457E-1	6.981281357E-2
2.900000000E0	1.407701934E-1	6.860648067E-2
2.910000000E0	1.440551042E-1	6.737461305E-2
2.920000000E0	1.474265605E-1	6.611894456E-2
2.930000000E0	1.509370773E-1	6.470252204E-2
2.940000000E0	1.549669242E-1	6.326332870E-2
2.950000000E0	1.590682797E-1	6.200224143E-2
2.960000000E0	1.633335356E-1	6.056712228E-2
2.970000000E0	1.675107319E-1	5.896046951E-2
2.980000000E0	1.719482072E-1	5.741141348E-2
2.990000000E0	1.767808606E-1	5.576339665E-2
3.000000000E0	1.816151999E-1	5.421730707E-2
3.010000000E0	1.866901028E-1	5.253045207E-2
3.020000000E0	1.918599056E-1	5.104017277E-2
3.030000000E0	1.970663209E-1	4.924637927E-2
3.040000000E0	2.025504025E-1	4.775377937E-2
3.050000000E0	2.081263290E-1	4.623734193E-2
3.060000000E0	2.137999952E-1	4.454647661E-2
3.070000000E0	2.198076210E-1	4.305667647E-2
3.080000000E0	2.257611578E-1	4.140566049E-2
3.090000000E0	2.320567179E-1	4.028569439E-2
3.100000000E0	2.384814269E-1	3.917054843E-2
3.110000000E0	2.452746729E-1	3.702382240E-2
3.120000000E0	2.519267577E-1	3.510911251E-2
3.130000000E0	2.587652657E-1	3.351694965E-2
3.140000000E0	2.655482073E-1	3.187398464E-2
3.150000000E0	2.726983269E-1	3.050716322E-2
3.160000000E0	2.798753513E-1	2.896224555E-2
3.170000000E0	2.871726849E-1	2.766965945E-2
3.180000000E0	2.944045291E-1	2.635240066E-2
3.190000000E0	3.017575465E-1	2.511814963E-2
3.200000000E0	3.093494014E-1	2.353885346E-2
3.210000000E0	3.171133587E-1	2.233323357E-2
3.220000000E0	3.247485596E-1	2.124209161E-2
3.230000000E0	3.324918844E-1	2.005129266E-2
3.240000000E0	3.402898531E-1	1.883913023E-2
3.250000000E0	3.481106613E-1	1.773926513E-2
3.260000000E0	3.561513001E-1	1.685954914E-2
3.270000000E0	3.643157447E-1	1.587722870E-2
3.280000000E0	3.723946054E-1	1.484717672E-2
3.290000000E0	3.806411465E-1	1.391728621E-2
3.300000000E0	3.888334704E-1	1.322201221E-2
3.310000000E0	3.972851896E-1	1.247617804E-2
3.320000000E0	4.054618315E-1	1.167914615E-2
3.330000000E0	4.138720965E-1	1.122781622E-2
3.340000000E0	4.220302247E-1	1.138089670E-2
3.350000000E0	4.305406300E-1	1.069386785E-2
3.360000000E0	4.389899600E-1	1.005706343E-2
3.370000000E0	4.473257533E-1	9.898265872E-3
3.380000000E0	4.559606127E-1	9.329825726E-3
3.390000000E0	4.646050720E-1	9.015090019E-3
3.400000000E0	4.729477635E-1	8.979198109E-3
3.410000000E0	4.813140014E-1	8.759982518E-3
3.420000000E0	4.898264994E-1	8.848095932E-3
3.430000000E0	4.983845187E-1	8.927692966E-3
3.440000000E0	5.066446611E-1	8.831787367E-3
3.450000000E0	5.151681517E-1	8.728558537E-3
3.460000000E0	5.234661948E-1	9.033230933E-3
3.470000000E0	5.319589007E-1	9.109593552E-3
3.480000000E0	5.403473575E-1	9.129594922E-3
3.490000000E0	5.486248350E-1	9.303937988E-3
3.500000000E0	5.570527038E-1	9.242499360E-3
3.510000000E0	5.652347472E-1	9.255063549E-3
3.520000000E0	5.736671523E-1	9.282679983E-3
3.530000000E0	5.817454312E-1	9.316702033E-3
3.540000000E0	5.901179600E-1	9.270936078E-3
3.550000000E0	5.982475983E-1	9.282611488E-3
3.560000000E0	6.066745414E-1	9.453424834E-3
3.570000000E0	6.146513293E-1	1.041161530E-2
3.580000000E0	6.228806446E-1	1.054659796E-2
3.590000000E0	6.310190299E-1	1.015630340E-2
3.600000000E0	6.390226655E-1	1.055755149E-2
3.610000000E0	6.470940694E-1	1.112818018E-2
3.620000000E0	6.551826626E-1	1.161014664E-2
3.630000000E0	6.629982276E-1	1.238665138E-2
3.640000000E0	6.707904584E-1	1.320647709E-2
3.650000000E0	6.786295639E-1	1.398893778E-2
3.660000000E0	6.861889094E-1	1.478575934E-2
3.670000000E0	6.934893704E-1	1.587979149E-2
3.680000000E0	7.007215308E-1	1.700647539E-2
3.690000000E0	7.079954150E-1	1.797859042E-2
3.700000000E0	7.151795655E-1	1.926637325E-2
3.710000000E0	7.222572303E-1	2.044000512E-2
3.720000000E0	7.291911286E-1	2.173586349E-2
3.730000000E0	7.359239523E-1	2.325225616E-2
3.740000000E0	7.425251958E-1	2.468511256E-2
3.750000000E0	7.491388673E-1	2.609681971E-2
3.760000000E0	7.555458403E-1	2.772810159E-2
3.770000000E0	7.619191938E-1	2.918272203E-2
3.780000000E0	7.679103571E-1	3.080609561E-2
3.790000000E0	7.740096054E-1	3.225559999E-2
3.800000000E0	7.798672063E-1	3.359879420E-2
3.810000000E0	7.854369634E-1	3.521368045E-2
3.820000000E0	7.910594059E-1	3.674370238E-2
3.830000000E0	7.963495423E-1	3.819298396E-2
3.840000000E0	8.017128940E-1	4.000335852E-2
3.850000000E0	8.069846802E-1	4.122895990E-2
3.860000000E0	8.119942622E-1	4.236957939E-2
3.870000000E0	8.170523261E-1	4.359053064E-2
3.880000000E0	8.218063454E-1	4.485515847E-2
3.890000000E0	8.262976553E-1	4.637856095E-2
3.900000000E0	8.306141992E-1	4.761466435E-2
3.910000000E0	8.349591220E-1	4.880589916E-2
3.920000000E0	8.392358068E-1	5.001888039E-2
3.930000000E0	8.429848847E-1	5.132626164E-2
3.940000000E0	8.467028013E-1	5.219763460E-2
3.950000000E0	8.502919892E-1	5.331043522E-2
3.960000000E0	8.537189681E-1	5.442367370E-2
3.970000000E0	8.570171438E-1	5.548142147E-2
3.980000000E0	8.601839126E-1	5.648406289E-2
3.990000000E0	8.631284711E-1	5.752264359E-2
4.000000000E0	8.659074693E-1	5.860049988E-2
4.010000000E0	8.685120110E-1	5.950365391E-2
4.020000000E0	8.710237117E-1	6.016084323E-2
4.030000000E0	8.733582018E-1	6.098236730E-2
4.040000000E0	8.755421642E-1	6.170350615E-2
4.050000000E0	8.776481906E-1	6.229074595E-2
4.060000000E0	8.791986147E-1	6.308845643E-2
4.070000000E0	8.809564803E-1	6.340568423E-2
4.080000000E0	8.823026009E-1	6.410426182E-2
4.090000000E0	8.836234549E-1	6.435110077E-2
4.100000000E0	8.845015362E-1	6.489929277E-2
4.110000000E0	8.855324456E-1	6.530968344E-2
4.120000000E0	8.864391757E-1	6.542979823E-2
4.130000000E0	8.868773430E-1	6.551111568E-2
4.140000000E0	8.874947449E-1	6.565561106E-2
4.150000000E0	8.877197253E-1	6.562640479E-2
4.160000000E0	8.877963668E-1	6.551848898E-2
4.170000000E0	8.877401300E-1	6.545146631E-2
4.180000000E0	8.874274197E-1	6.535537038E-2
4.190000000E0	8.867991411E-1	6.535478571E-2
4.200000000E0	8.860238796E-1	6.526755303E-2
4.210000000E0	8.853574957E-1	6.461112980E-2
4.220000000E0	8.843782607E-1	6.430526140E-2
4.230000000E0	8.830925498E-1	6.407172789E-2
4.240000000E0	8.819219582E-1	6.334519850E-2
4.250000000E0	8.801820534E-1	6.308743781E-2
4.260000000E0	8.786523861E-1	6.229202136E-2
4.270000000E0	8.767293417E-1	6.194400894E-2
4.280000000E0	8.745896151E-1	6.102367454E-2
4.290000000E0	8.724156264E-1	6.019314999E-2
4.300000000E0	8.699878745E-1	5.958953777E-2
4.310000000E0	8.675202418E-1	5.872981528E-2
4.320000000E0	8.647511068E-1	5.772859531E-2
4.330000000E0	8.620787205E-1	5.675510072E-2
4.340000000E0	8.591844199E-1	5.568154187E-2
4.350000000E0	8.559974674E-1	5.451704095E-2
4.360000000E0	8.526487307E-1	5.336947178E-2
4.370000000E0	8.492410674E-1	5.223339434E-2
4.380000000E0	8.456900726E-1	5.119595076E-2
4.390000000E0	8.417478452E-1	4.986596542E-2
4.400000000E0	8.380425459E-1	4.878598875E-2
4.410000000E0	8.338199396E-1	4.759105484E-2
4.420000000E0	8.295114413E-1	4.641391570E-2
4.430000000E0	8.250632820E-1	4.523267300E-2
4.440000000E0	8.205821013E-1	4.375562630E-2
4.450000000E0	8.159900023E-1	4.234733752E-2
4.460000000E0	8.109821989E-1	4.119046219E-2
4.470000000E0	8.060213949E-1	4.043551599E-2
4.480000000E0	8.008354179E-1	3.915444968E-2
4.490000000E0	7.957692302E-1	3.735057316E-2
4.500000000E0	7.904807030E-1	3.580269335E-2
4.510000000E0	7.851700666E-1	3.443488682E-2
4.520000000E0	7.795638782E-1	3.306347033E-2
4.530000000E0	7.741532806E-1	3.146104726E-2
4.540000000E0	7.681868427E-1	3.013878877E-2
4.550000000E0	7.622013871E-1	2.885500393E-2
4.560000000E0	7.562557950E-1	2.719218786E-2
4.570000000E0	7.501977233E-1	2.569770160E-2
4.580000000E0	7.437909667E-1	2.432411366E-2
4.590000000E0	7.372136750E-1	2.277807201E-2
4.600000000E0	7.306280520E-1	2.149847635E-2
4.610000000E0	7.241077487E-1	2.024424677E-2
4.620000000E0	7.172676171E-1	1.907106943E-2
4.630000000E0	7.104692644E-1	1.794250258E-2
4.640000000E0	7.037251954E-1	1.683813035E-2
4.650000000E0	6.967742905E-1	1.586841776E-2
4.660000000E0	6.896246280E-1	1.480682185E-2
4.670000000E0	6.824342556E-1	1.385700227E-2
4.680000000E0	6.753399843E-1	1.307630701E-2
4.690000000E0	6.683420268E-1	1.252003999E-2
4.700000000E0	6.609646521E-1	1.163955957E-2
4.710000000E0	6.534942670E-1	1.117858934E-2
4.720000000E0	6.464009603E-1	1.045262795E-2
4.730000000E0	6.388337225E-1	1.009582398E-2
4.740000000E0	6.312872040E-1	9.468614569E-3
4.750000000E0	6.238476951E-1	1.013975938E-2
4.760000000E0	6.163339451E-1	1.043556388E-2
4.770000000E0	6.091217772E-1	9.459416273E-3
4.780000000E0	6.015197300E-1	9.199381168E-3
4.790000000E0	5.944209049E-1	8.903971768E-3
4.800000000E0	5.869632241E-1	8.916954346E-3
4.810000000E0	5.794651499E-1	8.695886011E-3
4.820000000E0	5.720756412E-1	8.819331001E-3
4.830000000E0	5.647731651E-1	8.901253786E-3
4.840000000E0	5.573603292E-1	8.803398973E-3
4.850000000E0	5.498826843E-1	8.867967433E-3
4.860000000E0	5.425933902E-1	8.908921484E-3
4.870000000E0	5.352368236E-1	8.936003977E-3
4.880000000E0	5.278325807E-1	8.797860595E-3
4.890000000E0	5.206941613E-1	8.776641875E-3
4.900000000E0	5.132090415E-1	8.625222058E-3
4.910000000E0	5.057622992E-1	8.885082433E-3
4.920000000E0	4.986890200E-1	8.965252763E-3
4.930000000E0	4.912386788E-1	9.033585784E-3
4.940000000E0	4.838926054E-1	9.058794797E-3
4.950000000E0	4.767120863E-1	9.113451598E-3
4.960000000E0	4.693268304E-1	9.243532533E-3
4.970000000E0	4.623020596E-1	9.307118443E-3
4.980000000E0	4.549954997E-1	9.459308774E-3
4.990000000E0	4.479357440E-1	9.633617048E-3
5.000000000E0	4.407090745E-1	9.949384725E-3
5.010000000E0	4.336806446E-1	1.041943416E-2
5.020000000E0	4.266345282E-1	1.140230758E-2
5.030000000E0	4.196074855E-1	1.146012099E-2
5.040000000E0	4.128300144E-1	1.168067810E-2
5.050000000E0	4.061888502E-1	1.201265303E-2
5.060000000E0	3.996253729E-1	1.267703666E-2
5.070000000E0	3.927719617E-1	1.332670362E-2
5.080000000E0	3.863569993E-1	1.390300838E-2
5.090000000E0	3.798348012E-1	1.451192530E-2
5.100000000E0	3.732286174E-1	1.508967686E-2
5.110000000E0	3.667660765E-1	1.583786696E-2
5.120000000E0	3.602655193E-1	1.674157278E-2
5.130000000E0	3.538563687E-1	1.762954560E-2
5.140000000E0	3.478527295E-1	1.838951962E-2
5.150000000E0	3.417695158E-1	1.922700437E-2
5.160000000E0	3.357802078E-1	2.013932443E-2
5.170000000E0	3.299342480E-1	2.118240758E-2
5.180000000E0	3.240478527E-1	2.225979446E-2
5.190000000E0	3.182799992E-1	2.325675146E-2
5.200000000E0	3.127086906E-1	2.408123127E-2
5.210000000E0	3.072261570E-1	2.540718771E-2
5.220000000E0	3.019356768E-1	2.642625305E-2
5.230000000E0	2.965342806E-1	2.751823447E-2
5.240000000E0	2.915596744E-1	2.832434460E-2
5.250000000E0	2.863527900E-1	2.928471349E-2
5.260000000E0	2.815324706E-1	3.016784846E-2
5.270000000E0	2.766974242E-1	3.127493153E-2
5.280000000E0	2.718652654E-1	3.218846075E-2
5.290000000E0	2.674534458E-1	3.322470720E-2
5.300000000E0	2.630754187E-1	3.441454308E-2
5.310000000E0	2.586880838E-1	3.537795499E-2
5.320000000E0	2.544095458E-1	3.645059419E-2
5.330000000E0	2.502969155E-1	3.724392515E-2
5.340000000E0	2.464887603E-1	3.803195209E-2
5.350000000E0	2.429154429E-1	3.892631788E-2
5.360000000E0	2.391421303E-1	3.995998960E-2
5.370000000E0	2.356663008E-1	4.090968865E-2
5.380000000E0	2.322456684E-1	4.181769741E-2
5.390000000E0	2.290825647E-1	4.252078134E-2
5.400000000E0	2.263525074E-1	4.325840195E-2
5.410000000E0	2.234397671E-1	4.401630380E-2
5.420000000E0	2.207428560E-1	4.480391431E-2
5.430000000E0	2.183789009E-1	4.547270278E-2
5.440000000E0	2.156977576E-1	4.615467053E-2
5.450000000E0	2.133321573E-1	4.670494157E-2
5.460000000E0	2.112824778E-1	4.719767018E-2
5.470000000E0	2.091979251E-1	4.778254584E-2
5.480000000E0	2.073235112E-1	4.836758681E-2
5.490000000E0	2.056076053E-1	4.882463704E-2
5.500000000E0	2.039547002E-1	4.915742082E-2
5.510000000E0	2.025269658E-1	4.962833674E-2
5.520000000E0	2.012994511E-1	4.998307278E-2
5.530000000E0	2.002603907E-1	5.018060461E-2
5.540000000E0	1.993651482E-1	5.031380047E-2
5.550000000E0	1.986126885E-1	5.065093479E-2
5.560000000E0	1.979641920E-1	5.097914262E-2
5.570000000E0	1.975295468E-1	5.100299041E-2
5.580000000E0	1.969647940E-1	5.112960669E-2
5.590000000E0	1.969491905E-1	5.109234635E-2
5.600000000E0	1.968989160E-1	5.110181352E-2
5.610000000E0	1.970265580E-1	5.108836713E-2
5.620000000E0	1.971607529E-1	5.101734028E-2
5.630000000E0	1.976355010E-1	5.097112870E-2
5.640000000E0	1.982342397E-1	5.092619923E-2
5.650000000E0	1.990403798E-1	5.079453472E-2
5.660000000E0	2.000552512E-1	5.063736336E-2
5.670000000E0	2.010129921E-1	5.030599921E-2
5.680000000E0	2.023258134E-1	4.993965925E-2
5.690000000E0	2.035986757E-1	4.959098850E-2
5.700000000E0	2.049962839E-1	4.921127611E-2
5.710000000E0	2.066560901E-1	4.873429664E-2
5.720000000E0	2.082728417E-1	4.798131833E-2
5.730000000E0	2.102213269E-1	4.747302461E-2
5.740000000E0	2.123509779E-1	4.671540018E-2
5.750000000E0	2.145421203E-1	4.633302671E-2
5.760000000E0	2.168416503E-1	4.555161153E-2
5.770000000E0	2.192154204E-1	4.477254522E-2
5.780000000E0	2.220176558E-1	4.392418918E-2
5.790000000E0	2.247023636E-1	4.337832034E-2
5.800000000E0	2.276391699E-1	4.245436044E-2
5.810000000E0	2.307074223E-1	4.172759292E-2
5.820000000E0	2.341366448E-1	4.094177914E-2
5.830000000E0	2.375685844E-1	4.018619031E-2
5.840000000E0	2.410995506E-1	3.927494487E-2
5.850000000E0	2.446320309E-1	3.848552790E-2
5.860000000E0	2.484528881E-1	3.747904130E-2
5.870000000E0	2.522856042E-1	3.651507155E-2
5.880000000E0	2.564046141E-1	3.561552139E-2
5.890000000E0	2.605908749E-1	3.463019929E-2
5.900000000E0	2.650177737E-1	3.346120089E-2
5.910000000E0	2.694429286E-1	3.239729822E-2
5.920000000E0	2.740135647E-1	3.146459536E-2
5.930000000E0	2.784882609E-1	3.068910455E-2
5.940000000E0	2.830233184E-1	2.983836883E-2
5.950000000E0	2.877258623E-1	2.897357479E-2
5.960000000E0	2.927539853E-1	2.792426772E-2
5.970000000E0	2.977345637E-1	2.703117882E-2
5.980000000E0	3.028115142E-1	2.604578102E-2
5.990000000E0	3.079877290E-1	2.491705329E-2
6.000000000E0	3.133547135E-1	2.384535837E-2
6.010000000E0	3.186161486E-1	2.301601073E-2
6.020000000E0	3.239166574E-1	2.222900094E-2
6.030000000E0	3.294440935E-1	2.119712342E-2
6.040000000E0	3.349903062E-1	2.026627828E-2
6.050000000E0	3.407567070E-1	1.925347819E-2
6.060000000E0	3.466141164E-1	1.832480749E-2
6.070000000E0	3.524154195E-1	1.753713016E-2
6.080000000E0	3.583219028E-1	1.681886008E-2
6.090000000E0	3.643945068E-1	1.604555750E-2
6.100000000E0	3.703910320E-1	1.532772320E-2
6.110000000E0	3.765394611E-1	1.486568334E-2
6.120000000E0	3.828098052E-1	1.435447879E-2
6.130000000E0	3.889307468E-1	1.363329889E-2
6.140000000E0	3.952141521E-1	1.322563017E-2
6.150000000E0	4.016585195E-1	1.272215609E-2
6.160000000E0	4.077129763E-1	1.218511814E-2
6.170000000E0	4.140960560E-1	1.161802447E-2
6.180000000E0	4.205045072E-1	1.148816917E-2
6.190000000E0	4.269068167E-1	1.123466402E-2
6.200000000E0	4.335544927E-1	1.086544887E-2
6.210000000E0	4.401741150E-1	1.051363545E-2
6.220000000E0	4.467860754E-1	1.015416777E-2
6.230000000E0	4.534129255E-1	9.831671019E-3
6.240000000E0	4.601969962E-1	9.627756846E-3
6.250000000E0	4.668513842E-1	9.330584076E-3
6.260000000E0	4.734581308E-1	9.176950435E-3
6.270000000E0	4.800725471E-1	9.002221276E-3
6.280000000E0	4.866506130E-1	8.940885633E-3
6.290000000E0	4.932475075E-1	8.983667602E-3
6.300000000E0	4.999269824E-1	8.925450637E-3
6.310000000E0	5.065275979E-1	8.959393731E-3
6.320000000E0	5.130776812E-1	9.063306246E-3
6.330000000E0	5.196860448E-1	9.035912231E-3
6.340000000E0	5.262236270E-1	9.078300354E-3
6.350000000E0	5.327637650E-1	9.067846079E-3
6.360000000E0	5.392782672E-1	9.045705277E-3
6.370000000E0	5.459697686E-1	9.112645547E-3
6.380000000E0	5.524363112E-1	9.158534840E-3
6.390000000E0	5.589020149E-1	9.299098242E-3
6.400000000E0	5.651407493E-1	9.232840211E-3
6.410000000E0	5.715806840E-1	9.351962950E-3
6.420000000E0	5.779169650E-1	9.275254460E-3
6.430000000E0	5.841800321E-1	9.425632038E-3
6.440000000E0	5.904654875E-1	9.406361297E-3
6.450000000E0	5.968651410E-1	9.348633731E-3
6.460000000E0	6.032105539E-1	9.513947165E-3
6.470000000E0	6.092740111E-1	9.919975338E-3
6.480000000E0	6.155939075E-1	1.045512412E-2
6.490000000E0	6.217705567E-1	1.063524745E-2
6.500000000E0	6.279341282E-1	1.047195320E-2
6.510000000E0	6.342720469E-1	1.040566137E-2
6.520000000E0	6.401603955E-1	1.094064440E-2
6.530000000E0	6.464081839E-1	1.131756229E-2
6.540000000E0	6.522237988E-1	1.208974520E-2
6.550000000E0	6.583844676E-1	1.238290468E-2
6.560000000E0	6.643428814E-1	1.297054769E-2
6.570000000E0	6.701415702E-1	1.354221737E-2
6.580000000E0	6.759302573E-1	1.382945546E-2
6.590000000E0	6.817098549E-1	1.460007114E-2
6.600000000E0	6.873286685E-1	1.550156523E-2
6.610000000E0	6.929665010E-1	1.600760042E-2
6.620000000E0	6.983955267E-1	1.687004323E-2
6.630000000E0	7.037868240E-1	1.769583587E-2
6.640000000E0	7.092713275E-1	1.847173351E-2
6.650000000E0	7.142952979E-1	1.928197249E-2
6.660000000E0	7.191666843E-1	2.009376670E-2
6.670000000E0	7.238880748E-1	2.114020426E-2
6.680000000E0	7.289448431E-1	2.211306540E-2
6.690000000E0	7.335976923E-1	2.308837155E-2
6.700000000E0	7.380583278E-1	2.419804267E-2
6.710000000E0	7.424202267E-1	2.522972584E-2
6.720000000E0	7.469101058E-1	2.614601526E-2
6.730000000E0	7.511654238E-1	2.690409506E-2
6.740000000E0	7.553395697E-1	2.785586287E-2
6.750000000E0	7.591487578E-1	2.895708876E-2
6.760000000E0	7.630361616E-1	2.970975410E-2
6.770000000E0	7.668786448E-1	3.061158337E-2
6.780000000E0	7.706846031E-1	3.120406419E-2
6.790000000E0	7.741592795E-1	3.215270214E-2
6.800000000E0	7.775500666E-1	3.319942787E-2
6.810000000E0	7.808788977E-1	3.385735478E-2
6.820000000E0	7.840772582E-1	3.448672534E-2
6.830000000E0	7.870081514E-1	3.530605759E-2
6.840000000E0	7.897545559E-1	3.586775573E-2
6.850000000E0	7.922075772E-1	3.675311136E-2
6.860000000E0	7.947367241E-1	3.760342986E-2
6.870000000E0	7.972074868E-1	3.815368617E-2
6.880000000E0	7.994878063E-1	3.893233137E-2
6.890000000E0	8.015182214E-1	3.958112004E-2
6.900000000E0	8.038831002E-1	4.013564363E-2
6.910000000E0	8.054448050E-1	4.079379147E-2
6.920000000E0	8.073403917E-1	4.119441333E-2
6.930000000E0	8.086256999E-1	4.182633224E-2
6.940000000E0	8.104966647E-1	4.210908788E-2
6.950000000E0	8.117574706E-1	4.233552317E-2
6.960000000E0	8.128011959E-1	4.282724706E-2
6.970000000E0	8.139396954E-1	4.324805401E-2
6.980000000E0	8.150084530E-1	4.335348981E-2
6.990000000E0	8.158989055E-1	4.342082143E-2
7.000000000E0	8.164153575E-1	4.385890917E-2
7.010000000E0	8.170925953E-1	4.349071911E-2
7.020000000E0	8.173777998E-1	4.384843245E-2
7.030000000E0	8.173866072E-1	4.392397853E-2
7.040000000E0	8.173816333E-1	4.409542026E-2
7.050000000E0	8.173257734E-1	4.418725609E-2
7.060000000E0	8.171886354E-1	4.421700608E-2
7.070000000E0	8.168115288E-1	4.427367766E-2
7.080000000E0	8.161067434E-1	4.404165017E-2
7.090000000E0	8.159054122E-1	4.343725447E-2
7.100000000E0	8.150371215E-1	4.337835524E-2
7.110000000E0	8.140002780E-1	4.328677133E-2
7.120000000E0	8.128276257E-1	4.314213056E-2
7.130000000E0	8.116654320E-1	4.281707500E-2
7.140000000E0	8.105762054E-1	4.226551377E-2
7.150000000E0	8.088293653E-1	4.218310890E-2
7.160000000E0	8.073656969E-1	4.148129275E-2
7.170000000E0	8.053391964E-1	4.115539470E-2
7.180000000E0	8.031311204E-1	4.077322841E-2
7.190000000E0	8.014312280E-1	4.007383212E-2
7.200000000E0	7.995212597E-1	3.935581417E-2
7.210000000E0	7.971201572E-1	3.876385771E-2
7.220000000E0	7.949041659E-1	3.796358017E-2
7.230000000E0	7.920167567E-1	3.760161830E-2
7.240000000E0	7.896086903E-1	3.674145256E-2
7.250000000E0	7.867834687E-1	3.607081249E-2
7.260000000E0	7.835413589E-1	3.539106798E-2
7.270000000E0	7.806646463E-1	3.453653921E-2
7.280000000E0	7.775246943E-1	3.358607139E-2
7.290000000E0	7.743460538E-1	3.275746349E-2
7.300000000E0	7.707184058E-1	3.200942563E-2
7.310000000E0	7.672665577E-1	3.111154683E-2
7.320000000E0	7.635372970E-1	3.030573934E-2
7.330000000E0	7.599460965E-1	2.933172009E-2
7.340000000E0	7.558419256E-1	2.857144994E-2
7.350000000E0	7.521141359E-1	2.770639470E-2
7.360000000E0	7.479583319E-1	2.672213017E-2
7.370000000E0	7.437502204E-1	2.584748611E-2
7.380000000E0	7.394112959E-1	2.486096347E-2
7.390000000E0	7.349289514E-1	2.379071360E-2
7.400000000E0	7.304102516E-1	2.292393108E-2
7.410000000E0	7.257167759E-1	2.199568708E-2
7.420000000E0	7.211426648E-1	2.112351479E-2
7.430000000E0	7.161995798E-1	2.029672932E-2
7.440000000E0	7.113818859E-1	1.941931497E-2
7.450000000E0	7.061610422E-1	1.881152474E-2
7.460000000E0	7.011563000E-1	1.792528257E-2
7.470000000E0	6.960619768E-1	1.723076680E-2
7.480000000E0	6.906673954E-1	1.650003105E-2
7.490000000E0	6.853353076E-1	1.591873090E-2
7.500000000E0	6.797363475E-1	1.531051286E-2
7.510000000E0	6.742633617E-1	1.474599725E-2
7.520000000E0	6.687337020E-1	1.430404631E-2
7.530000000E0	6.631827441E-1	1.374740046E-2
7.540000000E0	6.575540128E-1	1.335036534E-2
7.550000000E0	6.520153197E-1	1.277131040E-2
7.560000000E0	6.464219296E-1	1.235302764E-2
7.570000000E0	6.407680923E-1	1.206405300E-2
7.580000000E0	6.352276706E-1	1.164176523E-2
7.590000000E0	6.296883716E-1	1.134235656E-2
7.600000000E0	6.237408010E-1	1.132076157E-2
7.610000000E0	6.179547420E-1	1.117820555E-2
7.620000000E0	6.122921845E-1	1.115281290E-2
7.630000000E0	6.066930739E-1	1.091865595E-2
7.640000000E0	6.009843929E-1	1.098702781E-2
7.650000000E0	5.954364749E-1	1.090531103E-2
7.660000000E0	5.896004576E-1	1.110227770E-2
7.670000000E0	5.838760677E-1	1.107485305E-2
7.680000000E0	5.781554013E-1	1.094024604E-2
7.690000000E0	5.724006460E-1	1.103099660E-2
7.700000000E0	5.665931158E-1	1.105933602E-2
7.710000000E0	5.606397977E-1	1.101785691E-2
7.720000000E0	5.549561173E-1	1.106595873E-2
7.730000000E0	5.494056011E-1	1.097404306E-2
7.740000000E0	5.436746748E-1	1.101761255E-2
7.750000000E0	5.378479480E-1	1.113666286E-2
7.760000000E0	5.320664235E-1	1.113356788E-2
7.770000000E0	5.263996057E-1	1.110954568E-2
7.780000000E0	5.208159789E-1	1.102410955E-2
7.790000000E0	5.152055798E-1	1.094922070E-2
7.800000000E0	5.095781054E-1	1.099527577E-2
7.810000000E0	5.040123594E-1	1.094107677E-2
7.820000000E0	4.982830424E-1	1.116887776E-2
7.830000000E0	4.924858903E-1	1.122295714E-2
7.840000000E0	4.868739931E-1	1.123720275E-2
7.850000000E0	4.812805000E-1	1.125514726E-2
7.860000000E0	4.757501092E-1	1.126112462E-2
7.870000000E0	4.701977240E-1	1.129944141E-2
7.880000000E0	4.646912815E-1	1.133972637E-2
7.890000000E0	4.591890133E-1	1.138743653E-2
7.900000000E0	4.537016637E-1	1.146159226E-2
7.910000000E0	4.482355969E-1	1.152433485E-2
7.920000000E0	4.426576178E-1	1.157204642E-2
7.930000000E0	4.373090157E-1	1.184027967E-2
7.940000000E0	4.316530311E-1	1.215357162E-2
7.950000000E0	4.263217534E-1	1.251604596E-2
7.960000000E0	4.212293508E-1	1.275956165E-2
7.970000000E0	4.161177464E-1	1.307012955E-2
7.980000000E0	4.111217160E-1	1.353756574E-2
7.990000000E0	4.061241804E-1	1.380035498E-2
8.000000000E0	4.009874385E-1	1.434419592E-2
8.010000000E0	3.960799849E-1	1.450476374E-2
8.020000000E0	3.912580290E-1	1.522228247E-2
8.030000000E0	3.864203083E-1	1.545611681E-2
8.040000000E0	3.816400086E-1	1.563972373E-2
8.050000000E0	3.765748312E-1	1.638689875E-2
8.060000000E0	3.721184556E-1	1.681744636E-2
8.070000000E0	3.676869729E-1	1.710833641E-2
8.080000000E0	3.631501443E-1	1.768702615E-2
8.090000000E0	3.587068206E-1	1.817221450E-2
8.100000000E0	3.542551913E-1	1.881413390E-2
8.110000000E0	3.500859021E-1	1.925039216E-2
8.120000000E0	3.457499178E-1	2.001791521E-2
8.130000000E0	3.413180150E-1	2.080584553E-2
8.140000000E0	3.373364767E-1	2.142260691E-2
8.150000000E0	3.333513405E-1	2.186996179E-2
8.160000000E0	3.295657214E-1	2.271730399E-2
8.170000000E0	3.257499397E-1	2.322037523E-2
8.180000000E0	3.223099304E-1	2.358576475E-2
8.190000000E0	3.184314740E-1	2.455799197E-2
8.200000000E0	3.150212812E-1	2.504081047E-2
8.210000000E0	3.115744403E-1	2.556221966E-2
8.220000000E0	3.083602756E-1	2.609394156E-2
8.230000000E0	3.050520931E-1	2.669013476E-2
8.240000000E0	3.017652641E-1	2.742772712E-2
8.250000000E0	2.990320347E-1	2.769795930E-2
8.260000000E0	2.962953415E-1	2.826423712E-2
8.270000000E0	2.934939661E-1	2.854836277E-2
8.280000000E0	2.909370931E-1	2.926691007E-2
8.290000000E0	2.883886049E-1	2.966538349E-2
8.300000000E0	2.861929244E-1	3.010277873E-2
8.310000000E0	2.839864772E-1	3.038601232E-2
8.320000000E0	2.817327996E-1	3.099802192E-2
8.330000000E0	2.796400010E-1	3.124010940E-2
8.340000000E0	2.774644091E-1	3.190971285E-2
8.350000000E0	2.756652884E-1	3.234070936E-2
8.360000000E0	2.740904947E-1	3.236797703E-2
8.370000000E0	2.726857791E-1	3.244896589E-2
8.380000000E0	2.709008041E-1	3.317473366E-2
8.390000000E0	2.696563564E-1	3.336018825E-2
8.400000000E0	2.685655283E-1	3.354621364E-2
8.410000000E0	2.674756153E-1	3.383856466E-2
8.420000000E0	2.663427149E-1	3.412718538E-2
8.430000000E0	2.653807826E-1	3.446570176E-2
8.440000000E0	2.647177626E-1	3.483457728E-2
8.450000000E0	2.641470004E-1	3.455539403E-2
8.460000000E0	2.632142189E-1	3.515150306E-2
8.470000000E0	2.630120208E-1	3.511625850E-2
8.480000000E0	2.628989877E-1	3.505159844E-2
8.490000000E0	2.628006860E-1	3.494985601E-2
8.500000000E0	2.629515376E-1	3.471280235E-2
8.510000000E0	2.630415095E-1	3.468691363E-2
8.520000000E0	2.631329048E-1	3.469403782E-2
8.530000000E0	2.632724209E-1	3.461964615E-2
8.540000000E0	2.639449283E-1	3.449137804E-2
8.550000000E0	2.643240994E-1	3.450624991E-2
8.560000000E0	2.651490290E-1	3.428685517E-2
8.570000000E0	2.656758407E-1	3.438466630E-2
8.580000000E0	2.664950370E-1	3.424933873E-2
8.590000000E0	2.676019851E-1	3.395204820E-2
8.600000000E0	2.686780809E-1	3.346880389E-2
8.610000000E0	2.697696202E-1	3.327117568E-2
8.620000000E0	2.710248868E-1	3.321088035E-2
8.630000000E0	2.728377248E-1	3.268121948E-2
8.640000000E0	2.742186623E-1	3.233382327E-2
8.650000000E0	2.760395957E-1	3.192631499E-2
8.660000000E0	2.776086629E-1	3.194952633E-2
8.670000000E0	2.796523730E-1	3.136345562E-2
8.680000000E0	2.817603935E-1	3.090025094E-2
8.690000000E0	2.840148492E-1	3.028952315E-2
8.700000000E0	2.861476972E-1	2.983622016E-2
8.710000000E0	2.885125243E-1	2.923499895E-2
8.720000000E0	2.907987795E-1	2.877987515E-2
8.730000000E0	2.935001198E-1	2.790423199E-2
8.740000000E0	2.961508617E-1	2.769963363E-2
8.750000000E0	2.991557021E-1	2.683396252E-2
8.760000000E0	3.017634675E-1	2.646724889E-2
8.770000000E0	3.049688228E-1	2.572637940E-2
8.780000000E0	3.081213574E-1	2.499218861E-2
8.790000000E0	3.113410585E-1	2.440522520E-2
8.800000000E0	3.147302700E-1	2.373899218E-2
8.810000000E0	3.181046118E-1	2.336394214E-2
8.820000000E0	3.215391155E-1	2.265425671E-2
8.830000000E0	3.248720512E-1	2.217712897E-2
8.840000000E0	3.287249196E-1	2.138194358E-2
8.850000000E0	3.324856868E-1	2.115385232E-2
8.860000000E0	3.364676328E-1	2.025848934E-2
8.870000000E0	3.402466652E-1	2.001084676E-2
8.880000000E0	3.444445100E-1	1.921361463E-2
8.890000000E0	3.483293814E-1	1.905283668E-2
8.900000000E0	3.524311830E-1	1.825763493E-2
8.910000000E0	3.566018788E-1	1.774229155E-2
8.920000000E0	3.610711807E-1	1.703768915E-2
8.930000000E0	3.653044629E-1	1.661688515E-2
8.940000000E0	3.698363158E-1	1.606429798E-2
8.950000000E0	3.742147021E-1	1.560623083E-2
8.960000000E0	3.787453866E-1	1.502087868E-2
8.970000000E0	3.832440986E-1	1.458883909E-2
8.980000000E0	3.876609408E-1	1.424362618E-2
8.990000000E0	3.921217750E-1	1.389495620E-2
9.000000000E0	3.967346471E-1	1.348073918E-2
9.010000000E0	4.013388711E-1	1.295845419E-2
9.020000000E0	4.060591178E-1	1.233640079E-2
9.030000000E0	4.107218647E-1	1.203371073E-2
9.040000000E0	4.154962099E-1	1.178870547E-2
9.050000000E0	4.204637066E-1	1.135288426E-2
9.060000000E0	4.251974617E-1	1.138184234E-2
9.070000000E0	4.303983117E-1	1.079341842E-2
9.080000000E0	4.352248136E-1	1.040597476E-2
9.090000000E0	4.402634564E-1	1.010691457E-2
9.100000000E0	4.451662255E-1	1.009329291E-2
9.110000000E0	4.502207649E-1	9.776968783E-3
9.120000000E0	4.550723898E-1	9.936219880E-3
9.130000000E0	4.601413329E-1	9.741069899E-3
9.140000000E0	4.649509365E-1	1.004550713E-2
9.150000000E0	4.701216715E-1	9.740352402E-3
9.160000000E0	4.755091102E-1	9.398000330E-3
9.170000000E0	4.804582905E-1	9.687921417E-3
9.180000000E0	4.856208129E-1	9.255190358E-3
9.190000000E0	4.904479963E-1	9.237017121E-3
9.200000000E0	4.955532141E-1	9.103182663E-3
9.210000000E0	5.005872712E-1	9.190673907E-3
9.220000000E0	5.054951771E-1	9.099538250E-3
9.230000000E0	5.106597393E-1	8.978504412E-3
9.240000000E0	5.155710628E-1	9.160302511E-3
9.250000000E0	5.208265738E-1	9.025017887E-3
9.260000000E0	5.257874609E-1	9.261412666E-3
9.270000000E0	5.308524654E-1	9.113882679E-3
9.280000000E0	5.358185237E-1	9.278004297E-3
9.290000000E0	5.407753057E-1	9.202502764E-3
9.300000000E0	5.459239448E-1	9.111685308E-3
9.310000000E0	5.508437397E-1	9.377781302E-3
9.320000000E0	5.560062926E-1	9.188082918E-3
9.330000000E0	5.607934811E-1	9.366986919E-3
9.340000000E0	5.659097517E-1	9.272288635E-3
9.350000000E0	5.707116366E-1	9.348344637E-3
9.360000000E0	5.757239201E-1	9.315868029E-3
9.370000000E0	5.805871863E-1	9.483427003E-3
9.380000000E0	5.853324378E-1	9.532115106E-3
9.390000000E0	5.901956878E-1	9.394772322E-3
9.400000000E0	5.949955352E-1	9.425905035E-3
9.410000000E0	5.998606078E-1	9.393840211E-3
9.420000000E0	6.046582288E-1	9.490458662E-3
9.430000000E0	6.092554620E-1	9.721395820E-3
9.440000000E0	6.137871078E-1	1.042793619E-2
9.450000000E0	6.186243491E-1	1.041892759E-2
9.460000000E0	6.234223910E-1	1.041616261E-2
9.470000000E0	6.280361912E-1	1.039939256E-2
9.480000000E0	6.329228161E-1	1.027958208E-2
9.490000000E0	6.377372628E-1	1.045235984E-2
9.500000000E0	6.422960805E-1	1.067233181E-2
9.510000000E0	6.466905940E-1	1.097520405E-2
9.520000000E0	6.512059449E-1	1.139445404E-2
9.530000000E0	6.558343144E-1	1.173291282E-2
9.540000000E0	6.600556310E-1	1.207712548E-2
9.550000000E0	6.643507325E-1	1.250052224E-2
9.560000000E0	6.687133351E-1	1.277848407E-2
9.570000000E0	6.730032782E-1	1.339936376E-2
