mass_A
t	x	y
0.000000000E0	-4.084586999E-4	1.407314909E-1
1.000000000E-2	-2.851542604E-4	1.407483623E-1
2.000000000E-2	1.043008103E-4	1.406468577E-1
3.000000000E-2	9.889577496E-4	1.403122310E-1
4.000000000E-2	1.632490480E-3	1.396262739E-1
5.000000000E-2	2.926013655E-3	1.386280003E-1
6.000000000E-2	4.474554650E-3	1.374216931E-1
7.000000000E-2	6.309295629E-3	1.362495138E-1
8.000000000E-2	8.230475013E-3	1.345852910E-1
9.000000000E-2	1.085743097E-2	1.328501974E-1
1.000000000E-1	1.348433384E-2	1.309439205E-1
1.100000000E-1	1.652863455E-2	1.287132497E-1
1.200000000E-1	1.974758717E-2	1.264653066E-1
1.300000000E-1	2.326617817E-2	1.241555978E-1
1.400000000E-1	2.723941670E-2	1.218104614E-1
1.500000000E-1	3.133194980E-2	1.191200697E-1
1.600000000E-1	3.614386652E-2	1.162473370E-1
1.700000000E-1	4.092393337E-2	1.132661736E-1
1.800000000E-1	4.652190165E-2	1.119803778E-1
1.900000000E-1	5.234439520E-2	1.099914652E-1
2.000000000E-1	5.798103496E-2	1.061651544E-1
2.100000000E-1	6.370068845E-2	1.014142012E-1
2.200000000E-1	6.960860333E-2	9.759329065E-2
2.300000000E-1	7.606378623E-2	9.416044394E-2
2.400000000E-1	8.268409651E-2	9.072983867E-2
2.500000000E-1	8.963505540E-2	8.763136180E-2
2.600000000E-1	9.671946620E-2	8.419607167E-2
2.700000000E-1	1.040663578E-1	8.085803937E-2
2.800000000E-1	1.116498741E-1	7.759164104E-2
2.900000000E-1	1.194335416E-1	7.414716432E-2
3.000000000E-1	1.275868031E-1	7.100384225E-2
3.100000000E-1	1.359949974E-1	6.779174474E-2
3.200000000E-1	1.444815289E-1	6.448141621E-2
3.300000000E-1	1.530447244E-1	6.131355220E-2
3.400000000E-1	1.618714746E-1	5.809426782E-2
3.500000000E-1	1.707589812E-1	5.490648318E-2
3.600000000E-1	1.796094175E-1	5.215646628E-2
3.700000000E-1	1.887844451E-1	4.939598779E-2
3.800000000E-1	1.980645643E-1	4.680709736E-2
3.900000000E-1	2.072556576E-1	4.405677599E-2
4.000000000E-1	2.167908267E-1	4.137323478E-2
4.100000000E-1	2.261938718E-1	3.921010675E-2
4.200000000E-1	2.363339571E-1	3.952732376E-2
4.300000000E-1	2.467071357E-1	3.522838648E-2
4.400000000E-1	2.565408937E-1	3.144735670E-2
4.500000000E-1	2.672744138E-1	2.911771573E-2
4.600000000E-1	2.778162346E-1	2.684449464E-2
4.700000000E-1	2.883658834E-1	2.471640523E-2
4.800000000E-1	2.988794854E-1	2.275816953E-2
4.900000000E-1	3.095198266E-1	2.074124814E-2
5.000000000E-1	3.203317185E-1	1.896564434E-2
5.100000000E-1	3.311062239E-1	1.719937909E-2
5.200000000E-1	3.422327459E-1	1.553359757E-2
5.300000000E-1	3.534937179E-1	1.389686624E-2
5.400000000E-1	3.646518792E-1	1.264691878E-2
5.500000000E-1	3.758662726E-1	1.152573547E-2
5.600000000E-1	3.872598257E-1	1.049398104E-2
5.700000000E-1	3.985664509E-1	9.356847779E-3
5.800000000E-1	4.097322624E-1	8.571413927E-3
5.900000000E-1	4.203257524E-1	9.429901886E-3
6.000000000E-1	4.311888092E-1	1.035531732E-2
6.100000000E-1	4.429342511E-1	6.898769610E-3
6.200000000E-1	4.545681761E-1	6.212886115E-3
6.300000000E-1	4.659637890E-1	6.033092636E-3
6.400000000E-1	4.773046074E-1	5.890499987E-3
6.500000000E-1	4.888754310E-1	5.892651526E-3
6.600000000E-1	5.003598339E-1	5.799409889E-3
6.700000000E-1	5.116437611E-1	5.953956000E-3
6.800000000E-1	5.227615026E-1	5.931886606E-3
6.900000000E-1	5.338354466E-1	6.120541674E-3
7.000000000E-1	5.447627647E-1	6.237843403E-3
7.100000000E-1	5.558058308E-1	6.285987978E-3
7.200000000E-1	5.668797978E-1	6.294578696E-3
7.300000000E-1	5.777563291E-1	6.309589581E-3
7.400000000E-1	5.888064911E-1	6.605885883E-3
7.500000000E-1	5.998128132E-1	6.986374159E-3
7.600000000E-1	6.103737703E-1	8.565328075E-3
7.700000000E-1	6.216462784E-1	9.872562707E-3
7.800000000E-1	6.328499350E-1	7.962675173E-3
7.900000000E-1	6.439757105E-1	8.409534782E-3
8.000000000E-1	6.548561439E-1	9.452137858E-3
8.100000000E-1	6.655123031E-1	1.043624723E-2
8.200000000E-1	6.760422778E-1	1.148887356E-2
8.300000000E-1	6.865837598E-1	1.271954975E-2
8.400000000E-1	6.968991903E-1	1.402199597E-2
8.500000000E-1	7.073522477E-1	1.584200718E-2
8.600000000E-1	7.176753399E-1	1.737144163E-2
8.700000000E-1	7.277273257E-1	1.937256725E-2
8.800000000E-1	7.377966388E-1	2.130099079E-2
8.900000000E-1	7.473915817E-1	2.312425430E-2
9.000000000E-1	7.568813458E-1	2.516224921E-2
9.100000000E-1	7.662947123E-1	2.727969044E-2
9.200000000E-1	7.753777820E-1	2.942710623E-2
9.300000000E-1	7.842171830E-1	3.168689517E-2
9.400000000E-1	7.926712958E-1	3.452879476E-2
9.500000000E-1	8.004829805E-1	3.849648307E-2
9.600000000E-1	8.095794942E-1	4.035152813E-2
9.700000000E-1	8.180623035E-1	4.105759906E-2
9.800000000E-1	8.268306746E-1	4.328811107E-2
9.900000000E-1	8.354958457E-1	4.572662414E-2
1.000000000E0	8.434173193E-1	4.814378276E-2
1.010000000E0	8.510921381E-1	5.039880889E-2
1.020000000E0	8.583201064E-1	5.253325179E-2
1.030000000E0	8.654788903E-1	5.484692239E-2
1.040000000E0	8.722691832E-1	5.725376196E-2
1.050000000E0	8.787985585E-1	5.975271378E-2
1.060000000E0	8.853279685E-1	6.227551913E-2
1.070000000E0	8.917122894E-1	6.460759406E-2
1.080000000E0	8.977231742E-1	6.691907710E-2
1.090000000E0	9.037259682E-1	6.920204651E-2
1.100000000E0	9.095063276E-1	7.145634108E-2
1.110000000E0	9.149843852E-1	7.379493528E-2
1.120000000E0	9.203481437E-1	7.607467366E-2
1.130000000E0	9.252120246E-1	7.853108675E-2
1.140000000E0	9.300925988E-1	8.091789336E-2
1.150000000E0	9.348081527E-1	8.326576360E-2
1.160000000E0	9.392324811E-1	8.549840868E-2
1.170000000E0	9.431444028E-1	8.767785545E-2
1.180000000E0	9.468866481E-1	8.977403357E-2
1.190000000E0	9.503584761E-1	9.145169122E-2
1.200000000E0	9.535536045E-1	9.310043069E-2
1.210000000E0	9.564067186E-1	9.432047498E-2
1.220000000E0	9.591002939E-1	9.546208405E-2
1.230000000E0	9.614013978E-1	9.658045929E-2
1.240000000E0	9.635606216E-1	9.768247764E-2
1.250000000E0	9.654254288E-1	9.870910159E-2
1.260000000E0	9.670640670E-1	9.959540504E-2
1.270000000E0	9.682986315E-1	1.000945512E-1
1.280000000E0	9.693422829E-1	1.008784922E-1
1.290000000E0	9.703259329E-1	1.011048401E-1
1.300000000E0	9.711874859E-1	1.013834969E-1
1.310000000E0	9.715489512E-1	1.015804581E-1
1.320000000E0	9.716439648E-1	1.019024878E-1
1.330000000E0	9.715537379E-1	1.019097625E-1
1.340000000E0	9.713978620E-1	1.014932943E-1
1.350000000E0	9.708793775E-1	1.010505985E-1
1.360000000E0	9.702141443E-1	1.007579694E-1
1.370000000E0	9.691971082E-1	1.000122923E-1
1.380000000E0	9.679544077E-1	9.915889016E-2
1.390000000E0	9.661538616E-1	9.838055194E-2
1.400000000E0	9.644151953E-1	9.754614006E-2
1.410000000E0	9.624173963E-1	9.649822650E-2
1.420000000E0	9.601543590E-1	9.531503756E-2
1.430000000E0	9.575174349E-1	9.409180550E-2
1.440000000E0	9.548147814E-1	9.255557937E-2
1.450000000E0	9.517274553E-1	9.111268631E-2
1.460000000E0	9.485961403E-1	8.962680271E-2
1.470000000E0	9.451451293E-1	8.793194208E-2
1.480000000E0	9.416728852E-1	8.644189613E-2
1.490000000E0	9.381676188E-1	8.454011884E-2
1.500000000E0	9.341561955E-1	8.263435911E-2
1.510000000E0	9.301718452E-1	8.082521394E-2
1.520000000E0	9.260877792E-1	7.895222838E-2
1.530000000E0	9.216479503E-1	7.694298047E-2
1.540000000E0	9.170683143E-1	7.504500402E-2
1.550000000E0	9.120581524E-1	7.313001343E-2
1.560000000E0	9.071771905E-1	7.114012774E-2
1.570000000E0	9.018697067E-1	6.900129260E-2
1.580000000E0	8.964178381E-1	6.684938841E-2
1.590000000E0	8.908726768E-1	6.470922702E-2
1.600000000E0	8.851734184E-1	6.257281354E-2
1.610000000E0	8.792103644E-1	6.042208745E-2
1.620000000E0	8.730869377E-1	5.819228344E-2
1.630000000E0	8.666780181E-1	5.609565914E-2
1.640000000E0	8.602091963E-1	5.397080156E-2
1.650000000E0	8.535073048E-1	5.215655824E-2
1.660000000E0	8.467680997E-1	5.022910254E-2
1.670000000E0	8.400615963E-1	4.806594609E-2
1.680000000E0	8.331196455E-1	4.584517786E-2
1.690000000E0	8.257804759E-1	4.365347320E-2
1.700000000E0	8.184207124E-1	4.145176374E-2
1.710000000E0	8.110992148E-1	4.002936812E-2
1.720000000E0	8.029867920E-1	3.919104277E-2
1.730000000E0	7.953045096E-1	3.615737627E-2
1.740000000E0	7.878489581E-1	3.349158712E-2
1.750000000E0	7.799297279E-1	3.114180726E-2
1.760000000E0	7.717418815E-1	2.913122721E-2
1.770000000E0	7.636039747E-1	2.706720643E-2
1.780000000E0	7.552374408E-1	2.497161535E-2
1.790000000E0	7.468250966E-1	2.293419180E-2
1.800000000E0	7.383648574E-1	2.126445244E-2
1.810000000E0	7.297221533E-1	1.938737136E-2
1.820000000E0	7.209021606E-1	1.757062174E-2
1.830000000E0	7.121000738E-1	1.599957125E-2
1.840000000E0	7.031683680E-1	1.471904160E-2
1.850000000E0	6.940764227E-1	1.360080949E-2
1.860000000E0	6.848038506E-1	1.224927655E-2
1.870000000E0	6.755078476E-1	1.134566939E-2
1.880000000E0	6.660689386E-1	1.037273456E-2
1.890000000E0	6.567961432E-1	9.484146787E-3
1.900000000E0	6.473087961E-1	8.555637466E-3
1.910000000E0	6.378555154E-1	8.268960688E-3
1.920000000E0	6.286987284E-1	8.398145196E-3
1.930000000E0	6.186902565E-1	1.032254580E-2
1.940000000E0	6.093931264E-1	8.560767963E-3
1.950000000E0	6.004884109E-1	7.610747921E-3
1.960000000E0	5.912003091E-1	7.098904586E-3
1.970000000E0	5.818033844E-1	6.952723493E-3
1.980000000E0	5.722098375E-1	6.935322880E-3
1.990000000E0	5.628445386E-1	6.926094877E-3
2.000000000E0	5.533089548E-1	6.597678577E-3
2.010000000E0	5.440411343E-1	6.274500300E-3
2.020000000E0	5.346828198E-1	6.183774523E-3
2.030000000E0	5.255380616E-1	6.190594319E-3
2.040000000E0	5.162470634E-1	6.162602832E-3
2.050000000E0	5.069810054E-1	6.195492206E-3
2.060000000E0	4.978741549E-1	6.198314858E-3
2.070000000E0	4.885390438E-1	6.171127213E-3
2.080000000E0	4.793228217E-1	6.190803134E-3
2.090000000E0	4.703428214E-1	6.342154570E-3
2.100000000E0	4.609854225E-1	6.753229470E-3
2.110000000E0	4.516580928E-1	7.245553771E-3
2.120000000E0	4.424863428E-1	7.456558211E-3
2.130000000E0	4.340271472E-1	8.901410864E-3
2.140000000E0	4.248104322E-1	1.072612665E-2
2.150000000E0	4.158784547E-1	9.525519348E-3
2.160000000E0	4.075274170E-1	1.019227329E-2
2.170000000E0	3.987758116E-1	1.065912384E-2
2.180000000E0	3.901043123E-1	1.131089132E-2
2.190000000E0	3.813344792E-1	1.188011556E-2
2.200000000E0	3.725919368E-1	1.274920112E-2
2.210000000E0	3.641449514E-1	1.376024015E-2
2.220000000E0	3.558906756E-1	1.483411117E-2
2.230000000E0	3.475290400E-1	1.600530283E-2
2.240000000E0	3.392403412E-1	1.723392584E-2
2.250000000E0	3.308657711E-1	1.836838697E-2
2.260000000E0	3.228042267E-1	1.949213446E-2
2.270000000E0	3.150034563E-1	2.073674633E-2
2.280000000E0	3.071915955E-1	2.212300644E-2
2.290000000E0	2.997155742E-1	2.354494758E-2
2.300000000E0	2.921509628E-1	2.491405444E-2
2.310000000E0	2.850438619E-1	2.625712375E-2
2.320000000E0	2.777905319E-1	2.800900720E-2
2.330000000E0	2.707799157E-1	2.935756587E-2
2.340000000E0	2.637461233E-1	3.070675881E-2
2.350000000E0	2.566928586E-1	3.240995531E-2
2.360000000E0	2.503108823E-1	3.392067988E-2
2.370000000E0	2.442012402E-1	3.638486460E-2
2.380000000E0	2.376082917E-1	3.913174035E-2
2.390000000E0	2.313953764E-1	4.003498949E-2
2.400000000E0	2.248075558E-1	4.069797241E-2
2.410000000E0	2.191419381E-1	4.243953348E-2
2.420000000E0	2.134130756E-1	4.372959581E-2
2.430000000E0	2.077197897E-1	4.491694203E-2
2.440000000E0	2.022403243E-1	4.639765250E-2
2.450000000E0	1.971230917E-1	4.779656825E-2
2.460000000E0	1.918449732E-1	4.917370381E-2
2.470000000E0	1.869781731E-1	5.067219508E-2
2.480000000E0	1.825236100E-1	5.224430518E-2
2.490000000E0	1.781193283E-1	5.360499695E-2
2.500000000E0	1.738751996E-1	5.492427672E-2
2.510000000E0	1.696181100E-1	5.630745591E-2
2.520000000E0	1.660104176E-1	5.770958046E-2
2.530000000E0	1.621211924E-1	5.895916053E-2
2.540000000E0	1.584521670E-1	6.020855150E-2
2.550000000E0	1.550948664E-1	6.134270905E-2
2.560000000E0	1.518060873E-1	6.246205775E-2
2.570000000E0	1.486902095E-1	6.351708869E-2
2.580000000E0	1.460321727E-1	6.459692437E-2
2.590000000E0	1.432905972E-1	6.559557548E-2
2.600000000E0	1.408591156E-1	6.665950069E-2
2.610000000E0	1.386047079E-1	6.755837643E-2
2.620000000E0	1.363310228E-1	6.825563770E-2
2.630000000E0	1.343489486E-1	6.901910943E-2
2.640000000E0	1.329150653E-1	6.996515212E-2
2.650000000E0	1.311275811E-1	7.023682295E-2
2.660000000E0	1.298612048E-1	7.107073630E-2
2.670000000E0	1.286183763E-1	7.134905265E-2
2.680000000E0	1.278301484E-1	7.181031924E-2
2.690000000E0	1.270003197E-1	7.237128346E-2
2.700000000E0	1.264449129E-1	7.239040933E-2
2.710000000E0	1.260857481E-1	7.260328348E-2
2.720000000E0	1.258404262E-1	7.242175574E-2
2.730000000E0	1.257360218E-1	7.240216272E-2
2.740000000E0	1.259419929E-1	7.245381200E-2
2.750000000E0	1.264879251E-1	7.232138434E-2
2.760000000E0	1.273386154E-1	7.228102065E-2
2.770000000E0	1.282506619E-1	7.214295792E-2
2.780000000E0	1.289725591E-1	7.136175995E-2
2.790000000E0	1.303786726E-1	7.119419912E-2
2.800000000E0	1.317509046E-1	7.037726302E-2
2.810000000E0	1.334214703E-1	6.985843095E-2
2.820000000E0	1.351312942E-1	6.908534692E-2
2.830000000E0	1.369933899E-1	6.827919491E-2
2.840000000E0	1.395703994E-1	6.763742078E-2
2.850000000E0	1.418404838E-1	6.674931487E-2
2.860000000E0	1.441886390E-1	6.571573891E-2
2.870000000E0	1.470287842E-1	6.473863647E-2
2.880000000E0	1.498746663E-1	6.357031295E-2
2.890000000E0	1.529297820E-1	6.249531047E-2
2.900000000E0	1.562170548E-1	6.132514613E-2
2.910000000E0	1.595743583E-1	6.018795600E-2
2.920000000E0	1.630716627E-1	5.901118342E-2
2.930000000E0	1.670393491E-1	5.790490771E-2
2.940000000E0	1.708395411E-1	5.654599581E-2
2.950000000E0	1.748221096E-1	5.505204482E-2
2.960000000E0	1.791991583E-1	5.364114531E-2
2.970000000E0	1.836003420E-1	5.234449484E-2
2.980000000E0	1.881014775E-1	5.083451835E-2
2.990000000E0	1.927519097E-1	4.924025522E-2
3.000000000E0	1.977994640E-1	4.795071931E-2
3.010000000E0	2.027291211E-1	4.634849841E-2
3.020000000E0	2.080515869E-1	4.480647523E-2
3.030000000E0	2.135132546E-1	4.347217096E-2
3.040000000E0	2.189844985E-1	4.187810834E-2
3.050000000E0	2.246789344E-1	4.039107117E-2
3.060000000E0	2.302465788E-1	3.960916609E-2
3.070000000E0	2.366048409E-1	3.917123436E-2
3.080000000E0	2.429665851E-1	3.715610460E-2
3.090000000E0	2.489469451E-1	3.456847138E-2
3.100000000E0	2.551736344E-1	3.266103047E-2
3.110000000E0	2.618711602E-1	3.111984472E-2
3.120000000E0	2.685062906E-1	2.960551857E-2
3.130000000E0	2.752346790E-1	2.812168575E-2
3.140000000E0	2.819427525E-1	2.677426964E-2
3.150000000E0	2.886640868E-1	2.531925013E-2
3.160000000E0	2.954838210E-1	2.383432182E-2
3.170000000E0	3.026866429E-1	2.261520059E-2
3.180000000E0	3.096203987E-1	2.141444969E-2
3.190000000E0	3.170606804E-1	2.027298544E-2
3.200000000E0	3.245153292E-1	1.924487248E-2
3.210000000E0	3.320802603E-1	1.817904940E-2
3.220000000E0	3.394733730E-1	1.715159777E-2
3.230000000E0	3.471843171E-1	1.605480726E-2
3.240000000E0	3.548639640E-1	1.500877511E-2
3.250000000E0	3.625464425E-1	1.403803152E-2
3.260000000E0	3.703547224E-1	1.317647158E-2
3.270000000E0	3.780909895E-1	1.258932025E-2
3.280000000E0	3.859929457E-1	1.178739117E-2
3.290000000E0	3.938850366E-1	1.140135101E-2
3.300000000E0	4.016352162E-1	1.068593429E-2
3.310000000E0	4.093450800E-1	1.039915800E-2
3.320000000E0	4.170823723E-1	1.029941399E-2
3.330000000E0	4.249296785E-1	1.090216417E-2
3.340000000E0	4.331769027E-1	9.704492799E-3
3.350000000E0	4.413824668E-1	8.243293934E-3
3.360000000E0	4.496428737E-1	7.889482572E-3
3.370000000E0	4.581756701E-1	7.622849562E-3
3.380000000E0	4.663337819E-1	7.244053671E-3
3.390000000E0	4.743423454E-1	7.117749714E-3
3.400000000E0	4.824491237E-1	6.948657563E-3
3.410000000E0	4.905102130E-1	7.084294301E-3
3.420000000E0	4.984403330E-1	7.098764803E-3
3.430000000E0	5.066597602E-1	7.064341972E-3
3.440000000E0	5.146530000E-1	7.129758759E-3
3.450000000E0	5.225198995E-1	7.159872208E-3
3.460000000E0	5.306433658E-1	7.145949656E-3
3.470000000E0	5.385898998E-1	7.245980239E-3
3.480000000E0	5.466357221E-1	7.275139479E-3
3.490000000E0	5.545663515E-1	7.284071890E-3
3.500000000E0	5.625987173E-1	7.380017013E-3
3.510000000E0	5.706455149E-1	7.424068029E-3
3.520000000E0	5.786898926E-1	7.443273359E-3
3.530000000E0	5.865060489E-1	7.503928637E-3
3.540000000E0	5.942344873E-1	7.645208707E-3
3.550000000E0	6.020694012E-1	7.997078328E-3
3.560000000E0	6.094728571E-1	8.653661446E-3
3.570000000E0	6.169703133E-1	1.021663349E-2
3.580000000E0	6.252038407E-1	9.461986774E-3
3.590000000E0	6.330865450E-1	8.459460617E-3
3.600000000E0	6.408114478E-1	8.515218905E-3
3.610000000E0	6.486201996E-1	8.920060695E-3
3.620000000E0	6.560362372E-1	9.421732600E-3
3.630000000E0	6.636072595E-1	1.000822562E-2
3.640000000E0	6.711014270E-1	1.063126404E-2
3.650000000E0	6.783263038E-1	1.160779390E-2
3.660000000E0	6.855025656E-1	1.263906910E-2
3.670000000E0	6.925269722E-1	1.353939965E-2
3.680000000E0	6.996892408E-1	1.467492949E-2
3.690000000E0	7.066612267E-1	1.597722643E-2
3.700000000E0	7.133976912E-1	1.719145161E-2
3.710000000E0	7.199803172E-1	1.832725681E-2
3.720000000E0	7.265695371E-1	1.953433794E-2
3.730000000E0	7.331129559E-1	2.080430117E-2
3.740000000E0	7.395210323E-1	2.212154987E-2
3.750000000E0	7.456445391E-1	2.342800217E-2
3.760000000E0	7.517834423E-1	2.483742747E-2
3.770000000E0	7.576159935E-1	2.606721038E-2
3.780000000E0	7.635845587E-1	2.736763300E-2
3.790000000E0	7.694237578E-1	2.889846283E-2
3.800000000E0	7.749717509E-1	3.037073166E-2
3.810000000E0	7.804369648E-1	3.165095705E-2
3.820000000E0	7.857281158E-1	3.317235279E-2
3.830000000E0	7.907758358E-1	3.459934024E-2
3.840000000E0	7.953537640E-1	3.617153045E-2
3.850000000E0	7.998620850E-1	3.816499463E-2
3.860000000E0	8.048567542E-1	3.955596350E-2
3.870000000E0	8.095403438E-1	4.041231690E-2
3.880000000E0	8.138466218E-1	4.114483583E-2
3.890000000E0	8.180447615E-1	4.214091997E-2
3.900000000E0	8.223530077E-1	4.329100111E-2
3.910000000E0	8.264475576E-1	4.439350447E-2
3.920000000E0	8.304649149E-1	4.563247856E-2
3.930000000E0	8.344113514E-1	4.676115229E-2
3.940000000E0	8.378824799E-1	4.790161457E-2
3.950000000E0	8.412215603E-1	4.899366668E-2
3.960000000E0	8.444515886E-1	5.001007330E-2
3.970000000E0	8.474779643E-1	5.093167220E-2
3.980000000E0	8.502609468E-1	5.183221933E-2
3.990000000E0	8.530819244E-1	5.255985443E-2
4.000000000E0	8.555558049E-1	5.347112791E-2
4.010000000E0	8.579067165E-1	5.419482725E-2
4.020000000E0	8.600197473E-1	5.482837414E-2
4.030000000E0	8.621611597E-1	5.569901485E-2
4.040000000E0	8.640923410E-1	5.620254503E-2
4.050000000E0	8.656626567E-1	5.679757674E-2
4.060000000E0	8.672139362E-1	5.711806016E-2
4.070000000E0	8.687383178E-1	5.779282638E-2
4.080000000E0	8.698801442E-1	5.806082470E-2
4.090000000E0	8.709119499E-1	5.848941414E-2
4.100000000E0	8.719040054E-1	5.889441391E-2
4.110000000E0	8.725019403E-1	5.909917292E-2
4.120000000E0	8.730921981E-1	5.920789185E-2
4.130000000E0	8.733079145E-1	5.929376759E-2
4.140000000E0	8.734176919E-1	5.938194637E-2
4.150000000E0	8.733403965E-1	5.932974003E-2
4.160000000E0	8.732376140E-1	5.924029241E-2
4.170000000E0	8.730550993E-1	5.920229895E-2
4.180000000E0	8.723751199E-1	5.913657002E-2
4.190000000E0	8.718616802E-1	5.905547464E-2
4.200000000E0	8.709830506E-1	5.893240993E-2
4.210000000E0	8.699791064E-1	5.878336341E-2
4.220000000E0	8.687730519E-1	5.826969707E-2
4.230000000E0	8.675889413E-1	5.799069851E-2
4.240000000E0	8.660262160E-1	5.769354845E-2
4.250000000E0	8.644691392E-1	5.714115613E-2
4.260000000E0	8.629509303E-1	5.675542604E-2
4.270000000E0	8.610388724E-1	5.584635421E-2
4.280000000E0	8.589507044E-1	5.511344542E-2
4.290000000E0	8.567950121E-1	5.445441462E-2
4.300000000E0	8.544910785E-1	5.358271228E-2
4.310000000E0	8.521516780E-1	5.263681646E-2
4.320000000E0	8.496553424E-1	5.190534774E-2
4.330000000E0	8.468463868E-1	5.089498490E-2
4.340000000E0	8.440658625E-1	5.012744721E-2
4.350000000E0	8.411284798E-1	4.914127731E-2
4.360000000E0	8.378741875E-1	4.808452168E-2
4.370000000E0	8.345454238E-1	4.696591235E-2
4.380000000E0	8.309835770E-1	4.589015615E-2
4.390000000E0	8.272516620E-1	4.475219810E-2
4.400000000E0	8.235204263E-1	4.361343130E-2
4.410000000E0	8.195119128E-1	4.247148259E-2
4.420000000E0	8.153927912E-1	4.124194491E-2
4.430000000E0	8.113153815E-1	4.046794026E-2
4.440000000E0	8.067666734E-1	3.971312812E-2
4.450000000E0	8.019657510E-1	3.855649906E-2
4.460000000E0	7.971347995E-1	3.698636329E-2
4.470000000E0	7.924308470E-1	3.528179740E-2
4.480000000E0	7.874720249E-1	3.377229476E-2
4.490000000E0	7.824709914E-1	3.247105939E-2
4.500000000E0	7.773217560E-1	3.118348536E-2
4.510000000E0	7.718201562E-1	2.976143983E-2
4.520000000E0	7.663200609E-1	2.821980419E-2
4.530000000E0	7.607404651E-1	2.704458757E-2
4.540000000E0	7.550961781E-1	2.583214451E-2
4.550000000E0	7.494743835E-1	2.462425826E-2
4.560000000E0	7.436086475E-1	2.344058043E-2
4.570000000E0	7.375960661E-1	2.200560695E-2
4.580000000E0	7.315451533E-1	2.071056783E-2
4.590000000E0	7.253867904E-1	1.943928941E-2
4.600000000E0	7.189900138E-1	1.826822330E-2
4.610000000E0	7.125398045E-1	1.715843338E-2
4.620000000E0	7.058759315E-1	1.603346738E-2
4.630000000E0	6.990748672E-1	1.501903770E-2
4.640000000E0	6.923293272E-1	1.397749251E-2
4.650000000E0	6.855960545E-1	1.294294941E-2
4.660000000E0	6.788320714E-1	1.205822181E-2
4.670000000E0	6.720286013E-1	1.144978775E-2
4.680000000E0	6.649697767E-1	1.057269368E-2
4.690000000E0	6.580264108E-1	9.911625189E-3
4.700000000E0	6.511473765E-1	9.402813554E-3
4.710000000E0	6.439516991E-1	8.697115725E-3
4.720000000E0	6.369795298E-1	8.398909463E-3
4.730000000E0	6.300828678E-1	8.273251984E-3
4.740000000E0	6.230037015E-1	9.309250730E-3
4.750000000E0	6.154583474E-1	9.789252979E-3
4.760000000E0	6.084900544E-1	8.358117034E-3
4.770000000E0	6.017774993E-1	8.029454818E-3
4.780000000E0	5.950015039E-1	7.880617568E-3
4.790000000E0	5.876817942E-1	7.513293449E-3
4.800000000E0	5.806411518E-1	7.339228692E-3
4.810000000E0	5.733865091E-1	7.112666403E-3
4.820000000E0	5.663390649E-1	7.198498285E-3
4.830000000E0	5.590508307E-1	7.101164022E-3
4.840000000E0	5.520247363E-1	7.100418611E-3
4.850000000E0	5.450653856E-1	7.125536737E-3
4.860000000E0	5.380607480E-1	7.153568722E-3
4.870000000E0	5.311519057E-1	7.186109757E-3
4.880000000E0	5.241854975E-1	7.223402548E-3
4.890000000E0	5.171587584E-1	7.195091437E-3
4.900000000E0	5.102121576E-1	7.241944533E-3
4.910000000E0	5.033492216E-1	7.258605091E-3
4.920000000E0	4.962788359E-1	7.268706933E-3
4.930000000E0	4.892913166E-1	7.318724950E-3
4.940000000E0	4.823706071E-1	7.382669769E-3
4.950000000E0	4.754609113E-1	7.454332451E-3
4.960000000E0	4.683675409E-1	7.676969143E-3
4.970000000E0	4.616037844E-1	7.930396950E-3
4.980000000E0	4.548108293E-1	8.305306557E-3
4.990000000E0	4.476959868E-1	8.493004939E-3
5.000000000E0	4.409654534E-1	8.771822040E-3
5.010000000E0	4.344092532E-1	9.644351075E-3
5.020000000E0	4.277002039E-1	1.075879898E-2
5.030000000E0	4.209641466E-1	1.064971336E-2
5.040000000E0	4.144933122E-1	1.045183259E-2
5.050000000E0	4.080212121E-1	1.065235941E-2
5.060000000E0	4.014915140E-1	1.084863812E-2
5.070000000E0	3.952187550E-1	1.143200148E-2
5.080000000E0	3.888005223E-1	1.181330551E-2
5.090000000E0	3.824028096E-1	1.221591282E-2
5.100000000E0	3.761295871E-1	1.265745636E-2
5.110000000E0	3.698058087E-1	1.327549484E-2
5.120000000E0	3.637498253E-1	1.383014780E-2
5.130000000E0	3.577924308E-1	1.476829610E-2
5.140000000E0	3.516694761E-1	1.518434130E-2
5.150000000E0	3.458639956E-1	1.605532950E-2
5.160000000E0	3.401246009E-1	1.702821482E-2
5.170000000E0	3.343137321E-1	1.759307289E-2
5.180000000E0	3.285285730E-1	1.833143225E-2
5.190000000E0	3.231872871E-1	1.927871236E-2
5.200000000E0	3.180291773E-1	2.022242403E-2
5.210000000E0	3.128377307E-1	2.124621330E-2
5.220000000E0	3.075557142E-1	2.189948897E-2
5.230000000E0	3.027392000E-1	2.280950246E-2
5.240000000E0	2.979484243E-1	2.374788648E-2
5.250000000E0	2.929906804E-1	2.480075718E-2
5.260000000E0	2.884852169E-1	2.585615101E-2
5.270000000E0	2.840120597E-1	2.685834135E-2
5.280000000E0	2.796375234E-1	2.781921729E-2
5.290000000E0	2.752895374E-1	2.849533479E-2
5.300000000E0	2.710007839E-1	2.935116668E-2
5.310000000E0	2.668002379E-1	3.032770855E-2
5.320000000E0	2.629786488E-1	3.130706382E-2
5.330000000E0	2.590107800E-1	3.197105220E-2
5.340000000E0	2.553064164E-1	3.282458544E-2
5.350000000E0	2.518797692E-1	3.369978311E-2
5.360000000E0	2.488436452E-1	3.476623971E-2
5.370000000E0	2.457689861E-1	3.604902437E-2
5.380000000E0	2.426929702E-1	3.724677813E-2
5.390000000E0	2.394973451E-1	3.817990269E-2
5.400000000E0	2.367299834E-1	3.914319317E-2
5.410000000E0	2.338372392E-1	3.963491234E-2
5.420000000E0	2.311909316E-1	4.023724226E-2
5.430000000E0	2.286326837E-1	4.066499339E-2
5.440000000E0	2.263107182E-1	4.129168496E-2
5.450000000E0	2.240909682E-1	4.171774264E-2
5.460000000E0	2.224201825E-1	4.217364698E-2
5.470000000E0	2.202445891E-1	4.263284499E-2
5.480000000E0	2.182256318E-1	4.283849807E-2
5.490000000E0	2.169275943E-1	4.337155992E-2
5.500000000E0	2.152122168E-1	4.356435861E-2
5.510000000E0	2.136020833E-1	4.394081969E-2
5.520000000E0	2.125948266E-1	4.442831567E-2
5.530000000E0	2.114954623E-1	4.469817910E-2
5.540000000E0	2.104107336E-1	4.480087701E-2
5.550000000E0	2.094686756E-1	4.482389394E-2
5.560000000E0	2.089465684E-1	4.502503008E-2
5.570000000E0	2.083545491E-1	4.490026009E-2
5.580000000E0	2.080623980E-1	4.494031735E-2
5.590000000E0	2.080177008E-1	4.491172469E-2
5.600000000E0	2.080438929E-1	4.486823574E-2
5.610000000E0	2.081691107E-1	4.479424471E-2
5.620000000E0	2.084210963E-1	4.473338045E-2
5.630000000E0	2.091232211E-1	4.474141168E-2
5.640000000E0	2.097365099E-1	4.473909539E-2
5.650000000E0	2.106219697E-1	4.445900934E-2
5.660000000E0	2.115723398E-1	4.423702603E-2
5.670000000E0	2.124704340E-1	4.388840375E-2
5.680000000E0	2.137710639E-1	4.361426683E-2
5.690000000E0	2.154044848E-1	4.346303840E-2
5.700000000E0	2.168458682E-1	4.279790344E-2
5.710000000E0	2.186211994E-1	4.262244763E-2
5.720000000E0	2.203208998E-1	4.189172303E-2
5.730000000E0	2.224395604E-1	4.142638108E-2
5.740000000E0	2.244580203E-1	4.067605327E-2
5.750000000E0	2.268388572E-1	4.031169651E-2
5.760000000E0	2.292525637E-1	3.992315059E-2
5.770000000E0	2.316218641E-1	3.955092755E-2
5.780000000E0	2.344572475E-1	3.941938454E-2
5.790000000E0	2.374047162E-1	3.905104051E-2
5.800000000E0	2.404419754E-1	3.828999666E-2
5.810000000E0	2.433974219E-1	3.723776320E-2
5.820000000E0	2.465486567E-1	3.600403788E-2
5.830000000E0	2.498443104E-1	3.484420624E-2
5.840000000E0	2.532639394E-1	3.389863008E-2
5.850000000E0	2.568261280E-1	3.294373161E-2
5.860000000E0	2.605714659E-1	3.196543744E-2
5.870000000E0	2.644745118E-1	3.090151953E-2
5.880000000E0	2.684811142E-1	2.998001956E-2
5.890000000E0	2.725799898E-1	2.919367912E-2
5.900000000E0	2.764785199E-1	2.830146732E-2
5.910000000E0	2.807068614E-1	2.740945417E-2
5.920000000E0	2.851016948E-1	2.643664993E-2
5.930000000E0	2.895572785E-1	2.555181835E-2
5.940000000E0	2.940421211E-1	2.481812895E-2
5.950000000E0	2.985560575E-1	2.382921301E-2
5.960000000E0	3.031713770E-1	2.287905271E-2
5.970000000E0	3.079177274E-1	2.189865502E-2
5.980000000E0	3.129120654E-1	2.099215761E-2
5.990000000E0	3.180214455E-1	2.011313793E-2
6.000000000E0	3.229647439E-1	1.935636540E-2
6.010000000E0	3.282224659E-1	1.838895870E-2
6.020000000E0	3.335545070E-1	1.768385433E-2
6.030000000E0	3.390264136E-1	1.701083816E-2
6.040000000E0	3.446090210E-1	1.611269194E-2
6.050000000E0	3.501926772E-1	1.530704786E-2
6.060000000E0	3.558280909E-1	1.478013325E-2
6.070000000E0	3.614549934E-1	1.396205169E-2
6.080000000E0	3.670709016E-1	1.341119971E-2
6.090000000E0	3.727446045E-1	1.281912859E-2
6.100000000E0	3.785834689E-1	1.236389657E-2
6.110000000E0	3.845235067E-1	1.179231164E-2
6.120000000E0	3.903623262E-1	1.151405863E-2
6.130000000E0	3.963021923E-1	1.097771988E-2
6.140000000E0	4.022297463E-1	1.056492169E-2
6.150000000E0	4.081218099E-1	1.029756278E-2
6.160000000E0	4.140438115E-1	9.922447516E-3
6.170000000E0	4.196520090E-1	1.000231518E-2
6.180000000E0	4.259471507E-1	1.071261820E-2
6.190000000E0	4.321847938E-1	9.881940865E-3
6.200000000E0	4.384016417E-1	8.438759455E-3
6.210000000E0	4.445288508E-1	7.977719476E-3
6.220000000E0	4.507581865E-1	7.594183442E-3
6.230000000E0	4.572213821E-1	7.262832828E-3
6.240000000E0	4.635918453E-1	7.189571652E-3
6.250000000E0	4.697475193E-1	7.147891934E-3
6.260000000E0	4.760180994E-1	7.040635327E-3
6.270000000E0	4.824168095E-1	6.957894587E-3
6.280000000E0	4.885672025E-1	7.063593092E-3
6.290000000E0	4.948004830E-1	7.092634941E-3
6.300000000E0	5.010256997E-1	7.138279826E-3
6.310000000E0	5.071267176E-1	7.196329395E-3
6.320000000E0	5.134615350E-1	7.247546692E-3
6.330000000E0	5.193883098E-1	7.232527312E-3
6.340000000E0	5.256412169E-1	7.259287402E-3
6.350000000E0	5.316090594E-1	7.261126807E-3
6.360000000E0	5.377900860E-1	7.242595324E-3
6.370000000E0	5.437059160E-1	7.274580764E-3
6.380000000E0	5.499141426E-1	7.299485273E-3
6.390000000E0	5.559199561E-1	7.301749269E-3
6.400000000E0	5.620634458E-1	7.334355379E-3
6.410000000E0	5.681507234E-1	7.395431114E-3
6.420000000E0	5.742348558E-1	7.413453927E-3
6.430000000E0	5.803072565E-1	7.438187017E-3
6.440000000E0	5.862882814E-1	7.484936067E-3
6.450000000E0	5.921624822E-1	7.519450914E-3
6.460000000E0	5.982281433E-1	7.613857452E-3
6.470000000E0	6.041337622E-1	7.664612886E-3
6.480000000E0	6.097585093E-1	8.311956040E-3
6.490000000E0	6.153277210E-1	9.621860195E-3
6.500000000E0	6.215447967E-1	9.600906382E-3
6.510000000E0	6.273381960E-1	9.132504058E-3
6.520000000E0	6.335702107E-1	8.552574101E-3
6.530000000E0	6.393940579E-1	8.492936508E-3
6.540000000E0	6.454442946E-1	8.561688855E-3
6.550000000E0	6.513093563E-1	9.107815229E-3
6.560000000E0	6.569786889E-1	9.472612147E-3
6.570000000E0	6.625307637E-1	9.846541319E-3
6.580000000E0	6.680672229E-1	1.042607593E-2
6.590000000E0	6.735035031E-1	1.090412531E-2
6.600000000E0	6.788304221E-1	1.158966753E-2
6.610000000E0	6.841014829E-1	1.212520929E-2
6.620000000E0	6.892401099E-1	1.282750675E-2
6.630000000E0	6.944535073E-1	1.377606322E-2
6.640000000E0	6.995248136E-1	1.454915830E-2
6.650000000E0	7.045241662E-1	1.525885345E-2
6.660000000E0	7.094918858E-1	1.613294233E-2
6.670000000E0	7.143391367E-1	1.712610861E-2
6.680000000E0	7.188851138E-1	1.809813384E-2
6.690000000E0	7.233885811E-1	1.897179380E-2
6.700000000E0	7.277747727E-1	1.994133970E-2
6.710000000E0	7.320101585E-1	2.058326070E-2
6.720000000E0	7.363187670E-1	2.155546229E-2
6.730000000E0	7.404112664E-1	2.255906097E-2
6.740000000E0	7.443048197E-1	2.351339191E-2
6.750000000E0	7.482142997E-1	2.424906768E-2
6.760000000E0	7.519201158E-1	2.499653339E-2
6.770000000E0	7.553847636E-1	2.595915760E-2
6.780000000E0	7.588221881E-1	2.681457548E-2
6.790000000E0	7.620225681E-1	2.745560876E-2
6.800000000E0	7.652092980E-1	2.822479753E-2
6.810000000E0	7.684035415E-1	2.916227084E-2
6.820000000E0	7.714430357E-1	2.978753374E-2
6.830000000E0	7.741297594E-1	3.045085338E-2
6.840000000E0	7.771266036E-1	3.139056608E-2
6.850000000E0	7.794943480E-1	3.183464300E-2
6.860000000E0	7.818979508E-1	3.257632783E-2
6.870000000E0	7.842289743E-1	3.314700212E-2
6.880000000E0	7.863797400E-1	3.368734246E-2
6.890000000E0	7.883958164E-1	3.416468660E-2
6.900000000E0	7.904152197E-1	3.476151670E-2
6.910000000E0	7.922233435E-1	3.521631091E-2
6.920000000E0	7.938735440E-1	3.584317097E-2
6.930000000E0	7.952682160E-1	3.620932021E-2
6.940000000E0	7.967370584E-1	3.690347558E-2
6.950000000E0	7.979984733E-1	3.724526754E-2
6.960000000E0	7.991696968E-1	3.770182729E-2
6.970000000E0	8.001513386E-1	3.823512692E-2
6.980000000E0	8.010478278E-1	3.845287131E-2
6.990000000E0	8.017940206E-1	3.853862043E-2
7.000000000E0	8.026090864E-1	3.874162245E-2
7.010000000E0	8.030918540E-1	3.910575146E-2
7.020000000E0	8.034771493E-1	3.925295720E-2
7.030000000E0	8.037244470E-1	3.927529721E-2
7.040000000E0	8.038053574E-1	3.929305011E-2
7.050000000E0	8.037497139E-1	3.927912390E-2
7.060000000E0	8.036874641E-1	3.927662265E-2
7.070000000E0	8.036031396E-1	3.924092523E-2
7.080000000E0	8.033114114E-1	3.922458774E-2
7.090000000E0	8.027704359E-1	3.915792619E-2
7.100000000E0	8.023088475E-1	3.907543560E-2
7.110000000E0	8.015705903E-1	3.880826042E-2
7.120000000E0	8.005767016E-1	3.848331703E-2
7.130000000E0	7.996503520E-1	3.820079384E-2
7.140000000E0	7.984782575E-1	3.788192960E-2
7.150000000E0	7.971143150E-1	3.736232024E-2
7.160000000E0	7.958796317E-1	3.699997869E-2
7.170000000E0	7.942044813E-1	3.639099447E-2
7.180000000E0	7.925260662E-1	3.584251495E-2
7.190000000E0	7.906290279E-1	3.517667047E-2
7.200000000E0	7.886423526E-1	3.463096754E-2
7.210000000E0	7.865254517E-1	3.393131280E-2
7.220000000E0	7.841580962E-1	3.352834033E-2
7.230000000E0	7.818010525E-1	3.270987446E-2
7.240000000E0	7.793517070E-1	3.198884961E-2
7.250000000E0	7.769818900E-1	3.132566075E-2
7.260000000E0	7.740851064E-1	3.049308145E-2
7.270000000E0	7.712822899E-1	2.986224876E-2
7.280000000E0	7.684591022E-1	2.901551592E-2
7.290000000E0	7.652090689E-1	2.823449187E-2
7.300000000E0	7.619733923E-1	2.742289869E-2
7.310000000E0	7.587258447E-1	2.674057310E-2
7.320000000E0	7.552294525E-1	2.600484034E-2
7.330000000E0	7.517906201E-1	2.508897257E-2
7.340000000E0	7.483208980E-1	2.442757112E-2
7.350000000E0	7.445356296E-1	2.371575926E-2
7.360000000E0	7.407427372E-1	2.279058332E-2
7.370000000E0	7.366699745E-1	2.188706438E-2
7.380000000E0	7.328111311E-1	2.128038637E-2
7.390000000E0	7.286356629E-1	2.045922716E-2
7.400000000E0	7.243199852E-1	1.945720130E-2
7.410000000E0	7.199324899E-1	1.854809191E-2
7.420000000E0	7.155468534E-1	1.782776358E-2
7.430000000E0	7.110194621E-1	1.715652360E-2
7.440000000E0	7.064268682E-1	1.625989747E-2
7.450000000E0	7.017792301E-1	1.587075900E-2
7.460000000E0	6.967878675E-1	1.503358072E-2
7.470000000E0	6.918461742E-1	1.431965924E-2
7.480000000E0	6.869066033E-1	1.374943676E-2
7.490000000E0	6.818996578E-1	1.300960952E-2
7.500000000E0	6.768668093E-1	1.263465670E-2
7.510000000E0	6.715420490E-1	1.181475245E-2
7.520000000E0	6.664105915E-1	1.151963431E-2
7.530000000E0	6.612259496E-1	1.085457314E-2
7.540000000E0	6.559473869E-1	1.051749595E-2
7.550000000E0	6.507041505E-1	1.007291526E-2
7.560000000E0	6.452211168E-1	9.638229322E-3
7.570000000E0	6.397354274E-1	9.437814115E-3
7.580000000E0	6.344224794E-1	9.403584713E-3
7.590000000E0	6.291168542E-1	9.224014763E-3
7.600000000E0	6.239553721E-1	9.595654956E-3
7.610000000E0	6.182193933E-1	1.003632753E-2
7.620000000E0	6.127411562E-1	9.843456180E-3
7.630000000E0	6.074843108E-1	9.060459768E-3
7.640000000E0	6.020216119E-1	8.841003918E-3
7.650000000E0	5.966542523E-1	8.451774591E-3
7.660000000E0	5.911556148E-1	8.207218785E-3
7.670000000E0	5.856546373E-1	8.152534597E-3
7.680000000E0	5.799521466E-1	8.091795972E-3
7.690000000E0	5.743675419E-1	8.060069264E-3
7.700000000E0	5.688549531E-1	8.091759535E-3
7.710000000E0	5.633459849E-1	8.065627006E-3
7.720000000E0	5.578410574E-1	8.144983688E-3
7.730000000E0	5.522671914E-1	8.176878275E-3
7.740000000E0	5.467949316E-1	8.174098602E-3
7.750000000E0	5.413165977E-1	8.168483299E-3
7.760000000E0	5.358545525E-1	8.220978285E-3
7.770000000E0	5.303881263E-1	8.254874878E-3
7.780000000E0	5.248952485E-1	8.248025381E-3
7.790000000E0	5.196202734E-1	8.215775102E-3
7.800000000E0	5.142627489E-1	8.294773244E-3
7.810000000E0	5.089992573E-1	8.310096082E-3
7.820000000E0	5.036150836E-1	8.308409907E-3
7.830000000E0	4.981948184E-1	8.329614864E-3
7.840000000E0	4.927814505E-1	8.331813567E-3
7.850000000E0	4.873752871E-1	8.321160782E-3
7.860000000E0	4.818741694E-1	8.366021051E-3
7.870000000E0	4.766293763E-1	8.339699218E-3
7.880000000E0	4.712515272E-1	8.470563942E-3
7.890000000E0	4.660531283E-1	8.475854128E-3
7.900000000E0	4.606602668E-1	8.531665260E-3
7.910000000E0	4.552235997E-1	8.576409136E-3
7.920000000E0	4.497929960E-1	8.749160895E-3
7.930000000E0	4.446857978E-1	8.850002295E-3
7.940000000E0	4.396943702E-1	9.005545589E-3
7.950000000E0	4.347686114E-1	9.545749902E-3
7.960000000E0	4.297618400E-1	1.061775122E-2
7.970000000E0	4.247380851E-1	1.082812909E-2
7.980000000E0	4.195877947E-1	1.072127278E-2
7.990000000E0	4.146596267E-1	1.065193749E-2
8.000000000E0	4.099018350E-1	1.079163805E-2
8.010000000E0	4.053989448E-1	1.113881275E-2
8.020000000E0	4.006470583E-1	1.164069388E-2
8.030000000E0	3.958653987E-1	1.168885498E-2
8.040000000E0	3.911291794E-1	1.203074990E-2
8.050000000E0	3.866485995E-1	1.242056193E-2
8.060000000E0	3.820858185E-1	1.279160984E-2
8.070000000E0	3.776538788E-1	1.302501430E-2
8.080000000E0	3.732860439E-1	1.357844050E-2
8.090000000E0	3.689574527E-1	1.391790927E-2
8.100000000E0	3.645664208E-1	1.419834155E-2
8.110000000E0	3.603628479E-1	1.483735782E-2
8.120000000E0	3.560422715E-1	1.516710865E-2
8.130000000E0	3.522406876E-1	1.592785099E-2
8.140000000E0	3.481350446E-1	1.620792889E-2
8.150000000E0	3.443676082E-1	1.703592760E-2
8.160000000E0	3.404405978E-1	1.730322961E-2
8.170000000E0	3.369190561E-1	1.813853189E-2
8.180000000E0	3.330214453E-1	1.843380971E-2
8.190000000E0	3.294367656E-1	1.923576065E-2
8.200000000E0	3.260058811E-1	1.958105669E-2
8.210000000E0	3.227456310E-1	2.032500990E-2
8.220000000E0	3.193872342E-1	2.069009535E-2
8.230000000E0	3.162213886E-1	2.142760328E-2
8.240000000E0	3.129729330E-1	2.175155314E-2
8.250000000E0	3.103193602E-1	2.256917775E-2
8.260000000E0	3.073758446E-1	2.282603191E-2
8.270000000E0	3.048530620E-1	2.360459908E-2
8.280000000E0	3.020825813E-1	2.385235509E-2
8.290000000E0	2.996900934E-1	2.450910827E-2
8.300000000E0	2.973590460E-1	2.492774106E-2
8.310000000E0	2.949550295E-1	2.542196804E-2
8.320000000E0	2.929834901E-1	2.584511916E-2
8.330000000E0	2.908007071E-1	2.611820785E-2
8.340000000E0	2.887030480E-1	2.646467792E-2
8.350000000E0	2.870422846E-1	2.695975332E-2
8.360000000E0	2.852941571E-1	2.716869269E-2
8.370000000E0	2.835098420E-1	2.736812265E-2
8.380000000E0	2.820474480E-1	2.789760263E-2
8.390000000E0	2.807022051E-1	2.824496638E-2
8.400000000E0	2.793798480E-1	2.838828082E-2
8.410000000E0	2.782459393E-1	2.850347730E-2
8.420000000E0	2.771855787E-1	2.873805111E-2
8.430000000E0	2.763969064E-1	2.895501262E-2
8.440000000E0	2.754314768E-1	2.917980457E-2
8.450000000E0	2.745497738E-1	2.924461596E-2
8.460000000E0	2.740246252E-1	2.939192443E-2
8.470000000E0	2.732363575E-1	2.935972925E-2
8.480000000E0	2.730153538E-1	2.941192814E-2
8.490000000E0	2.724633299E-1	2.934736052E-2
8.500000000E0	2.720945199E-1	2.938174068E-2
8.510000000E0	2.720591492E-1	2.937011537E-2
8.520000000E0	2.720386077E-1	2.935153334E-2
8.530000000E0	2.720598795E-1	2.932094667E-2
8.540000000E0	2.721747842E-1	2.928310568E-2
8.550000000E0	2.727259463E-1	2.931902924E-2
8.560000000E0	2.731713074E-1	2.924786919E-2
8.570000000E0	2.739170868E-1	2.928115325E-2
8.580000000E0	2.744446167E-1	2.913368136E-2
8.590000000E0	2.753329169E-1	2.915395028E-2
8.600000000E0	2.763177702E-1	2.903129099E-2
8.610000000E0	2.774218036E-1	2.895069175E-2
8.620000000E0	2.784428570E-1	2.857432787E-2
8.630000000E0	2.796729351E-1	2.832289829E-2
8.640000000E0	2.809362425E-1	2.815238719E-2
8.650000000E0	2.823498619E-1	2.782550916E-2
8.660000000E0	2.838204701E-1	2.753315005E-2
8.670000000E0	2.853830750E-1	2.711589788E-2
8.680000000E0	2.873008172E-1	2.692949560E-2
8.690000000E0	2.889003859E-1	2.638326993E-2
8.700000000E0	2.908535552E-1	2.598958695E-2
8.710000000E0	2.930449463E-1	2.558693157E-2
8.720000000E0	2.950849983E-1	2.510797219E-2
8.730000000E0	2.974402621E-1	2.483147334E-2
8.740000000E0	2.996705926E-1	2.423526674E-2
8.750000000E0	3.020103094E-1	2.375337942E-2
8.760000000E0	3.047960531E-1	2.344624511E-2
8.770000000E0	3.073735157E-1	2.279037209E-2
8.780000000E0	3.104155644E-1	2.261111041E-2
8.790000000E0	3.129808641E-1	2.182581213E-2
8.800000000E0	3.161439146E-1	2.152857682E-2
8.810000000E0	3.193603628E-1	2.117942494E-2
8.820000000E0	3.225840073E-1	2.059012740E-2
8.830000000E0	3.259633037E-1	2.029056559E-2
8.840000000E0	3.292483595E-1	1.967076122E-2
8.850000000E0	3.327435882E-1	1.930306889E-2
8.860000000E0	3.361758749E-1	1.859294187E-2
8.870000000E0	3.399744615E-1	1.823977104E-2
8.880000000E0	3.437238307E-1	1.774645629E-2
8.890000000E0	3.473374330E-1	1.724217611E-2
8.900000000E0	3.513169866E-1	1.701090176E-2
8.910000000E0	3.550204573E-1	1.623163523E-2
8.920000000E0	3.591482573E-1	1.599362043E-2
8.930000000E0	3.632095598E-1	1.565318360E-2
8.940000000E0	3.671921470E-1	1.505393614E-2
8.950000000E0	3.713494478E-1	1.487513336E-2
8.960000000E0	3.755251410E-1	1.432153120E-2
8.970000000E0	3.799475361E-1	1.386738463E-2
8.980000000E0	3.842567541E-1	1.365226390E-2
8.990000000E0	3.886034755E-1	1.316980970E-2
9.000000000E0	3.928415016E-1	1.277847509E-2
9.010000000E0	3.973927743E-1	1.257138107E-2
9.020000000E0	4.017692821E-1	1.202992042E-2
9.030000000E0	4.062926688E-1	1.173283948E-2
9.040000000E0	4.108700474E-1	1.151163664E-2
9.050000000E0	4.151177789E-1	1.103105949E-2
9.060000000E0	4.195753052E-1	1.073806544E-2
9.070000000E0	4.241474575E-1	1.081236661E-2
9.080000000E0	4.286842538E-1	1.067916815E-2
9.090000000E0	4.335428187E-1	9.854976603E-3
9.100000000E0	4.379101361E-1	9.106934698E-3
9.110000000E0	4.428139235E-1	8.700139719E-3
9.120000000E0	4.474679472E-1	8.342834772E-3
9.130000000E0	4.524105116E-1	8.019861356E-3
9.140000000E0	4.574270799E-1	7.905447165E-3
9.150000000E0	4.620996196E-1	7.693231834E-3
9.160000000E0	4.670892397E-1	7.382496216E-3
9.170000000E0	4.717751179E-1	7.210362635E-3
9.180000000E0	4.764696440E-1	7.190013935E-3
9.190000000E0	4.812797064E-1	7.175003230E-3
9.200000000E0	4.860740816E-1	7.187064924E-3
9.210000000E0	4.908845109E-1	7.139853582E-3
9.220000000E0	4.957668793E-1	7.148873384E-3
9.230000000E0	5.003909570E-1	7.190172950E-3
9.240000000E0	5.050459825E-1	7.161480561E-3
9.250000000E0	5.099952179E-1	7.191583295E-3
9.260000000E0	5.147259817E-1	7.230366131E-3
9.270000000E0	5.193637473E-1	7.236057292E-3
9.280000000E0	5.241927159E-1	7.245571119E-3
9.290000000E0	5.289977816E-1	7.254467844E-3
9.300000000E0	5.335945942E-1	7.251664564E-3
9.310000000E0	5.382399231E-1	7.319075376E-3
9.320000000E0	5.429844870E-1	7.353597326E-3
9.330000000E0	5.477708416E-1	7.400303335E-3
9.340000000E0	5.523948382E-1	7.526179134E-3
9.350000000E0	5.570166331E-1	7.504731193E-3
9.360000000E0	5.617002642E-1	7.499187849E-3
9.370000000E0	5.665118332E-1	7.582175494E-3
9.380000000E0	5.712043702E-1	7.857165115E-3
9.390000000E0	5.758403334E-1	8.158749126E-3
9.400000000E0	5.805186710E-1	8.351609404E-3
9.410000000E0	5.852115699E-1	8.399831528E-3
9.420000000E0	5.896914419E-1	8.488594539E-3
9.430000000E0	5.941785514E-1	8.570939904E-3
9.440000000E0	5.986332101E-1	8.708613390E-3
9.450000000E0	6.030303407E-1	8.806458882E-3
9.460000000E0	6.074369112E-1	8.946761318E-3
9.470000000E0	6.116936096E-1	9.587873871E-3
9.480000000E0	6.160928981E-1	1.003434832E-2
9.490000000E0	6.205111680E-1	1.039238534E-2
9.500000000E0	6.252549438E-1	9.976806074E-3
9.510000000E0	6.294156905E-1	9.584230154E-3
9.520000000E0	6.338827098E-1	9.446994789E-3
9.530000000E0	6.382599842E-1	9.506830945E-3
9.540000000E0	6.427421789E-1	9.622525570E-3
9.550000000E0	6.471951691E-1	9.784163094E-3
9.560000000E0	6.514298395E-1	1.018711655E-2
9.570000000E0	6.557421473E-1	1.067608787E-2
9.580000000E0	6.599262254E-1	1.098172976E-2
9.590000000E0	6.639647454E-1	1.144782083E-2
9.600000000E0	6.680214082E-1	1.177543652E-2
9.610000000E0	6.720725415E-1	1.225814300E-2
9.620000000E0	6.759253304E-1	1.280075578E-2
9.630000000E0	6.799142978E-1	1.315636242E-2
