mass_A
t	x	y
0.000000000E0	-5.449602193E-4	1.394511722E-1
1.000000000E-2	-3.177020093E-4	1.394817912E-1
2.000000000E-2	1.597730353E-4	1.393630515E-1
3.000000000E-2	1.022837422E-3	1.385315663E-1
4.000000000E-2	1.805752996E-3	1.376028082E-1
5.000000000E-2	3.110993384E-3	1.364033383E-1
6.000000000E-2	4.715418017E-3	1.352901245E-1
7.000000000E-2	6.974028622E-3	1.339461775E-1
8.000000000E-2	9.265237227E-3	1.322263155E-1
9.000000000E-2	1.187663989E-2	1.304872829E-1
1.000000000E-1	1.459521049E-2	1.285331952E-1
1.100000000E-1	1.787466681E-2	1.264216361E-1
1.200000000E-1	2.142153686E-2	1.240486425E-1
1.300000000E-1	2.527220929E-2	1.216594324E-1
1.400000000E-1	2.924345949E-2	1.191996563E-1
1.500000000E-1	3.356797850E-2	1.164396841E-1
1.600000000E-1	3.831695759E-2	1.136508128E-1
1.700000000E-1	4.369051151E-2	1.113126513E-1
1.800000000E-1	4.894001226E-2	1.097407154E-1
1.900000000E-1	5.512055513E-2	1.063319277E-1
2.000000000E-1	6.031434219E-2	1.026361799E-1
2.100000000E-1	6.619190454E-2	9.895535741E-2
2.200000000E-1	7.274333607E-2	9.546272329E-2
2.300000000E-1	7.920770822E-2	9.198202473E-2
2.400000000E-1	8.623668255E-2	8.866758328E-2
2.500000000E-1	9.319849571E-2	8.535686850E-2
2.600000000E-1	1.003960509E-1	8.201479697E-2
2.700000000E-1	1.077656241E-1	7.861696876E-2
2.800000000E-1	1.154042937E-1	7.537058052E-2
2.900000000E-1	1.230449021E-1	7.223142077E-2
3.000000000E-1	1.310607066E-1	6.892614351E-2
3.100000000E-1	1.391289470E-1	6.572826108E-2
3.200000000E-1	1.474327958E-1	6.244088484E-2
3.300000000E-1	1.559082264E-1	5.917178658E-2
3.400000000E-1	1.645900357E-1	5.612630838E-2
3.500000000E-1	1.735422394E-1	5.321151900E-2
3.600000000E-1	1.824472446E-1	5.029773751E-2
3.700000000E-1	1.914679813E-1	4.771163623E-2
3.800000000E-1	2.008796566E-1	4.508565618E-2
3.900000000E-1	2.102430146E-1	4.250091796E-2
4.000000000E-1	2.196838738E-1	3.970450136E-2
4.100000000E-1	2.291664673E-1	3.910321342E-2
4.200000000E-1	2.391789875E-1	3.701849117E-2
4.300000000E-1	2.487856986E-1	3.308290935E-2
4.400000000E-1	2.592424458E-1	3.057294853E-2
4.500000000E-1	2.695195448E-1	2.816978699E-2
4.600000000E-1	2.796654056E-1	2.592651363E-2
4.700000000E-1	2.902050504E-1	2.384965643E-2
4.800000000E-1	3.006561686E-1	2.185350680E-2
4.900000000E-1	3.112905645E-1	1.996317847E-2
5.000000000E-1	3.221562517E-1	1.839619950E-2
5.100000000E-1	3.328769826E-1	1.683890388E-2
5.200000000E-1	3.437490704E-1	1.522928149E-2
5.300000000E-1	3.544011310E-1	1.372824067E-2
5.400000000E-1	3.653392893E-1	1.245695586E-2
5.500000000E-1	3.763837935E-1	1.118328998E-2
5.600000000E-1	3.874404070E-1	1.029747100E-2
5.700000000E-1	3.985332694E-1	9.389952014E-3
5.800000000E-1	4.095264416E-1	8.601497613E-3
5.900000000E-1	4.204070767E-1	9.593721713E-3
6.000000000E-1	4.316381365E-1	8.436131338E-3
6.100000000E-1	4.431728540E-1	7.232839683E-3
6.200000000E-1	4.543485943E-1	6.554970761E-3
6.300000000E-1	4.656421344E-1	6.153053520E-3
6.400000000E-1	4.765807620E-1	6.137359222E-3
6.500000000E-1	4.876016184E-1	6.064724812E-3
6.600000000E-1	4.986145774E-1	5.935408534E-3
6.700000000E-1	5.096947762E-1	6.045671527E-3
6.800000000E-1	5.207449149E-1	6.115404282E-3
6.900000000E-1	5.317576554E-1	6.232997504E-3
7.000000000E-1	5.426507227E-1	6.548103423E-3
7.100000000E-1	5.536971582E-1	6.661177692E-3
7.200000000E-1	5.646555855E-1	6.851729526E-3
7.300000000E-1	5.755481056E-1	7.162444996E-3
7.400000000E-1	5.865177254E-1	7.314994146E-3
7.500000000E-1	5.973291087E-1	7.350773254E-3
7.600000000E-1	6.079087215E-1	8.439370911E-3
7.700000000E-1	6.186744263E-1	9.385553421E-3
7.800000000E-1	6.295800008E-1	8.850903685E-3
7.900000000E-1	6.404660124E-1	9.357586693E-3
8.000000000E-1	6.512209556E-1	1.036352958E-2
8.100000000E-1	6.616170271E-1	1.145589245E-2
8.200000000E-1	6.717188940E-1	1.261585654E-2
8.300000000E-1	6.818384271E-1	1.377249877E-2
8.400000000E-1	6.923115992E-1	1.505435863E-2
8.500000000E-1	7.024305721E-1	1.642235071E-2
8.600000000E-1	7.123602798E-1	1.813484691E-2
8.700000000E-1	7.223983161E-1	1.987635491E-2
8.800000000E-1	7.321560069E-1	2.157945186E-2
8.900000000E-1	7.418357713E-1	2.356425753E-2
9.000000000E-1	7.511904851E-1	2.581609748E-2
9.100000000E-1	7.604847690E-1	2.784077694E-2
9.200000000E-1	7.696764951E-1	3.012670136E-2
9.300000000E-1	7.785840664E-1	3.236162060E-2
9.400000000E-1	7.873496213E-1	3.461375402E-2
9.500000000E-1	7.958248364E-1	3.721992426E-2
9.600000000E-1	8.045018177E-1	3.939453816E-2
9.700000000E-1	8.128619165E-1	4.133053372E-2
9.800000000E-1	8.206642835E-1	4.359815286E-2
9.900000000E-1	8.284526595E-1	4.609056071E-2
1.000000000E0	8.358765490E-1	4.810431405E-2
1.010000000E0	8.429073021E-1	5.023712508E-2
1.020000000E0	8.499311061E-1	5.233543844E-2
1.030000000E0	8.568243325E-1	5.472319569E-2
1.040000000E0	8.635077819E-1	5.707758575E-2
1.050000000E0	8.701006249E-1	5.945145907E-2
1.060000000E0	8.765186136E-1	6.182841690E-2
1.070000000E0	8.829674561E-1	6.438551263E-2
1.080000000E0	8.889131384E-1	6.673912141E-2
1.090000000E0	8.948757868E-1	6.898958525E-2
1.100000000E0	9.006350805E-1	7.123155127E-2
1.110000000E0	9.058504243E-1	7.359056910E-2
1.120000000E0	9.110707486E-1	7.576921416E-2
1.130000000E0	9.160970354E-1	7.777884059E-2
1.140000000E0	9.207128017E-1	7.993400395E-2
1.150000000E0	9.251183904E-1	8.192388882E-2
1.160000000E0	9.295115259E-1	8.366389001E-2
1.170000000E0	9.335544496E-1	8.539588197E-2
1.180000000E0	9.372474495E-1	8.725090440E-2
1.190000000E0	9.407885855E-1	8.900674669E-2
1.200000000E0	9.439712859E-1	9.067619786E-2
1.210000000E0	9.472015087E-1	9.210911969E-2
1.220000000E0	9.500581377E-1	9.338516383E-2
1.230000000E0	9.527770294E-1	9.468936548E-2
1.240000000E0	9.549701517E-1	9.612345014E-2
1.250000000E0	9.571216070E-1	9.740900047E-2
1.260000000E0	9.592264789E-1	9.851448436E-2
1.270000000E0	9.610308701E-1	9.949853739E-2
1.280000000E0	9.626837233E-1	1.004383149E-1
1.290000000E0	9.639112727E-1	1.010173400E-1
1.300000000E0	9.649707212E-1	1.018750951E-1
1.310000000E0	9.658885329E-1	1.021075393E-1
1.320000000E0	9.666871094E-1	1.023018568E-1
1.330000000E0	9.670193453E-1	1.025810500E-1
1.340000000E0	9.671700812E-1	1.028870618E-1
1.350000000E0	9.671049969E-1	1.029082984E-1
1.360000000E0	9.669559112E-1	1.026539587E-1
1.370000000E0	9.666551270E-1	1.022974086E-1
1.380000000E0	9.657954846E-1	1.019056427E-1
1.390000000E0	9.649225581E-1	1.011885035E-1
1.400000000E0	9.636145325E-1	1.006302225E-1
1.410000000E0	9.622978810E-1	9.976214857E-2
1.420000000E0	9.604980109E-1	9.877354590E-2
1.430000000E0	9.588318415E-1	9.760671456E-2
1.440000000E0	9.568474649E-1	9.640197400E-2
1.450000000E0	9.545407447E-1	9.526288723E-2
1.460000000E0	9.518633503E-1	9.380893840E-2
1.470000000E0	9.491878231E-1	9.230639810E-2
1.480000000E0	9.461289200E-1	9.087384020E-2
1.490000000E0	9.428520954E-1	8.909828850E-2
1.500000000E0	9.392796956E-1	8.746537352E-2
1.510000000E0	9.357058629E-1	8.561897892E-2
1.520000000E0	9.318314799E-1	8.380684020E-2
1.530000000E0	9.274250919E-1	8.194744771E-2
1.540000000E0	9.230309502E-1	7.999043106E-2
1.550000000E0	9.185382849E-1	7.789162769E-2
1.560000000E0	9.138926393E-1	7.576630237E-2
1.570000000E0	9.089518355E-1	7.376754861E-2
1.580000000E0	9.039505758E-1	7.145633611E-2
1.590000000E0	8.986882976E-1	6.934174496E-2
1.600000000E0	8.932128101E-1	6.716124806E-2
1.610000000E0	8.874518879E-1	6.519596168E-2
1.620000000E0	8.815209461E-1	6.308226005E-2
1.630000000E0	8.755983683E-1	6.108643140E-2
1.640000000E0	8.692125119E-1	5.893561770E-2
1.650000000E0	8.626418116E-1	5.683348309E-2
1.660000000E0	8.559067823E-1	5.468119463E-2
1.670000000E0	8.491723609E-1	5.240181874E-2
1.680000000E0	8.422896129E-1	5.024932201E-2
1.690000000E0	8.351595515E-1	4.815315686E-2
1.700000000E0	8.278585446E-1	4.587443399E-2
1.710000000E0	8.204751507E-1	4.373798554E-2
1.720000000E0	8.128151741E-1	4.167605711E-2
1.730000000E0	8.050946307E-1	4.008120544E-2
1.740000000E0	7.973080024E-1	3.823548588E-2
1.750000000E0	7.894913478E-1	3.569881517E-2
1.760000000E0	7.817556133E-1	3.339700402E-2
1.770000000E0	7.738520155E-1	3.139053321E-2
1.780000000E0	7.655474156E-1	2.922694952E-2
1.790000000E0	7.573891627E-1	2.712020845E-2
1.800000000E0	7.489603985E-1	2.502266599E-2
1.810000000E0	7.403611517E-1	2.302656413E-2
1.820000000E0	7.316682907E-1	2.103384047E-2
1.830000000E0	7.230257500E-1	1.972386085E-2
1.840000000E0	7.142827459E-1	1.770029102E-2
1.850000000E0	7.053727593E-1	1.605968994E-2
1.860000000E0	6.963651265E-1	1.467575537E-2
1.870000000E0	6.871603853E-1	1.342015043E-2
1.880000000E0	6.781518084E-1	1.193074517E-2
1.890000000E0	6.689894913E-1	1.101552633E-2
1.900000000E0	6.596810032E-1	9.914515083E-3
1.910000000E0	6.505198048E-1	9.089350887E-3
1.920000000E0	6.409391267E-1	8.224254154E-3
1.930000000E0	6.316750110E-1	8.011174562E-3
1.940000000E0	6.222498733E-1	8.452157075E-3
1.950000000E0	6.124634059E-1	8.641616970E-3
1.960000000E0	6.032498732E-1	8.225249612E-3
1.970000000E0	5.939304152E-1	7.672757592E-3
1.980000000E0	5.846204156E-1	7.486446865E-3
1.990000000E0	5.753623366E-1	7.137842903E-3
2.000000000E0	5.659864779E-1	6.945240295E-3
2.010000000E0	5.568673090E-1	7.038651318E-3
2.020000000E0	5.473663459E-1	7.093182316E-3
2.030000000E0	5.381953268E-1	7.066370633E-3
2.040000000E0	5.289857865E-1	7.040752773E-3
2.050000000E0	5.196228799E-1	6.917671572E-3
2.060000000E0	5.104808074E-1	7.114061481E-3
2.070000000E0	5.011763505E-1	7.056851928E-3
2.080000000E0	4.918624953E-1	7.271135072E-3
2.090000000E0	4.827727167E-1	7.287821840E-3
2.100000000E0	4.735916749E-1	7.417411216E-3
2.110000000E0	4.644521732E-1	7.495868142E-3
2.120000000E0	4.556339793E-1	7.622983362E-3
2.130000000E0	4.466337639E-1	7.812065037E-3
2.140000000E0	4.378229225E-1	8.333379833E-3
2.150000000E0	4.289773329E-1	9.367940778E-3
2.160000000E0	4.201710331E-1	1.011199799E-2
2.170000000E0	4.115028207E-1	1.007234589E-2
2.180000000E0	4.027191893E-1	1.063835691E-2
2.190000000E0	3.939790565E-1	1.120038132E-2
2.200000000E0	3.852179080E-1	1.200648395E-2
2.210000000E0	3.765110245E-1	1.280968479E-2
2.220000000E0	3.679168365E-1	1.342927296E-2
2.230000000E0	3.594879580E-1	1.452164937E-2
2.240000000E0	3.513045951E-1	1.570324365E-2
2.250000000E0	3.431962342E-1	1.668825450E-2
2.260000000E0	3.350190426E-1	1.795976196E-2
2.270000000E0	3.271720425E-1	1.915914207E-2
2.280000000E0	3.192509992E-1	2.038071583E-2
2.290000000E0	3.114714158E-1	2.158818951E-2
2.300000000E0	3.039747046E-1	2.281306802E-2
2.310000000E0	2.967238207E-1	2.421393302E-2
2.320000000E0	2.894241371E-1	2.535293476E-2
2.330000000E0	2.822829216E-1	2.673389624E-2
2.340000000E0	2.751180619E-1	2.818116069E-2
2.350000000E0	2.683083299E-1	2.985077431E-2
2.360000000E0	2.614885377E-1	3.154070742E-2
2.370000000E0	2.548021414E-1	3.309392793E-2
2.380000000E0	2.483824699E-1	3.459646999E-2
2.390000000E0	2.420359087E-1	3.659451246E-2
2.400000000E0	2.358532468E-1	3.830751306E-2
2.410000000E0	2.301098784E-1	3.951796918E-2
2.420000000E0	2.240463472E-1	4.118964138E-2
2.430000000E0	2.184599031E-1	4.273038287E-2
2.440000000E0	2.129976465E-1	4.438975818E-2
2.450000000E0	2.074015666E-1	4.580320770E-2
2.460000000E0	2.022473002E-1	4.712164085E-2
2.470000000E0	1.970281820E-1	4.880154132E-2
2.480000000E0	1.919350733E-1	5.023701799E-2
2.490000000E0	1.871785457E-1	5.170830899E-2
2.500000000E0	1.825009521E-1	5.305622989E-2
2.510000000E0	1.780438530E-1	5.451157426E-2
2.520000000E0	1.737680172E-1	5.582952295E-2
2.530000000E0	1.695149190E-1	5.714380516E-2
2.540000000E0	1.655667432E-1	5.845695599E-2
2.550000000E0	1.616803904E-1	5.981283510E-2
2.560000000E0	1.579926802E-1	6.115976950E-2
2.570000000E0	1.547031092E-1	6.229502912E-2
2.580000000E0	1.515731562E-1	6.335400717E-2
2.590000000E0	1.485889569E-1	6.446401013E-2
2.600000000E0	1.457775643E-1	6.549149090E-2
2.610000000E0	1.431461164E-1	6.651931741E-2
2.620000000E0	1.406680361E-1	6.754439097E-2
2.630000000E0	1.383934378E-1	6.845286114E-2
2.640000000E0	1.362549783E-1	6.926638739E-2
2.650000000E0	1.343492449E-1	6.996680788E-2
2.660000000E0	1.327772636E-1	7.073251271E-2
2.670000000E0	1.311229747E-1	7.113583436E-2
2.680000000E0	1.297535464E-1	7.142421002E-2
2.690000000E0	1.287644786E-1	7.189641123E-2
2.700000000E0	1.276178445E-1	7.223189045E-2
2.710000000E0	1.273767853E-1	7.288807725E-2
2.720000000E0	1.266707095E-1	7.302819327E-2
2.730000000E0	1.262185616E-1	7.328558571E-2
2.740000000E0	1.261512608E-1	7.326923363E-2
2.750000000E0	1.262070693E-1	7.329221625E-2
2.760000000E0	1.265672013E-1	7.300729770E-2
2.770000000E0	1.272386738E-1	7.310513626E-2
2.780000000E0	1.274588344E-1	7.246876952E-2
2.790000000E0	1.285048560E-1	7.213763061E-2
2.800000000E0	1.294978487E-1	7.150820968E-2
2.810000000E0	1.309188689E-1	7.092787704E-2
2.820000000E0	1.320910731E-1	7.008710763E-2
2.830000000E0	1.338413717E-1	6.942740190E-2
2.840000000E0	1.360478633E-1	6.880156183E-2
2.850000000E0	1.379851361E-1	6.790223544E-2
2.860000000E0	1.402717994E-1	6.692732693E-2
2.870000000E0	1.427374224E-1	6.587137839E-2
2.880000000E0	1.453609496E-1	6.465402683E-2
2.890000000E0	1.483385040E-1	6.368980024E-2
2.900000000E0	1.514895642E-1	6.245235611E-2
2.910000000E0	1.548255123E-1	6.141923508E-2
2.920000000E0	1.582525215E-1	6.014295927E-2
2.930000000E0	1.618546379E-1	5.878479492E-2
2.940000000E0	1.657769490E-1	5.759040254E-2
2.950000000E0	1.695833493E-1	5.621724764E-2
2.960000000E0	1.736631091E-1	5.473923600E-2
2.970000000E0	1.779703204E-1	5.337860999E-2
2.980000000E0	1.824685086E-1	5.205913173E-2
2.990000000E0	1.869261148E-1	5.069957215E-2
3.000000000E0	1.917043761E-1	4.914264008E-2
3.010000000E0	1.967064241E-1	4.790359582E-2
3.020000000E0	2.017536345E-1	4.640679408E-2
3.030000000E0	2.068093679E-1	4.491899157E-2
3.040000000E0	2.122678331E-1	4.354528080E-2
3.050000000E0	2.176241427E-1	4.214255208E-2
3.060000000E0	2.231123109E-1	4.057064508E-2
3.070000000E0	2.288377451E-1	3.932041072E-2
3.080000000E0	2.348719688E-1	3.831066671E-2
3.090000000E0	2.411253482E-1	3.688887419E-2
3.100000000E0	2.470334629E-1	3.474987498E-2
3.110000000E0	2.533160173E-1	3.316931946E-2
3.120000000E0	2.597938865E-1	3.167607245E-2
3.130000000E0	2.662150857E-1	3.017092958E-2
3.140000000E0	2.729678928E-1	2.884842029E-2
3.150000000E0	2.796274866E-1	2.731433475E-2
3.160000000E0	2.865749983E-1	2.586494233E-2
3.170000000E0	2.936310168E-1	2.467367068E-2
3.180000000E0	3.005685422E-1	2.346551216E-2
3.190000000E0	3.076973329E-1	2.242963571E-2
3.200000000E0	3.149627700E-1	2.086306522E-2
3.210000000E0	3.222029575E-1	1.971785802E-2
3.220000000E0	3.295680262E-1	1.837511582E-2
3.230000000E0	3.368613082E-1	1.722804008E-2
3.240000000E0	3.443833757E-1	1.609650754E-2
3.250000000E0	3.520740674E-1	1.508096507E-2
3.260000000E0	3.597507873E-1	1.407736376E-2
3.270000000E0	3.675629817E-1	1.311488383E-2
3.280000000E0	3.755044543E-1	1.232781091E-2
3.290000000E0	3.831089439E-1	1.156306286E-2
3.300000000E0	3.909452516E-1	1.086281295E-2
3.310000000E0	3.990738725E-1	1.036347349E-2
3.320000000E0	4.070339163E-1	9.763655943E-3
3.330000000E0	4.150050143E-1	9.470346684E-3
3.340000000E0	4.229712843E-1	9.773706151E-3
3.350000000E0	4.310166075E-1	8.705268145E-3
3.360000000E0	4.390438848E-1	8.316230319E-3
3.370000000E0	4.469668957E-1	8.183329172E-3
3.380000000E0	4.550734257E-1	7.954568411E-3
3.390000000E0	4.633576343E-1	7.735917581E-3
3.400000000E0	4.712576781E-1	7.321697076E-3
3.410000000E0	4.792283180E-1	7.133614402E-3
3.420000000E0	4.874308301E-1	7.230940297E-3
3.430000000E0	4.953920836E-1	7.173504738E-3
3.440000000E0	5.035156452E-1	7.141933775E-3
3.450000000E0	5.115364547E-1	7.141716898E-3
3.460000000E0	5.194952301E-1	7.245727749E-3
3.470000000E0	5.272990781E-1	7.271701640E-3
3.480000000E0	5.351837188E-1	7.199177930E-3
3.490000000E0	5.431233302E-1	7.310405516E-3
3.500000000E0	5.510859328E-1	7.403097366E-3
3.510000000E0	5.589382967E-1	7.382087584E-3
3.520000000E0	5.668024740E-1	7.474123462E-3
3.530000000E0	5.746779104E-1	7.418447776E-3
3.540000000E0	5.823861847E-1	7.268359464E-3
3.550000000E0	5.901961423E-1	7.355556799E-3
3.560000000E0	5.979031806E-1	7.425377905E-3
3.570000000E0	6.055572240E-1	7.524928486E-3
3.580000000E0	6.129877379E-1	8.795622511E-3
3.590000000E0	6.211497324E-1	8.597561168E-3
3.600000000E0	6.287364258E-1	8.581754704E-3
3.610000000E0	6.365190948E-1	8.505711670E-3
3.620000000E0	6.441542246E-1	9.151606613E-3
3.630000000E0	6.517884027E-1	9.598645037E-3
3.640000000E0	6.588180508E-1	1.044041394E-2
3.650000000E0	6.660964744E-1	1.082772341E-2
3.660000000E0	6.729232937E-1	1.169601762E-2
3.670000000E0	6.797308062E-1	1.266119071E-2
3.680000000E0	6.868795241E-1	1.358198943E-2
3.690000000E0	6.937620105E-1	1.463439818E-2
3.700000000E0	7.005041042E-1	1.585164430E-2
3.710000000E0	7.071819459E-1	1.697881434E-2
3.720000000E0	7.139180571E-1	1.814087482E-2
3.730000000E0	7.202590064E-1	1.936362520E-2
3.740000000E0	7.267429726E-1	2.051202830E-2
3.750000000E0	7.332049431E-1	2.182635524E-2
3.760000000E0	7.392677197E-1	2.313379460E-2
3.770000000E0	7.452645832E-1	2.425832984E-2
3.780000000E0	7.510708492E-1	2.562732044E-2
3.790000000E0	7.567119094E-1	2.695269973E-2
3.800000000E0	7.621368554E-1	2.820486762E-2
3.810000000E0	7.676385114E-1	2.943064689E-2
3.820000000E0	7.730771787E-1	3.072829510E-2
3.830000000E0	7.783108103E-1	3.183294109E-2
3.840000000E0	7.830674884E-1	3.326723919E-2
3.850000000E0	7.881313070E-1	3.457068289E-2
3.860000000E0	7.928409431E-1	3.605439799E-2
3.870000000E0	7.972196155E-1	3.745421603E-2
3.880000000E0	8.016920186E-1	3.885222360E-2
3.890000000E0	8.058743671E-1	4.003630459E-2
3.900000000E0	8.098496044E-1	4.097719171E-2
3.910000000E0	8.137206061E-1	4.229597452E-2
3.920000000E0	8.175776979E-1	4.342197283E-2
3.930000000E0	8.214504209E-1	4.448915671E-2
3.940000000E0	8.249746146E-1	4.562653170E-2
3.950000000E0	8.283076933E-1	4.670342938E-2
3.960000000E0	8.316602269E-1	4.784172572E-2
3.970000000E0	8.347496909E-1	4.883875518E-2
3.980000000E0	8.377801494E-1	4.997297077E-2
3.990000000E0	8.404859382E-1	5.070442106E-2
4.000000000E0	8.429485640E-1	5.145001821E-2
4.010000000E0	8.456834174E-1	5.234460050E-2
4.020000000E0	8.479895203E-1	5.323211349E-2
4.030000000E0	8.501833307E-1	5.390281442E-2
4.040000000E0	8.522019905E-1	5.448996868E-2
4.050000000E0	8.539641271E-1	5.521134905E-2
4.060000000E0	8.557356102E-1	5.581232314E-2
4.070000000E0	8.570490245E-1	5.649643747E-2
4.080000000E0	8.586504536E-1	5.682374597E-2
4.090000000E0	8.600792843E-1	5.713857762E-2
4.100000000E0	8.611456132E-1	5.755008221E-2
4.110000000E0	8.622332762E-1	5.787955395E-2
4.120000000E0	8.630248896E-1	5.799679299E-2
4.130000000E0	8.636164351E-1	5.805795362E-2
4.140000000E0	8.643312322E-1	5.812662564E-2
4.150000000E0	8.645575700E-1	5.808050184E-2
4.160000000E0	8.646161366E-1	5.804388398E-2
4.170000000E0	8.645205078E-1	5.799215027E-2
4.180000000E0	8.644213110E-1	5.793466367E-2
4.190000000E0	8.637762099E-1	5.781924322E-2
4.200000000E0	8.632762960E-1	5.766148777E-2
4.210000000E0	8.625956709E-1	5.727573895E-2
4.220000000E0	8.614110811E-1	5.684483357E-2
4.230000000E0	8.602663307E-1	5.646421976E-2
4.240000000E0	8.591769324E-1	5.590741082E-2
4.250000000E0	8.577575409E-1	5.554683385E-2
4.260000000E0	8.562357870E-1	5.475662001E-2
4.270000000E0	8.545284854E-1	5.437297098E-2
4.280000000E0	8.525420983E-1	5.360446190E-2
4.290000000E0	8.503594423E-1	5.308627176E-2
4.300000000E0	8.481295090E-1	5.237092667E-2
4.310000000E0	8.458404077E-1	5.148788332E-2
4.320000000E0	8.433672914E-1	5.080293612E-2
4.330000000E0	8.406115705E-1	5.004168595E-2
4.340000000E0	8.378801895E-1	4.906464767E-2
4.350000000E0	8.348455401E-1	4.807740997E-2
4.360000000E0	8.318725280E-1	4.713134741E-2
4.370000000E0	8.284143465E-1	4.621015961E-2
4.380000000E0	8.250850027E-1	4.503734371E-2
4.390000000E0	8.215590324E-1	4.409204088E-2
4.400000000E0	8.180199538E-1	4.272412747E-2
4.410000000E0	8.140643515E-1	4.163659482E-2
4.420000000E0	8.102717131E-1	4.053764203E-2
4.430000000E0	8.061879733E-1	3.972098302E-2
4.440000000E0	8.020376047E-1	3.880579135E-2
4.450000000E0	7.975544803E-1	3.775966108E-2
4.460000000E0	7.929401655E-1	3.630146549E-2
4.470000000E0	7.884365811E-1	3.483154511E-2
4.480000000E0	7.837456678E-1	3.356946968E-2
4.490000000E0	7.789420529E-1	3.244253915E-2
4.500000000E0	7.739987262E-1	3.122366448E-2
4.510000000E0	7.687909212E-1	3.008114314E-2
4.520000000E0	7.636234005E-1	2.874116127E-2
4.530000000E0	7.584385656E-1	2.737563469E-2
4.540000000E0	7.530263520E-1	2.616132949E-2
4.550000000E0	7.474377767E-1	2.485793721E-2
4.560000000E0	7.417330876E-1	2.374606930E-2
4.570000000E0	7.358059037E-1	2.253278176E-2
4.580000000E0	7.299415281E-1	2.156495597E-2
4.590000000E0	7.237356935E-1	2.024016169E-2
4.600000000E0	7.177711725E-1	1.920216991E-2
4.610000000E0	7.115049625E-1	1.811162555E-2
4.620000000E0	7.051346064E-1	1.706325881E-2
4.630000000E0	6.989631061E-1	1.609982430E-2
4.640000000E0	6.925656493E-1	1.502405617E-2
4.650000000E0	6.860229326E-1	1.409675336E-2
4.660000000E0	6.794073891E-1	1.314369606E-2
4.670000000E0	6.728127191E-1	1.251432280E-2
4.680000000E0	6.661359812E-1	1.163144868E-2
4.690000000E0	6.594735723E-1	1.069019197E-2
4.700000000E0	6.527106726E-1	1.031577591E-2
4.710000000E0	6.460126644E-1	9.579099935E-3
4.720000000E0	6.392827742E-1	9.001828806E-3
4.730000000E0	6.322532449E-1	8.510277340E-3
4.740000000E0	6.252975210E-1	8.379986484E-3
4.750000000E0	6.185964267E-1	8.851712099E-3
4.760000000E0	6.114550102E-1	8.574705779E-3
4.770000000E0	6.045061224E-1	8.047153633E-3
4.780000000E0	5.977854161E-1	8.242864994E-3
4.790000000E0	5.911011817E-1	7.971747575E-3
4.800000000E0	5.843944416E-1	7.990023887E-3
4.810000000E0	5.774905027E-1	7.921549778E-3
4.820000000E0	5.706185902E-1	7.583584113E-3
4.830000000E0	5.637578174E-1	7.431763208E-3
4.840000000E0	5.569866662E-1	7.343802564E-3
4.850000000E0	5.501899229E-1	7.260146668E-3
4.860000000E0	5.433760053E-1	7.237044083E-3
4.870000000E0	5.365836855E-1	7.134570245E-3
4.880000000E0	5.295224315E-1	7.047911823E-3
4.890000000E0	5.226841568E-1	6.985023772E-3
4.900000000E0	5.159857367E-1	7.105967988E-3
4.910000000E0	5.091687510E-1	7.090949303E-3
4.920000000E0	5.022249217E-1	7.145590434E-3
4.930000000E0	4.954058920E-1	7.283856913E-3
4.940000000E0	4.886961533E-1	7.168742691E-3
4.950000000E0	4.820296130E-1	7.262591518E-3
4.960000000E0	4.754026860E-1	7.317809990E-3
4.970000000E0	4.687455517E-1	7.416867137E-3
4.980000000E0	4.621243152E-1	7.497527125E-3
4.990000000E0	4.555580985E-1	7.640543231E-3
5.000000000E0	4.490271995E-1	7.959053647E-3
5.010000000E0	4.424088851E-1	8.266756949E-3
5.020000000E0	4.358892844E-1	8.507495969E-3
5.030000000E0	4.294534974E-1	9.276782964E-3
5.040000000E0	4.230671060E-1	9.699194796E-3
5.050000000E0	4.163306688E-1	9.571585961E-3
5.060000000E0	4.098494648E-1	9.712514112E-3
5.070000000E0	4.036742016E-1	1.039952719E-2
5.080000000E0	3.973038209E-1	1.078860483E-2
5.090000000E0	3.909740269E-1	1.139019798E-2
5.100000000E0	3.847736023E-1	1.173412242E-2
5.110000000E0	3.787170824E-1	1.262510909E-2
5.120000000E0	3.729253935E-1	1.286398924E-2
5.130000000E0	3.670925831E-1	1.368243825E-2
5.140000000E0	3.611805714E-1	1.413369453E-2
5.150000000E0	3.553996949E-1	1.492624996E-2
5.160000000E0	3.498334429E-1	1.579715125E-2
5.170000000E0	3.444001045E-1	1.645391883E-2
5.180000000E0	3.388957920E-1	1.713440309E-2
5.190000000E0	3.335911828E-1	1.797735837E-2
5.200000000E0	3.281453209E-1	1.862931298E-2
5.210000000E0	3.229443758E-1	1.949191580E-2
5.220000000E0	3.179608115E-1	2.032676600E-2
5.230000000E0	3.128329872E-1	2.118553836E-2
5.240000000E0	3.079783000E-1	2.178710218E-2
5.250000000E0	3.030473933E-1	2.262340479E-2
5.260000000E0	2.984955922E-1	2.348356830E-2
5.270000000E0	2.938861673E-1	2.425908741E-2
5.280000000E0	2.892828625E-1	2.492358147E-2
5.290000000E0	2.849381316E-1	2.587297048E-2
5.300000000E0	2.806009936E-1	2.669968038E-2
5.310000000E0	2.762852091E-1	2.740102292E-2
5.320000000E0	2.722364395E-1	2.826910926E-2
5.330000000E0	2.684597805E-1	2.915472550E-2
5.340000000E0	2.647598478E-1	3.012616152E-2
5.350000000E0	2.613671695E-1	3.055274165E-2
5.360000000E0	2.581429010E-1	3.144750312E-2
5.370000000E0	2.549890302E-1	3.231009467E-2
5.380000000E0	2.517937824E-1	3.282927486E-2
5.390000000E0	2.489888707E-1	3.364981759E-2
5.400000000E0	2.459221065E-1	3.457923371E-2
5.410000000E0	2.434484220E-1	3.582025030E-2
5.420000000E0	2.406824598E-1	3.679597899E-2
5.430000000E0	2.385095398E-1	3.730236321E-2
5.440000000E0	2.358599561E-1	3.808995345E-2
5.450000000E0	2.339957616E-1	3.839739332E-2
5.460000000E0	2.316159408E-1	3.911279418E-2
5.470000000E0	2.297018028E-1	3.940516911E-2
5.480000000E0	2.277968619E-1	3.962454372E-2
5.490000000E0	2.260780960E-1	4.018503337E-2
5.500000000E0	2.246269534E-1	4.036888303E-2
5.510000000E0	2.231087747E-1	4.058767753E-2
5.520000000E0	2.219878086E-1	4.106332754E-2
5.530000000E0	2.208385434E-1	4.139352016E-2
5.540000000E0	2.198166880E-1	4.146948870E-2
5.550000000E0	2.189095932E-1	4.175760302E-2
5.560000000E0	2.179481041E-1	4.174229327E-2
5.570000000E0	2.175371577E-1	4.214665070E-2
5.580000000E0	2.170976628E-1	4.228887829E-2
5.590000000E0	2.168784284E-1	4.237721452E-2
5.600000000E0	2.165646777E-1	4.235313796E-2
5.610000000E0	2.165989549E-1	4.245035875E-2
5.620000000E0	2.166226271E-1	4.243919305E-2
5.630000000E0	2.168211801E-1	4.239506309E-2
5.640000000E0	2.174839967E-1	4.233562000E-2
5.650000000E0	2.179225728E-1	4.210189897E-2
5.660000000E0	2.186440763E-1	4.203205091E-2
5.670000000E0	2.195920498E-1	4.195645291E-2
5.680000000E0	2.202148939E-1	4.168301716E-2
5.690000000E0	2.215176425E-1	4.150720496E-2
5.700000000E0	2.228654485E-1	4.121081983E-2
5.710000000E0	2.242440006E-1	4.094529152E-2
5.720000000E0	2.256812542E-1	4.038002906E-2
5.730000000E0	2.272865526E-1	4.008122415E-2
5.740000000E0	2.289242210E-1	3.952403367E-2
5.750000000E0	2.309794124E-1	3.925363520E-2
5.760000000E0	2.330841970E-1	3.897582803E-2
5.770000000E0	2.353870463E-1	3.835689342E-2
5.780000000E0	2.375802239E-1	3.803347492E-2
5.790000000E0	2.399622693E-1	3.719506333E-2
5.800000000E0	2.427673987E-1	3.638830363E-2
5.810000000E0	2.453918676E-1	3.570731737E-2
5.820000000E0	2.483303067E-1	3.490223755E-2
5.830000000E0	2.513025938E-1	3.407672321E-2
5.840000000E0	2.545929568E-1	3.325851792E-2
5.850000000E0	2.577941916E-1	3.252934180E-2
5.860000000E0	2.612188865E-1	3.179242601E-2
5.870000000E0	2.647416394E-1	3.107574797E-2
5.880000000E0	2.683635603E-1	3.034360429E-2
5.890000000E0	2.722253165E-1	2.936295378E-2
5.900000000E0	2.760531200E-1	2.863702381E-2
5.910000000E0	2.800439410E-1	2.781540331E-2
5.920000000E0	2.841087659E-1	2.700076247E-2
5.930000000E0	2.882389422E-1	2.612972318E-2
5.940000000E0	2.924320739E-1	2.522453276E-2
5.950000000E0	2.967591067E-1	2.442865917E-2
5.960000000E0	3.012701988E-1	2.369869333E-2
5.970000000E0	3.058507099E-1	2.277879512E-2
5.980000000E0	3.103397928E-1	2.215306180E-2
5.990000000E0	3.148317665E-1	2.143562356E-2
6.000000000E0	3.197780202E-1	2.052462896E-2
6.010000000E0	3.246556552E-1	1.973190528E-2
6.020000000E0	3.295389340E-1	1.893593931E-2
6.030000000E0	3.345660473E-1	1.821202071E-2
6.040000000E0	3.396636923E-1	1.744145418E-2
6.050000000E0	3.448143550E-1	1.666240443E-2
6.060000000E0	3.499382723E-1	1.599706156E-2
6.070000000E0	3.552583092E-1	1.525211915E-2
6.080000000E0	3.606107043E-1	1.466854387E-2
6.090000000E0	3.661694857E-1	1.402419554E-2
6.100000000E0	3.716988757E-1	1.333423439E-2
6.110000000E0	3.773055112E-1	1.278141218E-2
6.120000000E0	3.829133566E-1	1.249040590E-2
6.130000000E0	3.885314108E-1	1.218041427E-2
6.140000000E0	3.941837001E-1	1.136179483E-2
6.150000000E0	3.999183866E-1	1.073183226E-2
6.160000000E0	4.056685866E-1	1.046965116E-2
6.170000000E0	4.114160675E-1	1.001692566E-2
6.180000000E0	4.172705914E-1	9.782028920E-3
6.190000000E0	4.232067488E-1	9.773790976E-3
6.200000000E0	4.291020476E-1	9.389743429E-3
6.210000000E0	4.349661239E-1	9.026038279E-3
6.220000000E0	4.410720542E-1	8.709023319E-3
6.230000000E0	4.468669858E-1	8.385826420E-3
6.240000000E0	4.530070655E-1	8.198811529E-3
6.250000000E0	4.588144999E-1	8.015649329E-3
6.260000000E0	4.647926692E-1	8.092745797E-3
6.270000000E0	4.708044806E-1	7.901411693E-3
6.280000000E0	4.767410558E-1	7.841598312E-3
6.290000000E0	4.828352183E-1	7.813952578E-3
6.300000000E0	4.886879794E-1	7.835899198E-3
6.310000000E0	4.949062134E-1	7.769031923E-3
6.320000000E0	5.008733954E-1	7.720120065E-3
6.330000000E0	5.069777512E-1	7.354804580E-3
6.340000000E0	5.129158864E-1	7.325584734E-3
6.350000000E0	5.188713649E-1	7.303575186E-3
6.360000000E0	5.248870963E-1	7.246341666E-3
6.370000000E0	5.307131330E-1	7.257620435E-3
6.380000000E0	5.366816483E-1	7.227415482E-3
6.390000000E0	5.426425173E-1	7.319650273E-3
6.400000000E0	5.484679042E-1	7.337577715E-3
6.410000000E0	5.542738986E-1	7.263275628E-3
6.420000000E0	5.601974681E-1	7.345279341E-3
6.430000000E0	5.659279305E-1	7.376493006E-3
6.440000000E0	5.716996048E-1	7.583792004E-3
6.450000000E0	5.774269999E-1	7.477478897E-3
6.460000000E0	5.832329262E-1	7.497812950E-3
6.470000000E0	5.889385505E-1	7.500420726E-3
6.480000000E0	5.946331870E-1	7.447806092E-3
6.490000000E0	6.002384543E-1	7.586297300E-3
6.500000000E0	6.057704875E-1	7.697202149E-3
6.510000000E0	6.111832865E-1	8.514555683E-3
6.520000000E0	6.169059502E-1	9.229464629E-3
6.530000000E0	6.225355006E-1	9.251193008E-3
6.540000000E0	6.279392030E-1	9.110541625E-3
6.550000000E0	6.334592752E-1	9.348029820E-3
6.560000000E0	6.388976298E-1	9.414016476E-3
6.570000000E0	6.444817409E-1	9.693090806E-3
6.580000000E0	6.497777696E-1	1.019992187E-2
6.590000000E0	6.551230260E-1	1.066003206E-2
6.600000000E0	6.604485209E-1	1.121857723E-2
6.610000000E0	6.657450554E-1	1.172585890E-2
6.620000000E0	6.707906907E-1	1.239679811E-2
6.630000000E0	6.759029711E-1	1.291863398E-2
6.640000000E0	6.806870231E-1	1.359184912E-2
6.650000000E0	6.855689331E-1	1.418357248E-2
6.660000000E0	6.904508591E-1	1.484812967E-2
6.670000000E0	6.950013497E-1	1.568351093E-2
6.680000000E0	6.995665722E-1	1.624367205E-2
6.690000000E0	7.040659056E-1	1.699065497E-2
6.700000000E0	7.084018221E-1	1.779327947E-2
6.710000000E0	7.126287742E-1	1.848354762E-2
6.720000000E0	7.168627029E-1	1.936574186E-2
6.730000000E0	7.211255038E-1	2.025653862E-2
6.740000000E0	7.252240884E-1	2.088137015E-2
6.750000000E0	7.292230644E-1	2.149544866E-2
6.760000000E0	7.331140147E-1	2.253759886E-2
6.770000000E0	7.368173241E-1	2.295857598E-2
6.780000000E0	7.402604251E-1	2.369639687E-2
6.790000000E0	7.437107614E-1	2.460903226E-2
6.800000000E0	7.469168560E-1	2.507889200E-2
6.810000000E0	7.500641050E-1	2.594123179E-2
6.820000000E0	7.532512214E-1	2.679401857E-2
6.830000000E0	7.563408531E-1	2.741283061E-2
6.840000000E0	7.591055480E-1	2.798594168E-2
6.850000000E0	7.619268749E-1	2.853148049E-2
6.860000000E0	7.643927725E-1	2.919057394E-2
6.870000000E0	7.668367271E-1	2.954770893E-2
6.880000000E0	7.691436548E-1	3.027814052E-2
6.890000000E0	7.717245006E-1	3.053084352E-2
6.900000000E0	7.736532310E-1	3.128320946E-2
6.910000000E0	7.756958303E-1	3.170616199E-2
6.920000000E0	7.773617532E-1	3.234992067E-2
6.930000000E0	7.791841546E-1	3.261108269E-2
6.940000000E0	7.808776350E-1	3.296086099E-2
6.950000000E0	7.820192137E-1	3.350423572E-2
6.960000000E0	7.832228894E-1	3.371792921E-2
6.970000000E0	7.844137304E-1	3.393709827E-2
6.980000000E0	7.852997490E-1	3.427223318E-2
6.990000000E0	7.862484478E-1	3.469622824E-2
7.000000000E0	7.872225605E-1	3.476205990E-2
7.010000000E0	7.876019410E-1	3.486112910E-2
7.020000000E0	7.883083854E-1	3.489443702E-2
7.030000000E0	7.885755356E-1	3.488323413E-2
7.040000000E0	7.887724999E-1	3.498370079E-2
7.050000000E0	7.887784875E-1	3.492862187E-2
7.060000000E0	7.886554421E-1	3.485669909E-2
7.070000000E0	7.884869792E-1	3.480966181E-2
7.080000000E0	7.883583668E-1	3.475809040E-2
7.090000000E0	7.877078330E-1	3.477103207E-2
7.100000000E0	7.872681133E-1	3.465442011E-2
7.110000000E0	7.863918864E-1	3.457366124E-2
7.120000000E0	7.855112525E-1	3.434811658E-2
7.130000000E0	7.845548930E-1	3.408213858E-2
7.140000000E0	7.837404750E-1	3.365531861E-2
7.150000000E0	7.825388558E-1	3.348499757E-2
7.160000000E0	7.809894325E-1	3.324190232E-2
7.170000000E0	7.796258690E-1	3.282064116E-2
7.180000000E0	7.777269524E-1	3.246071739E-2
7.190000000E0	7.762317243E-1	3.187250849E-2
7.200000000E0	7.741581092E-1	3.138599817E-2
7.210000000E0	7.722269992E-1	3.088354023E-2
7.220000000E0	7.698485469E-1	3.032453105E-2
7.230000000E0	7.676606793E-1	2.969163422E-2
7.240000000E0	7.651778469E-1	2.912586176E-2
7.250000000E0	7.627158237E-1	2.831655769E-2
7.260000000E0	7.599935056E-1	2.800645851E-2
7.270000000E0	7.574282567E-1	2.714010559E-2
7.280000000E0	7.543680269E-1	2.674905348E-2
7.290000000E0	7.511950830E-1	2.593991989E-2
7.300000000E0	7.480726537E-1	2.510503400E-2
7.310000000E0	7.446169739E-1	2.464567534E-2
7.320000000E0	7.412437646E-1	2.386236871E-2
7.330000000E0	7.378348371E-1	2.315054567E-2
7.340000000E0	7.343217254E-1	2.248834216E-2
7.350000000E0	7.307172856E-1	2.155541470E-2
7.360000000E0	7.269796392E-1	2.077045148E-2
7.370000000E0	7.231677575E-1	2.004527062E-2
7.380000000E0	7.191217066E-1	1.943183347E-2
7.390000000E0	7.149652306E-1	1.858026879E-2
7.400000000E0	7.109270530E-1	1.783297146E-2
7.410000000E0	7.068566834E-1	1.717925690E-2
7.420000000E0	7.025491652E-1	1.629234795E-2
7.430000000E0	6.981808055E-1	1.578366255E-2
7.440000000E0	6.937909864E-1	1.509670988E-2
7.450000000E0	6.893285401E-1	1.466179584E-2
7.460000000E0	6.848568940E-1	1.381814947E-2
7.470000000E0	6.803484078E-1	1.307590539E-2
7.480000000E0	6.755479296E-1	1.255855094E-2
7.490000000E0	6.708828978E-1	1.181573396E-2
7.500000000E0	6.659974530E-1	1.131143888E-2
7.510000000E0	6.610045075E-1	1.064752858E-2
7.520000000E0	6.561591039E-1	1.020403078E-2
7.530000000E0	6.511008937E-1	9.532368779E-3
7.540000000E0	6.462298896E-1	9.352619348E-3
7.550000000E0	6.410443802E-1	9.090367289E-3
7.560000000E0	6.359973374E-1	8.667013520E-3
7.570000000E0	6.309410081E-1	8.382249665E-3
7.580000000E0	6.255352037E-1	8.357580890E-3
7.590000000E0	6.207717315E-1	8.541034801E-3
7.600000000E0	6.153557391E-1	8.854227162E-3
7.610000000E0	6.101970533E-1	8.431364281E-3
7.620000000E0	6.050204453E-1	8.216123096E-3
7.630000000E0	6.000127367E-1	8.078520103E-3
7.640000000E0	5.948598427E-1	7.946634732E-3
7.650000000E0	5.897774105E-1	8.117831479E-3
7.660000000E0	5.847363272E-1	8.032640381E-3
7.670000000E0	5.794790913E-1	8.069624860E-3
7.680000000E0	5.745068907E-1	8.004566726E-3
7.690000000E0	5.693320735E-1	7.965496006E-3
7.700000000E0	5.640443737E-1	8.016499480E-3
7.710000000E0	5.590631455E-1	8.135619997E-3
7.720000000E0	5.538595891E-1	8.044129946E-3
7.730000000E0	5.486157466E-1	7.975825348E-3
7.740000000E0	5.435157567E-1	8.126092745E-3
7.750000000E0	5.383714010E-1	8.054653738E-3
7.760000000E0	5.330509720E-1	8.098744062E-3
7.770000000E0	5.280069358E-1	8.046454976E-3
7.780000000E0	5.228752978E-1	8.142452946E-3
7.790000000E0	5.175718423E-1	8.015387208E-3
7.800000000E0	5.125819824E-1	8.192853267E-3
7.810000000E0	5.074162861E-1	8.183038111E-3
7.820000000E0	5.021573273E-1	8.174937060E-3
7.830000000E0	4.971801678E-1	8.287270941E-3
7.840000000E0	4.920512463E-1	8.188865803E-3
7.850000000E0	4.869492945E-1	8.221719219E-3
7.860000000E0	4.819698825E-1	8.311761202E-3
7.870000000E0	4.769036617E-1	8.218192190E-3
7.880000000E0	4.719473048E-1	8.337744269E-3
7.890000000E0	4.668571465E-1	8.331134525E-3
7.900000000E0	4.620364738E-1	8.597102161E-3
7.910000000E0	4.570356670E-1	8.407180534E-3
7.920000000E0	4.520959000E-1	8.669356184E-3
7.930000000E0	4.473266892E-1	8.497468312E-3
7.940000000E0	4.423987894E-1	8.687632916E-3
7.950000000E0	4.376796804E-1	8.732351501E-3
7.960000000E0	4.329308460E-1	8.850112532E-3
7.970000000E0	4.281589279E-1	9.464902732E-3
7.980000000E0	4.234784409E-1	9.690467361E-3
7.990000000E0	4.185869840E-1	9.606486294E-3
8.000000000E0	4.138147402E-1	9.689841517E-3
8.010000000E0	4.092999942E-1	9.929377104E-3
8.020000000E0	4.048274912E-1	1.015123747E-2
8.030000000E0	4.003268157E-1	1.056147270E-2
8.040000000E0	3.960332057E-1	1.077828180E-2
8.050000000E0	3.916403333E-1	1.111380488E-2
8.060000000E0	3.873244626E-1	1.162093341E-2
8.070000000E0	3.830527981E-1	1.211256155E-2
8.080000000E0	3.786759508E-1	1.246450978E-2
8.090000000E0	3.744607497E-1	1.275847302E-2
8.100000000E0	3.702658067E-1	1.318125166E-2
8.110000000E0	3.665265105E-1	1.375087385E-2
8.120000000E0	3.625916987E-1	1.410105473E-2
8.130000000E0	3.588659195E-1	1.460388225E-2
8.140000000E0	3.549908037E-1	1.499580089E-2
8.150000000E0	3.513519461E-1	1.544584288E-2
8.160000000E0	3.477457354E-1	1.591014680E-2
8.170000000E0	3.442709488E-1	1.631214562E-2
8.180000000E0	3.408436039E-1	1.684237983E-2
8.190000000E0	3.375705283E-1	1.731237526E-2
8.200000000E0	3.342855102E-1	1.786898348E-2
8.210000000E0	3.310876947E-1	1.831602292E-2
8.220000000E0	3.280459069E-1	1.880869784E-2
8.230000000E0	3.249700411E-1	1.926169168E-2
8.240000000E0	3.220552515E-1	1.956474452E-2
8.250000000E0	3.192595148E-1	2.016845524E-2
8.260000000E0	3.164123697E-1	2.054820897E-2
8.270000000E0	3.138533921E-1	2.128319090E-2
8.280000000E0	3.112515031E-1	2.156717198E-2
8.290000000E0	3.089160240E-1	2.190435115E-2
8.300000000E0	3.065991739E-1	2.237724691E-2
8.310000000E0	3.044326591E-1	2.276963907E-2
8.320000000E0	3.022951350E-1	2.297973797E-2
8.330000000E0	3.001828013E-1	2.338603715E-2
8.340000000E0	2.981382642E-1	2.382982606E-2
8.350000000E0	2.961763639E-1	2.425909680E-2
8.360000000E0	2.944410067E-1	2.462578729E-2
8.370000000E0	2.927987748E-1	2.487229481E-2
8.380000000E0	2.913112770E-1	2.499284234E-2
8.390000000E0	2.898917769E-1	2.518242862E-2
8.400000000E0	2.884227289E-1	2.555482281E-2
8.410000000E0	2.871370176E-1	2.592064181E-2
8.420000000E0	2.859773510E-1	2.607110139E-2
8.430000000E0	2.849726528E-1	2.620038859E-2
8.440000000E0	2.840413041E-1	2.627513612E-2
8.450000000E0	2.830859196E-1	2.654574309E-2
8.460000000E0	2.824226778E-1	2.693521183E-2
8.470000000E0	2.816383844E-1	2.694855384E-2
8.480000000E0	2.812267446E-1	2.714929181E-2
8.490000000E0	2.809017543E-1	2.708994208E-2
8.500000000E0	2.804909118E-1	2.706425019E-2
8.510000000E0	2.804100353E-1	2.709798030E-2
8.520000000E0	2.804041381E-1	2.716510192E-2
8.530000000E0	2.804608391E-1	2.705683988E-2
8.540000000E0	2.805579561E-1	2.708782670E-2
8.550000000E0	2.807476939E-1	2.700526570E-2
8.560000000E0	2.811020553E-1	2.698488793E-2
8.570000000E0	2.817275191E-1	2.690086413E-2
8.580000000E0	2.824694421E-1	2.675212507E-2
8.590000000E0	2.830856356E-1	2.670710355E-2
8.600000000E0	2.838797106E-1	2.664895775E-2
8.610000000E0	2.847619319E-1	2.640262659E-2
8.620000000E0	2.858872020E-1	2.601562239E-2
8.630000000E0	2.870365161E-1	2.590127680E-2
8.640000000E0	2.882106289E-1	2.573947517E-2
8.650000000E0	2.895428910E-1	2.551799987E-2
8.660000000E0	2.910569623E-1	2.517953215E-2
8.670000000E0	2.926857870E-1	2.487844143E-2
8.680000000E0	2.943577752E-1	2.459008947E-2
8.690000000E0	2.960510545E-1	2.426403162E-2
8.700000000E0	2.980214371E-1	2.377866558E-2
8.710000000E0	3.000837758E-1	2.359074093E-2
8.720000000E0	3.021952315E-1	2.310117198E-2
8.730000000E0	3.043605382E-1	2.260993921E-2
8.740000000E0	3.066389270E-1	2.222249104E-2
8.750000000E0	3.091280665E-1	2.187940082E-2
8.760000000E0	3.114408936E-1	2.143474784E-2
8.770000000E0	3.138797057E-1	2.108215481E-2
8.780000000E0	3.165334053E-1	2.057646069E-2
8.790000000E0	3.192619851E-1	2.029718638E-2
8.800000000E0	3.221248438E-1	1.978215569E-2
8.810000000E0	3.249065069E-1	1.930372742E-2
8.820000000E0	3.278902404E-1	1.894185126E-2
8.830000000E0	3.309205234E-1	1.836734260E-2
8.840000000E0	3.338031878E-1	1.802356027E-2
8.850000000E0	3.369989544E-1	1.741960733E-2
8.860000000E0	3.402095316E-1	1.703656152E-2
8.870000000E0	3.435603235E-1	1.668451275E-2
8.880000000E0	3.467309983E-1	1.611059540E-2
8.890000000E0	3.502956503E-1	1.584219440E-2
8.900000000E0	3.538619220E-1	1.524255450E-2
8.910000000E0	3.576402083E-1	1.482746916E-2
8.920000000E0	3.612023748E-1	1.416937128E-2
8.930000000E0	3.648725324E-1	1.373254319E-2
8.940000000E0	3.687711831E-1	1.334762420E-2
8.950000000E0	3.725069826E-1	1.287940653E-2
8.960000000E0	3.765385611E-1	1.261164687E-2
8.970000000E0	3.806617668E-1	1.221170277E-2
8.980000000E0	3.845366534E-1	1.179612583E-2
8.990000000E0	3.885487376E-1	1.141759908E-2
9.000000000E0	3.927424465E-1	1.118081878E-2
9.010000000E0	3.970281508E-1	1.090011460E-2
9.020000000E0	4.013080506E-1	1.045822538E-2
9.030000000E0	4.054724723E-1	1.031235561E-2
9.040000000E0	4.098223259E-1	1.008279576E-2
9.050000000E0	4.140415951E-1	9.841978097E-3
9.060000000E0	4.182655096E-1	9.586657118E-3
9.070000000E0	4.228169494E-1	9.674504163E-3
9.080000000E0	4.271722346E-1	9.490985905E-3
9.090000000E0	4.315786937E-1	9.025148919E-3
9.100000000E0	4.360212385E-1	8.975321321E-3
9.110000000E0	4.404236285E-1	9.140787854E-3
9.120000000E0	4.448379610E-1	9.065589664E-3
9.130000000E0	4.492521459E-1	8.767330864E-3
9.140000000E0	4.537265661E-1	8.322197502E-3
9.150000000E0	4.582339604E-1	8.193611070E-3
9.160000000E0	4.626653426E-1	8.087081142E-3
9.170000000E0	4.671204198E-1	8.037583116E-3
9.180000000E0	4.715154957E-1	7.983916386E-3
9.190000000E0	4.761073848E-1	8.076594992E-3
9.200000000E0	4.809223919E-1	8.131984547E-3
9.210000000E0	4.854236927E-1	8.072747646E-3
9.220000000E0	4.899739602E-1	8.008053384E-3
9.230000000E0	4.945082519E-1	7.962316271E-3
9.240000000E0	4.989777419E-1	8.086325716E-3
9.250000000E0	5.038316506E-1	8.113993252E-3
9.260000000E0	5.084834086E-1	8.193324658E-3
9.270000000E0	5.129945992E-1	8.188164820E-3
9.280000000E0	5.175789497E-1	8.115148906E-3
9.290000000E0	5.220543868E-1	8.181320133E-3
9.300000000E0	5.264722924E-1	8.190502392E-3
9.310000000E0	5.310873675E-1	8.157725304E-3
9.320000000E0	5.354114566E-1	8.222573648E-3
9.330000000E0	5.397788551E-1	8.267141663E-3
9.340000000E0	5.440966578E-1	8.285145865E-3
9.350000000E0	5.484757934E-1	8.314684941E-3
9.360000000E0	5.528625277E-1	8.302135279E-3
9.370000000E0	5.572422017E-1	8.356732124E-3
9.380000000E0	5.615686238E-1	8.368341555E-3
9.390000000E0	5.659135654E-1	8.397971943E-3
9.400000000E0	5.703001554E-1	8.347248619E-3
9.410000000E0	5.746729247E-1	8.397420588E-3
9.420000000E0	5.790606249E-1	8.426819461E-3
9.430000000E0	5.834180559E-1	8.431814692E-3
9.440000000E0	5.878175211E-1	8.362590457E-3
9.450000000E0	5.921437692E-1	8.437618299E-3
9.460000000E0	5.964496651E-1	8.593657722E-3
9.470000000E0	6.005060450E-1	8.451920639E-3
9.480000000E0	6.045160502E-1	8.622915006E-3
9.490000000E0	6.088371572E-1	8.770466152E-3
9.500000000E0	6.132449203E-1	9.387944239E-3
9.510000000E0	6.175296220E-1	9.579131424E-3
9.520000000E0	6.217196921E-1	9.401948147E-3
9.530000000E0	6.258872846E-1	9.554185879E-3
9.540000000E0	6.301010132E-1	9.504446767E-3
9.550000000E0	6.341887129E-1	9.641063579E-3
9.560000000E0	6.385091655E-1	9.891327667E-3
9.570000000E0	6.427742365E-1	1.022536168E-2
9.580000000E0	6.466505111E-1	1.060130465E-2
9.590000000E0	6.506278219E-1	1.082642474E-2
9.600000000E0	6.543831343E-1	1.121665934E-2
9.610000000E0	6.582875132E-1	1.163056973E-2
9.620000000E0	6.618722793E-1	1.191296327E-2
9.630000000E0	6.657354134E-1	1.260635205E-2
9.640000000E0	6.693463059E-1	1.280353742E-2
9.650000000E0	6.728716965E-1	1.335452725E-2
9.660000000E0	6.762294071E-1	1.383436661E-2
9.670000000E0	6.795376763E-1	1.407508506E-2
9.680000000E0	6.828511034E-1	1.458060913E-2
9.690000000E0	6.860006027E-1	1.495988374E-2
9.700000000E0	6.892607169E-1	1.543967246E-2
9.710000000E0	6.924745231E-1	1.592086344E-2
9.720000000E0	6.953507537E-1	1.632263869E-2
9.730000000E0	6.983485190E-1	1.666959210E-2
9.740000000E0	7.012700190E-1	1.716349618E-2
9.750000000E0	7.037626777E-1	1.740010931E-2
