mass_A
t	x	y
0.000000000E0	-1.101837858E-3	1.388315701E-1
1.000000000E-2	-9.879721324E-4	1.388077630E-1
2.000000000E-2	-7.998202016E-4	1.386332132E-1
3.000000000E-2	1.177096707E-4	1.384316798E-1
4.000000000E-2	8.757734567E-4	1.377993647E-1
5.000000000E-2	2.134277333E-3	1.368153161E-1
6.000000000E-2	3.706197864E-3	1.355782504E-1
7.000000000E-2	5.550595433E-3	1.343476170E-1
8.000000000E-2	7.845818682E-3	1.328493393E-1
9.000000000E-2	1.025839365E-2	1.309150016E-1
1.000000000E-1	1.328240487E-2	1.290521353E-1
1.100000000E-1	1.667675031E-2	1.269761479E-1
1.200000000E-1	2.008829953E-2	1.245790412E-1
1.300000000E-1	2.403325133E-2	1.221602143E-1
1.400000000E-1	2.811657328E-2	1.194293083E-1
1.500000000E-1	3.274354964E-2	1.169041199E-1
1.600000000E-1	3.739647083E-2	1.140473656E-1
1.700000000E-1	4.231738989E-2	1.111729739E-1
1.800000000E-1	4.759562300E-2	1.086715796E-1
1.900000000E-1	5.338871077E-2	1.059368354E-1
2.000000000E-1	5.890330674E-2	1.023299504E-1
2.100000000E-1	6.498238799E-2	9.858429046E-2
2.200000000E-1	7.150432120E-2	9.533144117E-2
2.300000000E-1	7.820105581E-2	9.205176520E-2
2.400000000E-1	8.505287517E-2	8.870261977E-2
2.500000000E-1	9.195041149E-2	8.517509274E-2
2.600000000E-1	9.929761566E-2	8.175137451E-2
2.700000000E-1	1.068603861E-1	7.852118420E-2
2.800000000E-1	1.143664898E-1	7.497840881E-2
2.900000000E-1	1.224639884E-1	7.155929404E-2
3.000000000E-1	1.304718758E-1	6.808250537E-2
3.100000000E-1	1.386059415E-1	6.510272295E-2
3.200000000E-1	1.471713502E-1	6.193530876E-2
3.300000000E-1	1.558142759E-1	5.872695945E-2
3.400000000E-1	1.644842641E-1	5.556936094E-2
3.500000000E-1	1.732793273E-1	5.234971831E-2
3.600000000E-1	1.820734062E-1	4.961279357E-2
3.700000000E-1	1.910804279E-1	4.697509424E-2
3.800000000E-1	2.001901498E-1	4.441161800E-2
3.900000000E-1	2.093710149E-1	4.163248953E-2
4.000000000E-1	2.185329355E-1	3.898921390E-2
4.100000000E-1	2.279773551E-1	3.677666217E-2
4.200000000E-1	2.376171728E-1	3.535939107E-2
4.300000000E-1	2.475436343E-1	3.190745688E-2
4.400000000E-1	2.577361086E-1	2.934107651E-2
4.500000000E-1	2.679383971E-1	2.706461336E-2
4.600000000E-1	2.783346130E-1	2.510541722E-2
4.700000000E-1	2.887039013E-1	2.297807484E-2
4.800000000E-1	2.990789864E-1	2.102108319E-2
4.900000000E-1	3.095878878E-1	1.920289613E-2
5.000000000E-1	3.200612868E-1	1.720797907E-2
5.100000000E-1	3.305700698E-1	1.557600607E-2
5.200000000E-1	3.412408451E-1	1.396468952E-2
5.300000000E-1	3.519234697E-1	1.235426574E-2
5.400000000E-1	3.627038571E-1	1.090450745E-2
5.500000000E-1	3.736100677E-1	9.701454477E-3
5.600000000E-1	3.847431763E-1	8.699093023E-3
5.700000000E-1	3.956691030E-1	7.714891397E-3
5.800000000E-1	4.068382422E-1	6.700118337E-3
5.900000000E-1	4.175818284E-1	6.472090650E-3
6.000000000E-1	4.286577689E-1	6.675067384E-3
6.100000000E-1	4.398290244E-1	5.251519762E-3
6.200000000E-1	4.509960587E-1	4.931379733E-3
6.300000000E-1	4.621568828E-1	4.322736371E-3
6.400000000E-1	4.729770552E-1	4.059185309E-3
6.500000000E-1	4.840091700E-1	3.992239889E-3
6.600000000E-1	4.950555686E-1	3.944192930E-3
6.700000000E-1	5.062725478E-1	4.027119882E-3
6.800000000E-1	5.172799526E-1	4.131856957E-3
6.900000000E-1	5.283278488E-1	4.198737088E-3
7.000000000E-1	5.390489355E-1	4.359344921E-3
7.100000000E-1	5.499625953E-1	4.393221458E-3
7.200000000E-1	5.609301989E-1	4.588441309E-3
7.300000000E-1	5.718079673E-1	4.553657444E-3
7.400000000E-1	5.826900276E-1	4.713912362E-3
7.500000000E-1	5.936038859E-1	4.783333304E-3
7.600000000E-1	6.042264247E-1	5.197570776E-3
7.700000000E-1	6.148874703E-1	6.681766719E-3
7.800000000E-1	6.258475220E-1	6.211187877E-3
7.900000000E-1	6.367176911E-1	6.639706934E-3
8.000000000E-1	6.476745879E-1	7.417003625E-3
8.100000000E-1	6.580419327E-1	8.629155857E-3
8.200000000E-1	6.685061990E-1	9.773349133E-3
8.300000000E-1	6.787053401E-1	1.107023039E-2
8.400000000E-1	6.888560685E-1	1.231317002E-2
8.500000000E-1	6.988671529E-1	1.398737048E-2
8.600000000E-1	7.088645714E-1	1.542542063E-2
8.700000000E-1	7.186090159E-1	1.730530675E-2
8.800000000E-1	7.283442963E-1	1.924694605E-2
8.900000000E-1	7.381337280E-1	2.114727859E-2
9.000000000E-1	7.476495438E-1	2.326878278E-2
9.100000000E-1	7.570787194E-1	2.522525014E-2
9.200000000E-1	7.660080062E-1	2.739098765E-2
9.300000000E-1	7.747755788E-1	2.959300646E-2
9.400000000E-1	7.834853677E-1	3.191087623E-2
9.500000000E-1	7.920316978E-1	3.427721085E-2
9.600000000E-1	8.004129242E-1	3.642643949E-2
9.700000000E-1	8.086806480E-1	3.870390299E-2
9.800000000E-1	8.166513207E-1	4.080955513E-2
9.900000000E-1	8.248413371E-1	4.301729074E-2
1.000000000E0	8.330610288E-1	4.533670773E-2
1.010000000E0	8.407208382E-1	4.756324414E-2
1.020000000E0	8.482670452E-1	4.972800514E-2
1.030000000E0	8.554620686E-1	5.201974273E-2
1.040000000E0	8.625585441E-1	5.436622839E-2
1.050000000E0	8.693723484E-1	5.637586917E-2
1.060000000E0	8.760059670E-1	5.869310484E-2
1.070000000E0	8.825422595E-1	6.078914390E-2
1.080000000E0	8.886408440E-1	6.304827644E-2
1.090000000E0	8.947412868E-1	6.559588188E-2
1.100000000E0	9.003492447E-1	6.808589891E-2
1.110000000E0	9.058707801E-1	7.027863550E-2
1.120000000E0	9.112211063E-1	7.265049413E-2
1.130000000E0	9.163046756E-1	7.472302170E-2
1.140000000E0	9.212487356E-1	7.706756577E-2
1.150000000E0	9.257641263E-1	7.919409842E-2
1.160000000E0	9.301527577E-1	8.133384112E-2
1.170000000E0	9.344593294E-1	8.337077077E-2
1.180000000E0	9.386567373E-1	8.546161069E-2
1.190000000E0	9.421837872E-1	8.735054352E-2
1.200000000E0	9.455905717E-1	8.916438227E-2
1.210000000E0	9.488656783E-1	9.084465906E-2
1.220000000E0	9.519962989E-1	9.239099387E-2
1.230000000E0	9.545933836E-1	9.376936935E-2
1.240000000E0	9.571976318E-1	9.506681937E-2
1.250000000E0	9.596408460E-1	9.641748613E-2
1.260000000E0	9.616703690E-1	9.758679426E-2
1.270000000E0	9.633631197E-1	9.839018910E-2
1.280000000E0	9.649227476E-1	9.919518526E-2
1.290000000E0	9.663625954E-1	9.984734648E-2
1.300000000E0	9.674328831E-1	1.003633779E-1
1.310000000E0	9.683944670E-1	1.008435325E-1
1.320000000E0	9.688015855E-1	1.013055804E-1
1.330000000E0	9.692051119E-1	1.014290481E-1
1.340000000E0	9.696534259E-1	1.014573024E-1
1.350000000E0	9.696809499E-1	1.013896689E-1
1.360000000E0	9.694535229E-1	1.012483372E-1
1.370000000E0	9.689071980E-1	1.011263275E-1
1.380000000E0	9.684743776E-1	1.004747778E-1
1.390000000E0	9.674737128E-1	1.000877911E-1
1.400000000E0	9.663596830E-1	9.928216640E-2
1.410000000E0	9.647821297E-1	9.857122260E-2
1.420000000E0	9.632229106E-1	9.768439297E-2
1.430000000E0	9.613168380E-1	9.666986082E-2
1.440000000E0	9.591090197E-1	9.545633187E-2
1.450000000E0	9.567170843E-1	9.416502126E-2
1.460000000E0	9.542136133E-1	9.255716473E-2
1.470000000E0	9.511449699E-1	9.115904278E-2
1.480000000E0	9.480345241E-1	8.947104863E-2
1.490000000E0	9.446230590E-1	8.792695384E-2
1.500000000E0	9.411074393E-1	8.597408833E-2
1.510000000E0	9.375422785E-1	8.401350547E-2
1.520000000E0	9.335622306E-1	8.202425878E-2
1.530000000E0	9.292253586E-1	8.005815937E-2
1.540000000E0	9.247848837E-1	7.812625417E-2
1.550000000E0	9.201655064E-1	7.595718605E-2
1.560000000E0	9.155779752E-1	7.388849300E-2
1.570000000E0	9.103573118E-1	7.167936317E-2
1.580000000E0	9.051094047E-1	6.945128262E-2
1.590000000E0	8.999191669E-1	6.730761859E-2
1.600000000E0	8.942592848E-1	6.508656906E-2
1.610000000E0	8.884321160E-1	6.285865412E-2
1.620000000E0	8.825966782E-1	6.059100193E-2
1.630000000E0	8.762839472E-1	5.837183173E-2
1.640000000E0	8.697827744E-1	5.612988601E-2
1.650000000E0	8.632266215E-1	5.385851334E-2
1.660000000E0	8.562100189E-1	5.174549354E-2
1.670000000E0	8.494324459E-1	4.954746303E-2
1.680000000E0	8.421068221E-1	4.735409276E-2
1.690000000E0	8.348964557E-1	4.514018808E-2
1.700000000E0	8.274237666E-1	4.285257125E-2
1.710000000E0	8.197531336E-1	4.060022922E-2
1.720000000E0	8.121082511E-1	3.846104929E-2
1.730000000E0	8.041776530E-1	3.674514356E-2
1.740000000E0	7.961885689E-1	3.445897702E-2
1.750000000E0	7.883130895E-1	3.196715659E-2
1.760000000E0	7.800326075E-1	3.003673881E-2
1.770000000E0	7.716262484E-1	2.766251550E-2
1.780000000E0	7.632782372E-1	2.565573551E-2
1.790000000E0	7.547147039E-1	2.339817239E-2
1.800000000E0	7.460302832E-1	2.158985363E-2
1.810000000E0	7.370714418E-1	1.974163117E-2
1.820000000E0	7.280696730E-1	1.813079582E-2
1.830000000E0	7.188336587E-1	1.611395176E-2
1.840000000E0	7.095233916E-1	1.446067230E-2
1.850000000E0	7.000429366E-1	1.299270771E-2
1.860000000E0	6.908270151E-1	1.164089900E-2
1.870000000E0	6.813673407E-1	1.035592333E-2
1.880000000E0	6.719618692E-1	8.888593915E-3
1.890000000E0	6.623844254E-1	7.877935956E-3
1.900000000E0	6.528346787E-1	6.888309185E-3
1.910000000E0	6.431233397E-1	6.010493237E-3
1.920000000E0	6.333273022E-1	5.368026597E-3
1.930000000E0	6.237370603E-1	5.634265511E-3
1.940000000E0	6.138918116E-1	6.390693452E-3
1.950000000E0	6.041432326E-1	5.105573569E-3
1.960000000E0	5.944837675E-1	4.833383373E-3
1.970000000E0	5.849131154E-1	4.434546104E-3
1.980000000E0	5.752471457E-1	4.338048725E-3
1.990000000E0	5.654423875E-1	4.280386113E-3
2.000000000E0	5.559360653E-1	4.276790159E-3
2.010000000E0	5.465024867E-1	4.222300338E-3
2.020000000E0	5.368520680E-1	4.026520006E-3
2.030000000E0	5.271207078E-1	3.723236160E-3
2.040000000E0	5.176703948E-1	3.726828100E-3
2.050000000E0	5.079230220E-1	3.765728238E-3
2.060000000E0	4.982799372E-1	3.460679197E-3
2.070000000E0	4.884698568E-1	3.625082938E-3
2.080000000E0	4.789915753E-1	3.653290399E-3
2.090000000E0	4.694956499E-1	3.726750309E-3
2.100000000E0	4.600873556E-1	4.062980265E-3
2.110000000E0	4.506161904E-1	4.445244468E-3
2.120000000E0	4.412677708E-1	4.452666046E-3
2.130000000E0	4.321975939E-1	5.813019272E-3
2.140000000E0	4.230131769E-1	6.938568601E-3
2.150000000E0	4.135810258E-1	6.506414725E-3
2.160000000E0	4.043832504E-1	6.874085963E-3
2.170000000E0	3.954223016E-1	7.603506297E-3
2.180000000E0	3.861871790E-1	8.612497591E-3
2.190000000E0	3.770653037E-1	9.640864960E-3
2.200000000E0	3.680947367E-1	1.051663064E-2
2.210000000E0	3.592009032E-1	1.172229114E-2
2.220000000E0	3.504363482E-1	1.265860999E-2
2.230000000E0	3.419338703E-1	1.386263984E-2
2.240000000E0	3.335549700E-1	1.541648057E-2
2.250000000E0	3.251994871E-1	1.655095713E-2
2.260000000E0	3.172516297E-1	1.792371669E-2
2.270000000E0	3.089179252E-1	1.901981870E-2
2.280000000E0	3.009220398E-1	2.055508706E-2
2.290000000E0	2.930473027E-1	2.198845710E-2
2.300000000E0	2.853820228E-1	2.388075931E-2
2.310000000E0	2.777046550E-1	2.524231126E-2
2.320000000E0	2.701402502E-1	2.659449313E-2
2.330000000E0	2.624916842E-1	2.850380330E-2
2.340000000E0	2.552789896E-1	3.009835715E-2
2.350000000E0	2.481165171E-1	3.175115263E-2
2.360000000E0	2.414292739E-1	3.424223527E-2
2.370000000E0	2.347536798E-1	3.587634508E-2
2.380000000E0	2.281442380E-1	3.730688902E-2
2.390000000E0	2.215561873E-1	3.878048622E-2
2.400000000E0	2.150915925E-1	4.019685666E-2
2.410000000E0	2.092918567E-1	4.180627544E-2
2.420000000E0	2.036576097E-1	4.372328469E-2
2.430000000E0	1.975800281E-1	4.516118281E-2
2.440000000E0	1.917842793E-1	4.677589673E-2
2.450000000E0	1.863365662E-1	4.836034278E-2
2.460000000E0	1.809757193E-1	4.976316097E-2
2.470000000E0	1.759310922E-1	5.163443409E-2
2.480000000E0	1.709799175E-1	5.291357002E-2
2.490000000E0	1.663929419E-1	5.452840218E-2
2.500000000E0	1.619255447E-1	5.606830921E-2
2.510000000E0	1.574722681E-1	5.754785254E-2
2.520000000E0	1.532492451E-1	5.892151341E-2
2.530000000E0	1.490355940E-1	6.032922177E-2
2.540000000E0	1.454934053E-1	6.190055555E-2
2.550000000E0	1.416383755E-1	6.300631695E-2
2.560000000E0	1.382326049E-1	6.396352868E-2
2.570000000E0	1.350242233E-1	6.530779470E-2
2.580000000E0	1.323048061E-1	6.619687386E-2
2.590000000E0	1.292822724E-1	6.712559050E-2
2.600000000E0	1.267765944E-1	6.820465948E-2
2.610000000E0	1.245708448E-1	6.923484291E-2
2.620000000E0	1.224673178E-1	7.017394666E-2
2.630000000E0	1.203710984E-1	7.071450421E-2
2.640000000E0	1.189307195E-1	7.156467934E-2
2.650000000E0	1.178202614E-1	7.228059429E-2
2.660000000E0	1.162294227E-1	7.259930527E-2
2.670000000E0	1.151265605E-1	7.287369907E-2
2.680000000E0	1.145014595E-1	7.355954251E-2
2.690000000E0	1.137332182E-1	7.378189753E-2
2.700000000E0	1.134286977E-1	7.408418847E-2
2.710000000E0	1.133450497E-1	7.413821861E-2
2.720000000E0	1.133723745E-1	7.404758927E-2
2.730000000E0	1.135812780E-1	7.388439836E-2
2.740000000E0	1.138863656E-1	7.360012427E-2
2.750000000E0	1.147123011E-1	7.353503404E-2
2.760000000E0	1.156197281E-1	7.319006201E-2
2.770000000E0	1.167933591E-1	7.265980697E-2
2.780000000E0	1.179965276E-1	7.187931011E-2
2.790000000E0	1.195770884E-1	7.149663942E-2
2.800000000E0	1.213940206E-1	7.064035745E-2
2.810000000E0	1.234174854E-1	6.991503349E-2
2.820000000E0	1.257163240E-1	6.887423048E-2
2.830000000E0	1.280784815E-1	6.786800393E-2
2.840000000E0	1.306332316E-1	6.710304615E-2
2.850000000E0	1.335603850E-1	6.591942368E-2
2.860000000E0	1.366927450E-1	6.485880735E-2
2.870000000E0	1.399819621E-1	6.373901051E-2
2.880000000E0	1.434461337E-1	6.254470216E-2
2.890000000E0	1.468888289E-1	6.113240333E-2
2.900000000E0	1.509020826E-1	5.972485132E-2
2.910000000E0	1.550158401E-1	5.827554470E-2
2.920000000E0	1.590021922E-1	5.642943695E-2
2.930000000E0	1.633988251E-1	5.490968485E-2
2.940000000E0	1.677477356E-1	5.320251318E-2
2.950000000E0	1.726231370E-1	5.182143936E-2
2.960000000E0	1.775325224E-1	5.021722784E-2
2.970000000E0	1.825892584E-1	4.863441328E-2
2.980000000E0	1.876134456E-1	4.712793629E-2
2.990000000E0	1.929559217E-1	4.554739953E-2
3.000000000E0	1.985026858E-1	4.396360433E-2
3.010000000E0	2.040231940E-1	4.229025122E-2
3.020000000E0	2.096129937E-1	4.069416554E-2
3.030000000E0	2.155926664E-1	3.902932203E-2
3.040000000E0	2.216110862E-1	3.739666324E-2
3.050000000E0	2.277870442E-1	3.643018498E-2
3.060000000E0	2.347273751E-1	3.565326993E-2
3.070000000E0	2.410433341E-1	3.423008418E-2
3.080000000E0	2.475422295E-1	3.150316572E-2
3.090000000E0	2.543332987E-1	2.973627830E-2
3.100000000E0	2.613432293E-1	2.824756725E-2
3.110000000E0	2.681679549E-1	2.664062012E-2
3.120000000E0	2.754686742E-1	2.509126993E-2
3.130000000E0	2.827624044E-1	2.370778572E-2
3.140000000E0	2.900360386E-1	2.225983306E-2
3.150000000E0	2.975648188E-1	2.086740472E-2
3.160000000E0	3.050299871E-1	1.967271003E-2
3.170000000E0	3.125913133E-1	1.850644642E-2
3.180000000E0	3.204132610E-1	1.743162762E-2
3.190000000E0	3.281271424E-1	1.630771227E-2
3.200000000E0	3.359889969E-1	1.507883491E-2
3.210000000E0	3.437753581E-1	1.395885794E-2
3.220000000E0	3.516748054E-1	1.269344941E-2
3.230000000E0	3.598241326E-1	1.186790972E-2
3.240000000E0	3.679299512E-1	1.100305567E-2
3.250000000E0	3.762799452E-1	9.990256001E-3
3.260000000E0	3.846161332E-1	9.522217277E-3
3.270000000E0	3.929971226E-1	8.717898341E-3
3.280000000E0	4.012688220E-1	7.780055684E-3
3.290000000E0	4.095925491E-1	7.487214946E-3
3.300000000E0	4.177529357E-1	6.961550084E-3
3.310000000E0	4.262521352E-1	6.842496182E-3
3.320000000E0	4.347665959E-1	5.898674714E-3
3.330000000E0	4.430197813E-1	5.527616451E-3
3.340000000E0	4.514515606E-1	5.362280183E-3
3.350000000E0	4.599040262E-1	5.165276837E-3
3.360000000E0	4.682808169E-1	4.900399838E-3
3.370000000E0	4.767305035E-1	4.431248949E-3
3.380000000E0	4.851359289E-1	4.386373060E-3
3.390000000E0	4.935770886E-1	4.324870678E-3
3.400000000E0	5.022113608E-1	4.367166372E-3
3.410000000E0	5.106684834E-1	4.365793195E-3
3.420000000E0	5.189777363E-1	4.312288616E-3
3.430000000E0	5.274905174E-1	4.427755384E-3
3.440000000E0	5.357021833E-1	4.515361104E-3
3.450000000E0	5.441177070E-1	4.533044060E-3
3.460000000E0	5.522315263E-1	4.583781155E-3
3.470000000E0	5.605704840E-1	4.637188179E-3
3.480000000E0	5.687423835E-1	4.918119223E-3
3.490000000E0	5.769063220E-1	4.765309923E-3
3.500000000E0	5.850522310E-1	4.813561643E-3
3.510000000E0	5.932695593E-1	4.854077348E-3
3.520000000E0	6.012799247E-1	4.809284176E-3
3.530000000E0	6.093431097E-1	5.697981809E-3
3.540000000E0	6.174568123E-1	6.763617743E-3
3.550000000E0	6.257608284E-1	5.915682289E-3
3.560000000E0	6.338694298E-1	6.244533267E-3
3.570000000E0	6.419660091E-1	6.538726859E-3
3.580000000E0	6.499637219E-1	7.381289918E-3
3.590000000E0	6.578463550E-1	7.939713605E-3
3.600000000E0	6.655068512E-1	8.722891697E-3
3.610000000E0	6.731583055E-1	9.641856332E-3
3.620000000E0	6.807802200E-1	1.068806239E-2
3.630000000E0	6.882284685E-1	1.179385142E-2
3.640000000E0	6.956036447E-1	1.291211993E-2
3.650000000E0	7.029132798E-1	1.384536673E-2
3.660000000E0	7.100607862E-1	1.519047225E-2
3.670000000E0	7.172237257E-1	1.639520344E-2
3.680000000E0	7.243248161E-1	1.775397822E-2
3.690000000E0	7.312636133E-1	1.887085815E-2
3.700000000E0	7.382403748E-1	2.020978657E-2
3.710000000E0	7.449086340E-1	2.155303947E-2
3.720000000E0	7.514990260E-1	2.306630118E-2
3.730000000E0	7.578862851E-1	2.435381061E-2
3.740000000E0	7.639653895E-1	2.560025721E-2
3.750000000E0	7.699835189E-1	2.728557647E-2
3.760000000E0	7.759167215E-1	2.862116010E-2
3.770000000E0	7.816144491E-1	2.990079485E-2
3.780000000E0	7.870189693E-1	3.120702863E-2
3.790000000E0	7.924128227E-1	3.276634823E-2
3.800000000E0	7.978161753E-1	3.482568013E-2
3.810000000E0	8.027108134E-1	3.644043167E-2
3.820000000E0	8.079375867E-1	3.741298528E-2
3.830000000E0	8.125648514E-1	3.850200760E-2
3.840000000E0	8.169942885E-1	3.969758393E-2
3.850000000E0	8.210994514E-1	4.080703503E-2
3.860000000E0	8.254589546E-1	4.207986284E-2
3.870000000E0	8.297691547E-1	4.325555816E-2
3.880000000E0	8.339301863E-1	4.463189113E-2
3.890000000E0	8.377339772E-1	4.600347021E-2
3.900000000E0	8.415747560E-1	4.723151932E-2
3.910000000E0	8.452557842E-1	4.847360820E-2
3.920000000E0	8.486246160E-1	4.958590950E-2
3.930000000E0	8.518536528E-1	5.064589163E-2
3.940000000E0	8.550593535E-1	5.169695307E-2
3.950000000E0	8.577563161E-1	5.276525508E-2
3.960000000E0	8.605781035E-1	5.381687585E-2
3.970000000E0	8.629913079E-1	5.471716974E-2
3.980000000E0	8.653011154E-1	5.546620344E-2
3.990000000E0	8.674582697E-1	5.618990141E-2
4.000000000E0	8.693814955E-1	5.706769214E-2
4.010000000E0	8.713707274E-1	5.762459311E-2
4.020000000E0	8.728832470E-1	5.840515659E-2
4.030000000E0	8.743631864E-1	5.864988943E-2
4.040000000E0	8.757801719E-1	5.920508646E-2
4.050000000E0	8.771426633E-1	5.953958587E-2
4.060000000E0	8.783408512E-1	5.975876086E-2
4.070000000E0	8.793808934E-1	6.001725678E-2
4.080000000E0	8.797482601E-1	6.039398533E-2
4.090000000E0	8.803202184E-1	6.053134952E-2
4.100000000E0	8.806209929E-1	6.058330175E-2
4.110000000E0	8.808314125E-1	6.061573458E-2
4.120000000E0	8.807120996E-1	6.060274371E-2
4.130000000E0	8.805016274E-1	6.057143053E-2
4.140000000E0	8.802925643E-1	6.053372863E-2
4.150000000E0	8.796413641E-1	6.036591334E-2
4.160000000E0	8.791381236E-1	5.980128450E-2
4.170000000E0	8.781397697E-1	5.952120291E-2
4.180000000E0	8.769796407E-1	5.924770967E-2
4.190000000E0	8.759169064E-1	5.852318357E-2
4.200000000E0	8.742860164E-1	5.826468668E-2
4.210000000E0	8.727629960E-1	5.740163793E-2
4.220000000E0	8.707852053E-1	5.695487522E-2
4.230000000E0	8.687918784E-1	5.617152318E-2
4.240000000E0	8.665446299E-1	5.526781300E-2
4.250000000E0	8.640760162E-1	5.466504334E-2
4.260000000E0	8.617263498E-1	5.396055050E-2
4.270000000E0	8.590128166E-1	5.300728406E-2
4.280000000E0	8.563577270E-1	5.207046047E-2
4.290000000E0	8.532508811E-1	5.097863756E-2
4.300000000E0	8.500561760E-1	4.994115215E-2
4.310000000E0	8.465291356E-1	4.896378213E-2
4.320000000E0	8.430700082E-1	4.771929698E-2
4.330000000E0	8.396013801E-1	4.651445568E-2
4.340000000E0	8.355766007E-1	4.531046604E-2
4.350000000E0	8.317849573E-1	4.402934325E-2
4.360000000E0	8.276586901E-1	4.289887851E-2
4.370000000E0	8.233625115E-1	4.154680387E-2
4.380000000E0	8.189646391E-1	4.014009487E-2
4.390000000E0	8.144280391E-1	3.915654960E-2
4.400000000E0	8.099443494E-1	3.792433295E-2
4.410000000E0	8.053624301E-1	3.725951659E-2
4.420000000E0	8.001044130E-1	3.573468513E-2
4.430000000E0	7.952636342E-1	3.430587698E-2
4.440000000E0	7.902125643E-1	3.289318239E-2
4.450000000E0	7.849619409E-1	3.156417729E-2
4.460000000E0	7.794586227E-1	3.007103382E-2
4.470000000E0	7.737977841E-1	2.862275892E-2
4.480000000E0	7.681519258E-1	2.737002242E-2
4.490000000E0	7.624557888E-1	2.570942328E-2
4.500000000E0	7.565537622E-1	2.426720685E-2
4.510000000E0	7.506058979E-1	2.311506826E-2
4.520000000E0	7.444707483E-1	2.191765205E-2
4.530000000E0	7.383023815E-1	2.062959836E-2
4.540000000E0	7.318565239E-1	1.928429713E-2
4.550000000E0	7.251853455E-1	1.803322170E-2
4.560000000E0	7.185269012E-1	1.654853155E-2
4.570000000E0	7.118852342E-1	1.536940398E-2
4.580000000E0	7.051887571E-1	1.416158212E-2
4.590000000E0	6.983687638E-1	1.317007693E-2
4.600000000E0	6.915928174E-1	1.213276727E-2
4.610000000E0	6.847201047E-1	1.116951846E-2
4.620000000E0	6.775862941E-1	1.004039877E-2
4.630000000E0	6.705504601E-1	9.043511749E-3
4.640000000E0	6.634795890E-1	8.528093184E-3
4.650000000E0	6.562998513E-1	7.631262548E-3
4.660000000E0	6.491279640E-1	6.906289508E-3
4.670000000E0	6.417325880E-1	6.360236933E-3
4.680000000E0	6.343503079E-1	6.270419365E-3
4.690000000E0	6.270348179E-1	5.676297143E-3
4.700000000E0	6.195805956E-1	6.313187892E-3
4.710000000E0	6.117019705E-1	5.961702622E-3
4.720000000E0	6.047237022E-1	5.346092401E-3
4.730000000E0	5.974567502E-1	5.070209892E-3
4.740000000E0	5.900778636E-1	4.941078142E-3
4.750000000E0	5.829346972E-1	4.753419555E-3
4.760000000E0	5.755855020E-1	4.504960835E-3
4.770000000E0	5.684400856E-1	4.446328117E-3
4.780000000E0	5.610451593E-1	4.377928709E-3
4.790000000E0	5.536430938E-1	4.263984815E-3
4.800000000E0	5.463918226E-1	4.275459810E-3
4.810000000E0	5.390582326E-1	4.289665845E-3
4.820000000E0	5.317207570E-1	4.149181811E-3
4.830000000E0	5.245208553E-1	4.183027903E-3
4.840000000E0	5.171335762E-1	4.288959204E-3
4.850000000E0	5.098717342E-1	4.281942050E-3
4.860000000E0	5.025516416E-1	4.343776501E-3
4.870000000E0	4.953427681E-1	4.329675621E-3
4.880000000E0	4.880734951E-1	4.379047581E-3
4.890000000E0	4.808653240E-1	4.365553701E-3
4.900000000E0	4.736359807E-1	4.444890519E-3
4.910000000E0	4.663810108E-1	4.564231589E-3
4.920000000E0	4.593716394E-1	4.691994752E-3
4.930000000E0	4.522246120E-1	4.904550138E-3
4.940000000E0	4.451506906E-1	5.148170841E-3
4.950000000E0	4.383279178E-1	5.553161140E-3
4.960000000E0	4.317844096E-1	5.979447022E-3
4.970000000E0	4.247945114E-1	6.830807300E-3
4.980000000E0	4.176669480E-1	6.766493748E-3
4.990000000E0	4.109089536E-1	6.879255724E-3
5.000000000E0	4.041769663E-1	7.515260719E-3
5.010000000E0	3.975091915E-1	8.004523985E-3
5.020000000E0	3.907803067E-1	8.592437342E-3
5.030000000E0	3.842348923E-1	9.202516203E-3
5.040000000E0	3.777825475E-1	9.845674587E-3
5.050000000E0	3.712257564E-1	1.035551179E-2
5.060000000E0	3.647735549E-1	1.093858684E-2
5.070000000E0	3.585879254E-1	1.177312557E-2
5.080000000E0	3.521689730E-1	1.248566987E-2
5.090000000E0	3.462606664E-1	1.326653960E-2
5.100000000E0	3.401941294E-1	1.420655710E-2
5.110000000E0	3.344022503E-1	1.510567743E-2
5.120000000E0	3.283892220E-1	1.611331382E-2
5.130000000E0	3.227319018E-1	1.716340148E-2
5.140000000E0	3.171608722E-1	1.819256176E-2
5.150000000E0	3.117582429E-1	1.915303829E-2
5.160000000E0	3.062948121E-1	1.991237771E-2
5.170000000E0	3.009839576E-1	2.079847366E-2
5.180000000E0	2.956449533E-1	2.179510863E-2
5.190000000E0	2.906003826E-1	2.288040304E-2
5.200000000E0	2.856535108E-1	2.403581177E-2
5.210000000E0	2.806716785E-1	2.501878306E-2
5.220000000E0	2.761279560E-1	2.608788225E-2
5.230000000E0	2.715147326E-1	2.725082427E-2
5.240000000E0	2.666637253E-1	2.822894132E-2
5.250000000E0	2.623909446E-1	2.934724314E-2
5.260000000E0	2.581135399E-1	3.002292355E-2
5.270000000E0	2.540341695E-1	3.086409941E-2
5.280000000E0	2.501462583E-1	3.183477485E-2
5.290000000E0	2.464869530E-1	3.281849176E-2
5.300000000E0	2.429538576E-1	3.409349523E-2
5.310000000E0	2.392572149E-1	3.511379300E-2
5.320000000E0	2.360621520E-1	3.575054990E-2
5.330000000E0	2.325667694E-1	3.650598133E-2
5.340000000E0	2.295582481E-1	3.722878542E-2
5.350000000E0	2.266895404E-1	3.779111204E-2
5.360000000E0	2.240312160E-1	3.854520666E-2
5.370000000E0	2.214527645E-1	3.917189252E-2
5.380000000E0	2.190878067E-1	3.985076119E-2
5.390000000E0	2.168926919E-1	4.052658919E-2
5.400000000E0	2.147552635E-1	4.102567326E-2
5.410000000E0	2.127780222E-1	4.161249943E-2
5.420000000E0	2.108788075E-1	4.201665010E-2
5.430000000E0	2.092322449E-1	4.262385119E-2
5.440000000E0	2.077018956E-1	4.309916079E-2
5.450000000E0	2.063374833E-1	4.354485535E-2
5.460000000E0	2.050101918E-1	4.398354779E-2
5.470000000E0	2.037801927E-1	4.418043131E-2
5.480000000E0	2.028842520E-1	4.470537121E-2
5.490000000E0	2.018657902E-1	4.497966229E-2
5.500000000E0	2.012071191E-1	4.517384263E-2
5.510000000E0	2.006168846E-1	4.526916729E-2
5.520000000E0	2.002501729E-1	4.526201705E-2
5.530000000E0	2.000659816E-1	4.531079381E-2
5.540000000E0	1.998283006E-1	4.525653930E-2
5.550000000E0	1.998546555E-1	4.526081991E-2
5.560000000E0	2.001882926E-1	4.522046387E-2
5.570000000E0	2.005277838E-1	4.517051180E-2
5.580000000E0	2.010218104E-1	4.499544658E-2
5.590000000E0	2.015664782E-1	4.499409552E-2
5.600000000E0	2.023730861E-1	4.488544337E-2
5.610000000E0	2.031967815E-1	4.451486831E-2
5.620000000E0	2.041332978E-1	4.404156761E-2
5.630000000E0	2.053187081E-1	4.369724994E-2
5.640000000E0	2.068285482E-1	4.336224185E-2
5.650000000E0	2.082742405E-1	4.284211556E-2
5.660000000E0	2.100155885E-1	4.251229718E-2
5.670000000E0	2.117656237E-1	4.183368464E-2
5.680000000E0	2.136825750E-1	4.143855451E-2
5.690000000E0	2.158364548E-1	4.077629367E-2
5.700000000E0	2.180970334E-1	4.027444085E-2
5.710000000E0	2.204341905E-1	3.963092896E-2
5.720000000E0	2.228930490E-1	3.883961064E-2
5.730000000E0	2.253406388E-1	3.836146384E-2
5.740000000E0	2.283457060E-1	3.758362583E-2
5.750000000E0	2.313064880E-1	3.676671118E-2
5.760000000E0	2.343158271E-1	3.615453935E-2
5.770000000E0	2.375234762E-1	3.538718077E-2
5.780000000E0	2.410517361E-1	3.453474864E-2
5.790000000E0	2.447351755E-1	3.343497001E-2
5.800000000E0	2.482034490E-1	3.235767961E-2
5.810000000E0	2.519980903E-1	3.144196294E-2
5.820000000E0	2.559755300E-1	3.071691907E-2
5.830000000E0	2.600927363E-1	2.977067983E-2
5.840000000E0	2.641593321E-1	2.871420227E-2
5.850000000E0	2.686308516E-1	2.785651020E-2
5.860000000E0	2.731538493E-1	2.664386835E-2
5.870000000E0	2.776308330E-1	2.553304695E-2
5.880000000E0	2.822939684E-1	2.452026252E-2
5.890000000E0	2.869506968E-1	2.361493710E-2
5.900000000E0	2.916252238E-1	2.239425652E-2
5.910000000E0	2.966599234E-1	2.139372446E-2
5.920000000E0	3.016083433E-1	2.027633298E-2
5.930000000E0	3.066304396E-1	1.936843366E-2
5.940000000E0	3.117762801E-1	1.870617232E-2
5.950000000E0	3.171347697E-1	1.769570727E-2
5.960000000E0	3.224267247E-1	1.676705690E-2
5.970000000E0	3.280773321E-1	1.589865487E-2
5.980000000E0	3.335464777E-1	1.504676027E-2
5.990000000E0	3.392710514E-1	1.425867029E-2
6.000000000E0	3.447706542E-1	1.348874108E-2
6.010000000E0	3.504984701E-1	1.251118842E-2
6.020000000E0	3.562369964E-1	1.168282080E-2
6.030000000E0	3.619710980E-1	1.096583243E-2
6.040000000E0	3.680681641E-1	1.028087711E-2
6.050000000E0	3.742853896E-1	9.810922090E-3
6.060000000E0	3.804275078E-1	9.225165883E-3
6.070000000E0	3.865686169E-1	8.639874635E-3
6.080000000E0	3.929658064E-1	7.933687094E-3
6.090000000E0	3.989589805E-1	7.475478176E-3
6.100000000E0	4.054031223E-1	7.086581135E-3
6.110000000E0	4.115773239E-1	6.558820820E-3
6.120000000E0	4.177047904E-1	6.561030516E-3
6.130000000E0	4.241323905E-1	6.827520333E-3
6.140000000E0	4.304500861E-1	6.280457712E-3
6.150000000E0	4.369763981E-1	5.811941392E-3
6.160000000E0	4.433147767E-1	5.476324590E-3
6.170000000E0	4.495396683E-1	5.372671112E-3
6.180000000E0	4.559864887E-1	5.232359232E-3
6.190000000E0	4.625241975E-1	4.957182974E-3
6.200000000E0	4.690724631E-1	4.496185161E-3
6.210000000E0	4.755005619E-1	4.246202628E-3
6.220000000E0	4.820905682E-1	4.161877646E-3
6.230000000E0	4.884468051E-1	4.331463407E-3
6.240000000E0	4.947687383E-1	4.296405618E-3
6.250000000E0	5.013477838E-1	4.327178995E-3
6.260000000E0	5.078307352E-1	4.343240102E-3
6.270000000E0	5.143879639E-1	4.349769507E-3
6.280000000E0	5.208225706E-1	4.332503449E-3
6.290000000E0	5.273916621E-1	4.349677669E-3
6.300000000E0	5.337266502E-1	4.419349069E-3
6.310000000E0	5.398765708E-1	4.450494218E-3
6.320000000E0	5.463489564E-1	4.477330073E-3
6.330000000E0	5.526563820E-1	4.447846388E-3
6.340000000E0	5.589192289E-1	4.582227725E-3
6.350000000E0	5.650902078E-1	4.534130686E-3
6.360000000E0	5.713918044E-1	4.683780478E-3
6.370000000E0	5.775045842E-1	4.629701360E-3
6.380000000E0	5.837554404E-1	4.916072263E-3
6.390000000E0	5.900998440E-1	4.514208024E-3
6.400000000E0	5.961693889E-1	4.640794016E-3
6.410000000E0	6.024046522E-1	4.756984058E-3
6.420000000E0	6.085115945E-1	5.524428834E-3
6.430000000E0	6.144266761E-1	6.681431529E-3
6.440000000E0	6.207956289E-1	6.702045267E-3
6.450000000E0	6.268638006E-1	6.388758311E-3
6.460000000E0	6.331816320E-1	6.469987509E-3
6.470000000E0	6.394365302E-1	6.689065511E-3
6.480000000E0	6.454012884E-1	6.748378013E-3
6.490000000E0	6.511784307E-1	7.497628041E-3
6.500000000E0	6.571683528E-1	7.968838046E-3
6.510000000E0	6.628078569E-1	8.485375997E-3
6.520000000E0	6.686398673E-1	8.944695806E-3
6.530000000E0	6.741818041E-1	9.648222074E-3
6.540000000E0	6.798300840E-1	1.028488152E-2
6.550000000E0	6.852317866E-1	1.093165995E-2
6.560000000E0	6.905983102E-1	1.161333057E-2
6.570000000E0	6.961623101E-1	1.241190673E-2
6.580000000E0	7.014875028E-1	1.312747612E-2
6.590000000E0	7.064637107E-1	1.409815005E-2
6.600000000E0	7.117628702E-1	1.467027375E-2
6.610000000E0	7.168383078E-1	1.540151908E-2
6.620000000E0	7.216850175E-1	1.641130364E-2
6.630000000E0	7.266108569E-1	1.730899420E-2
6.640000000E0	7.312666399E-1	1.816173928E-2
6.650000000E0	7.359020040E-1	1.893259098E-2
6.660000000E0	7.402883016E-1	1.978818203E-2
6.670000000E0	7.446341786E-1	2.080158386E-2
6.680000000E0	7.487749436E-1	2.180197078E-2
6.690000000E0	7.526368627E-1	2.263393267E-2
6.700000000E0	7.566348804E-1	2.333066540E-2
6.710000000E0	7.605753758E-1	2.425209757E-2
6.720000000E0	7.639959677E-1	2.532932959E-2
6.730000000E0	7.673445303E-1	2.626958309E-2
6.740000000E0	7.708121312E-1	2.678633927E-2
6.750000000E0	7.739370187E-1	2.760075111E-2
6.760000000E0	7.767581756E-1	2.854825287E-2
6.770000000E0	7.797626142E-1	2.942124373E-2
6.780000000E0	7.827721452E-1	2.998637893E-2
6.790000000E0	7.853262950E-1	3.070206017E-2
6.800000000E0	7.877114642E-1	3.144325579E-2
6.810000000E0	7.902894411E-1	3.203511595E-2
6.820000000E0	7.922902662E-1	3.294886625E-2
6.830000000E0	7.942071360E-1	3.371521094E-2
6.840000000E0	7.963259894E-1	3.429181929E-2
6.850000000E0	7.982963556E-1	3.507053231E-2
6.860000000E0	7.999784357E-1	3.544205217E-2
6.870000000E0	8.018404040E-1	3.602628377E-2
6.880000000E0	8.032312224E-1	3.646768198E-2
6.890000000E0	8.044812000E-1	3.663972589E-2
6.900000000E0	8.056051749E-1	3.687999473E-2
6.910000000E0	8.065917707E-1	3.718154733E-2
6.920000000E0	8.076761861E-1	3.749978264E-2
6.930000000E0	8.086608728E-1	3.764819694E-2
6.940000000E0	8.093797596E-1	3.759007938E-2
6.950000000E0	8.098762465E-1	3.766042773E-2
6.960000000E0	8.103617252E-1	3.780642552E-2
6.970000000E0	8.105957850E-1	3.764733187E-2
6.980000000E0	8.108897925E-1	3.767578843E-2
6.990000000E0	8.108388103E-1	3.766430121E-2
7.000000000E0	8.108530497E-1	3.752896164E-2
7.010000000E0	8.106550962E-1	3.747720166E-2
7.020000000E0	8.101182891E-1	3.749681662E-2
7.030000000E0	8.096057910E-1	3.744722260E-2
7.040000000E0	8.088835614E-1	3.745195940E-2
7.050000000E0	8.080757361E-1	3.743223850E-2
7.060000000E0	8.070804261E-1	3.731245917E-2
7.070000000E0	8.059571453E-1	3.711835297E-2
7.080000000E0	8.046746431E-1	3.683237286E-2
7.090000000E0	8.033509778E-1	3.653780386E-2
7.100000000E0	8.019599244E-1	3.635373957E-2
7.110000000E0	8.001328232E-1	3.574448635E-2
7.120000000E0	7.986679495E-1	3.533007450E-2
7.130000000E0	7.967569676E-1	3.464244105E-2
7.140000000E0	7.947910168E-1	3.412524685E-2
7.150000000E0	7.927019541E-1	3.346996819E-2
7.160000000E0	7.902279925E-1	3.289805470E-2
7.170000000E0	7.878457866E-1	3.212034835E-2
7.180000000E0	7.855511800E-1	3.116437764E-2
7.190000000E0	7.829845654E-1	3.073152132E-2
7.200000000E0	7.801997180E-1	2.988043019E-2
7.210000000E0	7.771615877E-1	2.937421471E-2
7.220000000E0	7.743780295E-1	2.864388190E-2
7.230000000E0	7.711992630E-1	2.771066184E-2
7.240000000E0	7.679040972E-1	2.693529952E-2
7.250000000E0	7.644018853E-1	2.604148855E-2
7.260000000E0	7.610500324E-1	2.530131377E-2
7.270000000E0	7.573654351E-1	2.434213455E-2
7.280000000E0	7.535915093E-1	2.344825479E-2
7.290000000E0	7.496661957E-1	2.277499470E-2
7.300000000E0	7.457713579E-1	2.201608940E-2
7.310000000E0	7.416004588E-1	2.103190986E-2
7.320000000E0	7.373789650E-1	2.022945531E-2
7.330000000E0	7.328354167E-1	1.946736949E-2
7.340000000E0	7.284127515E-1	1.855957925E-2
7.350000000E0	7.239420490E-1	1.760827402E-2
7.360000000E0	7.193752670E-1	1.672851607E-2
7.370000000E0	7.147165230E-1	1.566403761E-2
7.380000000E0	7.098536370E-1	1.498184909E-2
7.390000000E0	7.049292200E-1	1.416648708E-2
7.400000000E0	7.000360856E-1	1.338795045E-2
7.410000000E0	6.950834586E-1	1.272871873E-2
7.420000000E0	6.899723521E-1	1.210652825E-2
7.430000000E0	6.847614114E-1	1.145288536E-2
7.440000000E0	6.794911830E-1	1.079318446E-2
7.450000000E0	6.743400997E-1	1.004073516E-2
7.460000000E0	6.688473345E-1	9.516284509E-3
7.470000000E0	6.635692844E-1	8.768362587E-3
7.480000000E0	6.581233265E-1	8.146836655E-3
7.490000000E0	6.524945635E-1	7.630679397E-3
7.500000000E0	6.469387871E-1	6.998172089E-3
7.510000000E0	6.413163703E-1	6.541327266E-3
7.520000000E0	6.357047841E-1	6.364637064E-3
7.530000000E0	6.300605027E-1	6.143908672E-3
7.540000000E0	6.246831657E-1	5.984677317E-3
7.550000000E0	6.189402731E-1	6.514058570E-3
7.560000000E0	6.134069844E-1	6.550271297E-3
7.570000000E0	6.078723502E-1	5.848930640E-3
7.580000000E0	6.022193418E-1	5.626940489E-3
7.590000000E0	5.967983078E-1	5.541921407E-3
7.600000000E0	5.912276351E-1	5.380160810E-3
7.610000000E0	5.858046934E-1	5.557437569E-3
7.620000000E0	5.801152579E-1	5.412918091E-3
7.630000000E0	5.743614165E-1	5.466588559E-3
7.640000000E0	5.687164520E-1	5.494299673E-3
7.650000000E0	5.630960957E-1	5.407784062E-3
7.660000000E0	5.575935692E-1	5.438243159E-3
7.670000000E0	5.518939499E-1	5.396741363E-3
7.680000000E0	5.463955580E-1	5.418181891E-3
7.690000000E0	5.408245555E-1	5.405429702E-3
7.700000000E0	5.351274667E-1	5.329156275E-3
7.710000000E0	5.295518169E-1	5.289114764E-3
7.720000000E0	5.241086771E-1	5.384156645E-3
7.730000000E0	5.183801287E-1	5.450348860E-3
7.740000000E0	5.128466271E-1	5.481686629E-3
7.750000000E0	5.072281364E-1	5.493456288E-3
7.760000000E0	5.013864620E-1	5.500578939E-3
7.770000000E0	4.958311302E-1	5.488558820E-3
7.780000000E0	4.903347736E-1	5.492253935E-3
7.790000000E0	4.849162764E-1	5.506122010E-3
7.800000000E0	4.793212953E-1	5.530309241E-3
7.810000000E0	4.739757768E-1	5.478707399E-3
7.820000000E0	4.684380974E-1	5.622739985E-3
7.830000000E0	4.631105951E-1	5.704473739E-3
7.840000000E0	4.576612963E-1	5.697443816E-3
7.850000000E0	4.524700411E-1	5.782837752E-3
7.860000000E0	4.472281987E-1	5.853376142E-3
7.870000000E0	4.420510934E-1	5.889573173E-3
7.880000000E0	4.368451425E-1	5.932351173E-3
7.890000000E0	4.315626694E-1	6.078010667E-3
7.900000000E0	4.264481144E-1	6.923149998E-3
7.910000000E0	4.212940491E-1	7.233516638E-3
7.920000000E0	4.160946515E-1	7.051220331E-3
7.930000000E0	4.109706769E-1	7.171061295E-3
7.940000000E0	4.058952346E-1	7.624454066E-3
7.950000000E0	4.010612929E-1	7.880605667E-3
7.960000000E0	3.960393453E-1	8.482340000E-3
7.970000000E0	3.911071746E-1	8.797559844E-3
7.980000000E0	3.863930580E-1	9.219694374E-3
7.990000000E0	3.816290055E-1	9.694079904E-3
8.000000000E0	3.771172661E-1	9.945061078E-3
8.010000000E0	3.725242203E-1	1.047815860E-2
8.020000000E0	3.680964412E-1	1.106500764E-2
8.030000000E0	3.636484155E-1	1.168745382E-2
8.040000000E0	3.592738701E-1	1.219332812E-2
8.050000000E0	3.550511738E-1	1.290281062E-2
8.060000000E0	3.508974577E-1	1.362489349E-2
8.070000000E0	3.467710977E-1	1.409069015E-2
8.080000000E0	3.429207316E-1	1.459715029E-2
8.090000000E0	3.388110327E-1	1.530816844E-2
8.100000000E0	3.351696300E-1	1.574772673E-2
8.110000000E0	3.315515690E-1	1.639248731E-2
8.120000000E0	3.279608427E-1	1.678273236E-2
8.130000000E0	3.243042759E-1	1.746846578E-2
8.140000000E0	3.208143293E-1	1.794641602E-2
8.150000000E0	3.174243018E-1	1.862744861E-2
8.160000000E0	3.142469924E-1	1.903356430E-2
8.170000000E0	3.109686194E-1	1.968587777E-2
8.180000000E0	3.077834415E-1	2.012427792E-2
8.190000000E0	3.046182062E-1	2.063655023E-2
8.200000000E0	3.018108727E-1	2.109817703E-2
8.210000000E0	2.989954401E-1	2.178199480E-2
8.220000000E0	2.964033101E-1	2.222788185E-2
8.230000000E0	2.937499130E-1	2.288554569E-2
8.240000000E0	2.915183447E-1	2.330673782E-2
8.250000000E0	2.892203773E-1	2.392644003E-2
8.260000000E0	2.867229481E-1	2.433945472E-2
8.270000000E0	2.845385023E-1	2.467784618E-2
8.280000000E0	2.824089626E-1	2.498986624E-2
8.290000000E0	2.806532321E-1	2.544867536E-2
8.300000000E0	2.788490970E-1	2.588488473E-2
8.310000000E0	2.773438764E-1	2.624312813E-2
8.320000000E0	2.754683512E-1	2.646828351E-2
8.330000000E0	2.740402092E-1	2.660351775E-2
8.340000000E0	2.726379804E-1	2.668964710E-2
8.350000000E0	2.712787323E-1	2.697181754E-2
8.360000000E0	2.701408271E-1	2.701537295E-2
8.370000000E0	2.690982641E-1	2.745853572E-2
8.380000000E0	2.681112766E-1	2.755631625E-2
8.390000000E0	2.673744792E-1	2.760480068E-2
8.400000000E0	2.667732356E-1	2.761123640E-2
8.410000000E0	2.663353717E-1	2.774009316E-2
8.420000000E0	2.658890647E-1	2.760299624E-2
8.430000000E0	2.655592390E-1	2.757475972E-2
8.440000000E0	2.654841744E-1	2.756448027E-2
8.450000000E0	2.654875684E-1	2.756738709E-2
8.460000000E0	2.655176593E-1	2.753640628E-2
8.470000000E0	2.656055696E-1	2.748617640E-2
8.480000000E0	2.659079219E-1	2.740600432E-2
8.490000000E0	2.663475664E-1	2.736064145E-2
8.500000000E0	2.669766735E-1	2.736901976E-2
8.510000000E0	2.677596981E-1	2.724262025E-2
8.520000000E0	2.686117451E-1	2.688703008E-2
8.530000000E0	2.694623997E-1	2.654835179E-2
8.540000000E0	2.709036473E-1	2.640700538E-2
8.550000000E0	2.720336662E-1	2.622837686E-2
8.560000000E0	2.734742393E-1	2.595024750E-2
8.570000000E0	2.747606415E-1	2.562141607E-2
8.580000000E0	2.764688056E-1	2.534384951E-2
8.590000000E0	2.780467505E-1	2.502600162E-2
8.600000000E0	2.799379375E-1	2.470895443E-2
8.610000000E0	2.819410955E-1	2.422532337E-2
8.620000000E0	2.839841395E-1	2.401872152E-2
8.630000000E0	2.860190292E-1	2.346703483E-2
8.640000000E0	2.880663655E-1	2.302791922E-2
8.650000000E0	2.904712052E-1	2.273345758E-2
8.660000000E0	2.930990867E-1	2.224482229E-2
8.670000000E0	2.954838406E-1	2.190611007E-2
8.680000000E0	2.981222465E-1	2.131263604E-2
8.690000000E0	3.010290534E-1	2.083843319E-2
8.700000000E0	3.039139289E-1	2.029306187E-2
8.710000000E0	3.065356643E-1	1.984703508E-2
8.720000000E0	3.095362907E-1	1.958363391E-2
8.730000000E0	3.127269657E-1	1.893182370E-2
8.740000000E0	3.159014378E-1	1.849642629E-2
8.750000000E0	3.193223156E-1	1.787127503E-2
8.760000000E0	3.225179745E-1	1.750978602E-2
8.770000000E0	3.260942897E-1	1.671553676E-2
8.780000000E0	3.294548906E-1	1.639042610E-2
8.790000000E0	3.329447325E-1	1.581060826E-2
8.800000000E0	3.365188012E-1	1.539301537E-2
8.810000000E0	3.402946101E-1	1.486681156E-2
8.820000000E0	3.440071066E-1	1.417803112E-2
8.830000000E0	3.479149780E-1	1.348124573E-2
8.840000000E0	3.517122986E-1	1.302262286E-2
8.850000000E0	3.558420832E-1	1.238157887E-2
8.860000000E0	3.597957425E-1	1.182090833E-2
8.870000000E0	3.640595677E-1	1.122240369E-2
8.880000000E0	3.681179154E-1	1.078631796E-2
8.890000000E0	3.724993489E-1	1.051604401E-2
8.900000000E0	3.769132031E-1	1.001270605E-2
8.910000000E0	3.813380143E-1	9.746673709E-3
8.920000000E0	3.858008482E-1	9.272200435E-3
8.930000000E0	3.903038609E-1	8.725026139E-3
8.940000000E0	3.947834051E-1	8.399108909E-3
8.950000000E0	3.996278853E-1	7.862381300E-3
8.960000000E0	4.042500305E-1	7.495157622E-3
8.970000000E0	4.089703008E-1	7.323014553E-3
8.980000000E0	4.136421855E-1	7.072943405E-3
8.990000000E0	4.179767294E-1	6.735100528E-3
9.000000000E0	4.228694294E-1	6.875411288E-3
9.010000000E0	4.277475481E-1	6.727273034E-3
9.020000000E0	4.322781101E-1	6.295213352E-3
9.030000000E0	4.372276084E-1	5.928751406E-3
9.040000000E0	4.419617230E-1	5.543241085E-3
9.050000000E0	4.469229561E-1	5.432607761E-3
9.060000000E0	4.517309035E-1	5.307332917E-3
9.070000000E0	4.564592434E-1	5.258775522E-3
9.080000000E0	4.615500578E-1	5.046445900E-3
9.090000000E0	4.663506038E-1	4.944307475E-3
9.100000000E0	4.711198463E-1	4.452634652E-3
9.110000000E0	4.761500816E-1	4.335042890E-3
9.120000000E0	4.810647204E-1	4.290279288E-3
9.130000000E0	4.861689517E-1	4.396466797E-3
9.140000000E0	4.911355179E-1	4.328450423E-3
9.150000000E0	4.962162949E-1	4.210419795E-3
9.160000000E0	5.012571378E-1	4.317333671E-3
9.170000000E0	5.061096760E-1	4.292648570E-3
9.180000000E0	5.111641479E-1	4.230605205E-3
9.190000000E0	5.161433640E-1	4.249603384E-3
9.200000000E0	5.211097452E-1	4.273700160E-3
9.210000000E0	5.259504103E-1	4.325422061E-3
9.220000000E0	5.310023695E-1	4.351885111E-3
9.230000000E0	5.357721739E-1	4.311090297E-3
9.240000000E0	5.403461995E-1	4.335402514E-3
9.250000000E0	5.452278429E-1	4.354314588E-3
9.260000000E0	5.499905279E-1	4.443131709E-3
9.270000000E0	5.545897643E-1	4.488037248E-3
9.280000000E0	5.595410226E-1	4.522938635E-3
9.290000000E0	5.642330276E-1	4.562877291E-3
9.300000000E0	5.689022010E-1	4.699954515E-3
9.310000000E0	5.734441117E-1	4.542815492E-3
9.320000000E0	5.781526015E-1	4.518964721E-3
9.330000000E0	5.828994100E-1	4.583856132E-3
9.340000000E0	5.875630514E-1	4.524244202E-3
9.350000000E0	5.920006686E-1	4.511101069E-3
9.360000000E0	5.965512015E-1	4.478812800E-3
9.370000000E0	6.011003340E-1	4.536815895E-3
9.380000000E0	6.059825898E-1	4.739544204E-3
9.390000000E0	6.104345724E-1	5.737803407E-3
9.400000000E0	6.151958140E-1	6.567599048E-3
9.410000000E0	6.199385934E-1	6.559782385E-3
9.420000000E0	6.247525473E-1	6.149703522E-3
9.430000000E0	6.293306744E-1	6.335258741E-3
9.440000000E0	6.338734427E-1	6.523279989E-3
9.450000000E0	6.383257388E-1	6.672913622E-3
9.460000000E0	6.427483889E-1	6.729530358E-3
9.470000000E0	6.469981583E-1	7.387294594E-3
9.480000000E0	6.513568882E-1	7.629061038E-3
9.490000000E0	6.556655815E-1	7.805929649E-3
9.500000000E0	6.599261026E-1	8.437002826E-3
9.510000000E0	6.643222760E-1	8.821555307E-3
9.520000000E0	6.683867100E-1	9.115559672E-3
9.530000000E0	6.722222506E-1	9.773229528E-3
9.540000000E0	6.762433922E-1	1.015030707E-2
9.550000000E0	6.799623460E-1	1.081274360E-2
9.560000000E0	6.837476302E-1	1.113244331E-2
9.570000000E0	6.875831406E-1	1.182776297E-2
9.580000000E0	6.910425692E-1	1.221157601E-2
9.590000000E0	6.945601752E-1	1.281800405E-2
9.600000000E0	6.978414390E-1	1.327145001E-2
9.610000000E0	7.011334527E-1	1.366028571E-2
9.620000000E0	7.043908405E-1	1.413211311E-2
9.630000000E0	7.076354586E-1	1.479556768E-2
9.640000000E0	7.107848010E-1	1.521531550E-2
9.650000000E0	7.138228923E-1	1.559567483E-2
9.660000000E0	7.166004997E-1	1.611131145E-2
9.670000000E0	7.194710927E-1	1.668522595E-2
9.680000000E0	7.221015847E-1	1.729998158E-2
9.690000000E0	7.249597607E-1	1.780447576E-2
9.700000000E0	7.274445786E-1	1.819035602E-2
9.710000000E0	7.298366878E-1	1.886151838E-2
9.720000000E0	7.320141418E-1	1.949996761E-2
9.730000000E0	7.342717643E-1	1.986686999E-2
9.740000000E0	7.364007419E-1	2.032453021E-2
9.750000000E0	7.384919339E-1	2.065714344E-2
9.760000000E0	7.404835210E-1	2.104589737E-2
9.770000000E0	7.425002864E-1	2.131712790E-2
9.780000000E0	7.439990781E-1	2.166818660E-2
9.790000000E0	7.457177391E-1	2.199391459E-2
9.800000000E0	7.472655399E-1	2.217795017E-2
9.810000000E0	7.486227893E-1	2.246614546E-2
9.820000000E0	7.495469919E-1	2.275908607E-2
9.830000000E0	7.506184558E-1	2.307634639E-2
9.840000000E0	7.516175890E-1	2.318066071E-2
9.850000000E0	7.526511591E-1	2.329698184E-2
9.860000000E0	7.535463172E-1	2.331107299E-2
9.870000000E0	7.541914987E-1	2.348829490E-2
9.880000000E0	7.547287079E-1	2.335246628E-2
9.890000000E0	7.550815591E-1	2.339397127E-2
9.900000000E0	7.552124812E-1	2.332031558E-2
9.910000000E0	7.552827320E-1	2.338874303E-2
9.920000000E0	7.551655713E-1	2.327871524E-2
9.930000000E0	7.550140100E-1	2.325541172E-2
9.940000000E0	7.548424922E-1	2.320510682E-2
9.950000000E0	7.546725051E-1	2.315768003E-2
9.960000000E0	7.539579774E-1	2.313529392E-2
9.970000000E0	7.535143897E-1	2.299387242E-2
9.980000000E0	7.527045638E-1	2.301830412E-2
