mass_A
t	x	y
0.000000000E0	-2.060195949E-4	1.366754894E-1
1.000000000E-2	3.501862652E-5	1.366905358E-1
2.000000000E-2	7.207424544E-4	1.366361136E-1
3.000000000E-2	1.336631055E-3	1.363835299E-1
4.000000000E-2	2.184263352E-3	1.358134006E-1
5.000000000E-2	3.495263059E-3	1.348355098E-1
6.000000000E-2	5.295615418E-3	1.337933805E-1
7.000000000E-2	7.410069602E-3	1.324542165E-1
8.000000000E-2	9.705431354E-3	1.310662913E-1
9.000000000E-2	1.225659415E-2	1.291831417E-1
1.000000000E-1	1.516875744E-2	1.273170261E-1
1.100000000E-1	1.849334005E-2	1.255840796E-1
1.200000000E-1	2.194283812E-2	1.236633045E-1
1.300000000E-1	2.542850137E-2	1.210900899E-1
1.400000000E-1	2.970005070E-2	1.186359851E-1
1.500000000E-1	3.384245918E-2	1.161002149E-1
1.600000000E-1	3.847354419E-2	1.131069426E-1
1.700000000E-1	4.318461790E-2	1.104450620E-1
1.800000000E-1	4.859425688E-2	1.082774479E-1
1.900000000E-1	5.394251588E-2	1.058592800E-1
2.000000000E-1	5.955746737E-2	1.022991183E-1
2.100000000E-1	6.547994726E-2	9.823991262E-2
2.200000000E-1	7.169865010E-2	9.507922632E-2
2.300000000E-1	7.800076932E-2	9.171460559E-2
2.400000000E-1	8.465535267E-2	8.841632259E-2
2.500000000E-1	9.129255560E-2	8.508262815E-2
2.600000000E-1	9.811467062E-2	8.179721580E-2
2.700000000E-1	1.053537905E-1	7.861352268E-2
2.800000000E-1	1.125781164E-1	7.516733332E-2
2.900000000E-1	1.200073594E-1	7.179152556E-2
3.000000000E-1	1.279732476E-1	6.854319980E-2
3.100000000E-1	1.359178241E-1	6.588658152E-2
3.200000000E-1	1.442726777E-1	6.272921301E-2
3.300000000E-1	1.528458614E-1	5.990904650E-2
3.400000000E-1	1.614648637E-1	5.666729469E-2
3.500000000E-1	1.702153476E-1	5.356399475E-2
3.600000000E-1	1.792493290E-1	5.079641319E-2
3.700000000E-1	1.882814235E-1	4.814811793E-2
3.800000000E-1	1.971906399E-1	4.532186127E-2
3.900000000E-1	2.065167912E-1	4.274038765E-2
4.000000000E-1	2.159024681E-1	4.032169391E-2
4.100000000E-1	2.254315540E-1	3.789105767E-2
4.200000000E-1	2.354141883E-1	3.576908034E-2
4.300000000E-1	2.450960503E-1	3.331067560E-2
4.400000000E-1	2.554868046E-1	3.070667766E-2
4.500000000E-1	2.661715570E-1	2.854257811E-2
4.600000000E-1	2.764786020E-1	2.619002371E-2
4.700000000E-1	2.867718911E-1	2.401243890E-2
4.800000000E-1	2.972158971E-1	2.206078926E-2
4.900000000E-1	3.078216027E-1	2.004476753E-2
5.000000000E-1	3.184480544E-1	1.806162637E-2
5.100000000E-1	3.291440354E-1	1.645758711E-2
5.200000000E-1	3.401299376E-1	1.457006228E-2
5.300000000E-1	3.510608466E-1	1.302334648E-2
5.400000000E-1	3.621212814E-1	1.165158445E-2
5.500000000E-1	3.733653543E-1	1.053405443E-2
5.600000000E-1	3.844326774E-1	9.528252764E-3
5.700000000E-1	3.955856675E-1	8.552374967E-3
5.800000000E-1	4.065315720E-1	7.862046677E-3
5.900000000E-1	4.175277902E-1	7.277336619E-3
6.000000000E-1	4.286667405E-1	6.903503948E-3
6.100000000E-1	4.400014092E-1	5.950909095E-3
6.200000000E-1	4.515082354E-1	5.549335782E-3
6.300000000E-1	4.628434196E-1	5.289539643E-3
6.400000000E-1	4.738653282E-1	5.221938350E-3
6.500000000E-1	4.852519388E-1	4.747115100E-3
6.600000000E-1	4.967068406E-1	4.650826301E-3
6.700000000E-1	5.078871316E-1	4.631518554E-3
6.800000000E-1	5.190463408E-1	4.604649471E-3
6.900000000E-1	5.301734940E-1	4.666776924E-3
7.000000000E-1	5.411604554E-1	4.763930434E-3
7.100000000E-1	5.520518640E-1	4.618632836E-3
7.200000000E-1	5.629927494E-1	5.059840682E-3
7.300000000E-1	5.739535424E-1	5.401391686E-3
7.400000000E-1	5.849612057E-1	5.551131755E-3
7.500000000E-1	5.959111567E-1	5.808349233E-3
7.600000000E-1	6.068956830E-1	6.352017060E-3
7.700000000E-1	6.178290233E-1	6.874858060E-3
7.800000000E-1	6.289160700E-1	6.665849303E-3
7.900000000E-1	6.399806597E-1	7.401131239E-3
8.000000000E-1	6.509508857E-1	8.257455749E-3
8.100000000E-1	6.615151744E-1	8.991038342E-3
8.200000000E-1	6.720384421E-1	1.007293129E-2
8.300000000E-1	6.823208640E-1	1.154647809E-2
8.400000000E-1	6.927406386E-1	1.276277533E-2
8.500000000E-1	7.028750452E-1	1.444486247E-2
8.600000000E-1	7.127851711E-1	1.626574554E-2
8.700000000E-1	7.228351655E-1	1.831135311E-2
8.800000000E-1	7.326998314E-1	2.005873245E-2
8.900000000E-1	7.424125438E-1	2.200169177E-2
9.000000000E-1	7.519818153E-1	2.409232594E-2
9.100000000E-1	7.613041114E-1	2.639238150E-2
9.200000000E-1	7.704053616E-1	2.862589064E-2
9.300000000E-1	7.791672914E-1	3.093046270E-2
9.400000000E-1	7.876737854E-1	3.304921277E-2
9.500000000E-1	7.964312329E-1	3.536006852E-2
9.600000000E-1	8.049789618E-1	3.764416113E-2
9.700000000E-1	8.132593845E-1	3.996102679E-2
9.800000000E-1	8.216213197E-1	4.202785104E-2
9.900000000E-1	8.297056666E-1	4.485588790E-2
1.000000000E0	8.375872336E-1	4.725377864E-2
1.010000000E0	8.451633315E-1	4.959815131E-2
1.020000000E0	8.524619202E-1	5.180340927E-2
1.030000000E0	8.593630040E-1	5.413428804E-2
1.040000000E0	8.661590100E-1	5.644260644E-2
1.050000000E0	8.727219872E-1	5.890364330E-2
1.060000000E0	8.791609459E-1	6.128835168E-2
1.070000000E0	8.855586299E-1	6.384268736E-2
1.080000000E0	8.915491131E-1	6.617553893E-2
1.090000000E0	8.974320898E-1	6.848695459E-2
1.100000000E0	9.031601275E-1	7.074356694E-2
1.110000000E0	9.086004238E-1	7.303127990E-2
1.120000000E0	9.135466443E-1	7.554050110E-2
1.130000000E0	9.185451592E-1	7.793946402E-2
1.140000000E0	9.231487914E-1	8.036252669E-2
1.150000000E0	9.275624539E-1	8.252700557E-2
1.160000000E0	9.318190833E-1	8.451338050E-2
1.170000000E0	9.356872123E-1	8.624054446E-2
1.180000000E0	9.393261104E-1	8.779131319E-2
1.190000000E0	9.429670952E-1	8.922835943E-2
1.200000000E0	9.461386423E-1	9.050841723E-2
1.210000000E0	9.488158129E-1	9.207598211E-2
1.220000000E0	9.516279334E-1	9.339558363E-2
1.230000000E0	9.540171669E-1	9.470199811E-2
1.240000000E0	9.561977910E-1	9.583830716E-2
1.250000000E0	9.582415882E-1	9.680590113E-2
1.260000000E0	9.597805031E-1	9.783968121E-2
1.270000000E0	9.615687855E-1	9.842165211E-2
1.280000000E0	9.628194985E-1	9.914217804E-2
1.290000000E0	9.639381706E-1	9.955686634E-2
1.300000000E0	9.647791020E-1	9.996888382E-2
1.310000000E0	9.652531789E-1	1.002792601E-1
1.320000000E0	9.658666323E-1	1.002767788E-1
1.330000000E0	9.660543447E-1	1.003385996E-1
1.340000000E0	9.660828720E-1	1.003418252E-1
1.350000000E0	9.658354588E-1	1.002249154E-1
1.360000000E0	9.652271604E-1	1.001615900E-1
1.370000000E0	9.645911623E-1	9.941624108E-2
1.380000000E0	9.637091551E-1	9.909050890E-2
1.390000000E0	9.627659534E-1	9.824628884E-2
1.400000000E0	9.610601625E-1	9.778294352E-2
1.410000000E0	9.594718052E-1	9.689611725E-2
1.420000000E0	9.575052856E-1	9.587697308E-2
1.430000000E0	9.553625134E-1	9.485417571E-2
1.440000000E0	9.530172175E-1	9.367248898E-2
1.450000000E0	9.507465145E-1	9.256439471E-2
1.460000000E0	9.481157186E-1	9.129130820E-2
1.470000000E0	9.453181210E-1	8.984931388E-2
1.480000000E0	9.421997489E-1	8.844830035E-2
1.490000000E0	9.388217566E-1	8.696639069E-2
1.500000000E0	9.353951206E-1	8.526159602E-2
1.510000000E0	9.318653101E-1	8.360803270E-2
1.520000000E0	9.277869234E-1	8.166914127E-2
1.530000000E0	9.237415233E-1	7.997553455E-2
1.540000000E0	9.196196179E-1	7.820321088E-2
1.550000000E0	9.151282026E-1	7.618106333E-2
1.560000000E0	9.102603600E-1	7.422718910E-2
1.570000000E0	9.052898241E-1	7.243643904E-2
1.580000000E0	9.000542498E-1	7.045866559E-2
1.590000000E0	8.945380405E-1	6.827433881E-2
1.600000000E0	8.889660443E-1	6.621699825E-2
1.610000000E0	8.833430346E-1	6.397046011E-2
1.620000000E0	8.774507813E-1	6.177270283E-2
1.630000000E0	8.714543682E-1	5.954490903E-2
1.640000000E0	8.652316262E-1	5.729456555E-2
1.650000000E0	8.589823904E-1	5.514202018E-2
1.660000000E0	8.525443912E-1	5.289204584E-2
1.670000000E0	8.459237899E-1	5.077300601E-2
1.680000000E0	8.390679090E-1	4.861499714E-2
1.690000000E0	8.320409982E-1	4.659670255E-2
1.700000000E0	8.247446005E-1	4.424362224E-2
1.710000000E0	8.173011258E-1	4.213419736E-2
1.720000000E0	8.097444432E-1	4.005337495E-2
1.730000000E0	8.020106452E-1	3.815642910E-2
1.740000000E0	7.942253837E-1	3.614962186E-2
1.750000000E0	7.864248852E-1	3.407728551E-2
1.760000000E0	7.783873612E-1	3.188934271E-2
1.770000000E0	7.702049906E-1	2.969427377E-2
1.780000000E0	7.621197138E-1	2.758664588E-2
1.790000000E0	7.536629640E-1	2.558520625E-2
1.800000000E0	7.453808936E-1	2.347051685E-2
1.810000000E0	7.368706640E-1	2.167915551E-2
1.820000000E0	7.281530917E-1	1.994678911E-2
1.830000000E0	7.192665867E-1	1.846212435E-2
1.840000000E0	7.104414849E-1	1.671234882E-2
1.850000000E0	7.014337551E-1	1.529832589E-2
1.860000000E0	6.921012079E-1	1.410260836E-2
1.870000000E0	6.829228618E-1	1.294645340E-2
1.880000000E0	6.734163381E-1	1.183811485E-2
1.890000000E0	6.640529043E-1	1.040549898E-2
1.900000000E0	6.545858357E-1	9.471332605E-3
1.910000000E0	6.452323212E-1	8.767792837E-3
1.920000000E0	6.356577763E-1	7.974113818E-3
1.930000000E0	6.264487846E-1	7.388639802E-3
1.940000000E0	6.168509497E-1	7.127549399E-3
1.950000000E0	6.076086564E-1	6.874880263E-3
1.960000000E0	5.981497786E-1	6.652429010E-3
1.970000000E0	5.887529018E-1	6.345522463E-3
1.980000000E0	5.793202453E-1	6.343471976E-3
1.990000000E0	5.697698615E-1	6.467045634E-3
2.000000000E0	5.603086016E-1	6.202491103E-3
2.010000000E0	5.507864187E-1	5.942639773E-3
2.020000000E0	5.413919999E-1	5.626300704E-3
2.030000000E0	5.320621895E-1	5.470284801E-3
2.040000000E0	5.227148132E-1	5.404645913E-3
2.050000000E0	5.134997950E-1	5.363658645E-3
2.060000000E0	5.043051589E-1	5.427180198E-3
2.070000000E0	4.948309972E-1	5.537800751E-3
2.080000000E0	4.856086766E-1	5.636028460E-3
2.090000000E0	4.763683752E-1	5.724408449E-3
2.100000000E0	4.671387027E-1	5.869305097E-3
2.110000000E0	4.579982962E-1	6.348580843E-3
2.120000000E0	4.484801507E-1	6.670779622E-3
2.130000000E0	4.393108879E-1	6.900836208E-3
2.140000000E0	4.302214397E-1	7.361402949E-3
2.150000000E0	4.211933087E-1	8.027155380E-3
2.160000000E0	4.121096722E-1	8.387389078E-3
2.170000000E0	4.032617568E-1	9.148776177E-3
2.180000000E0	3.943361993E-1	9.804282736E-3
2.190000000E0	3.855843874E-1	1.063766518E-2
2.200000000E0	3.769161191E-1	1.174670833E-2
2.210000000E0	3.682188378E-1	1.276411660E-2
2.220000000E0	3.597177899E-1	1.412760863E-2
2.230000000E0	3.512492130E-1	1.530172607E-2
2.240000000E0	3.429717343E-1	1.656165309E-2
2.250000000E0	3.346032569E-1	1.767535296E-2
2.260000000E0	3.264138544E-1	1.889812012E-2
2.270000000E0	3.181669305E-1	2.019007331E-2
2.280000000E0	3.103883176E-1	2.152074961E-2
2.290000000E0	3.026506671E-1	2.288092217E-2
2.300000000E0	2.949939515E-1	2.441982013E-2
2.310000000E0	2.874062892E-1	2.569806010E-2
2.320000000E0	2.801296745E-1	2.714374394E-2
2.330000000E0	2.729767611E-1	2.879225737E-2
2.340000000E0	2.661702555E-1	3.021772988E-2
2.350000000E0	2.594789103E-1	3.152925567E-2
2.360000000E0	2.529170543E-1	3.312860771E-2
2.370000000E0	2.462617245E-1	3.469874542E-2
2.380000000E0	2.397922486E-1	3.633328624E-2
2.390000000E0	2.334050136E-1	3.800644634E-2
2.400000000E0	2.269862171E-1	3.943261540E-2
2.410000000E0	2.209692609E-1	4.093959221E-2
2.420000000E0	2.148770884E-1	4.265352095E-2
2.430000000E0	2.090362437E-1	4.411382016E-2
2.440000000E0	2.034216048E-1	4.562854425E-2
2.450000000E0	1.980353503E-1	4.723717792E-2
2.460000000E0	1.927656130E-1	4.873372528E-2
2.470000000E0	1.876394054E-1	5.004314857E-2
2.480000000E0	1.825397886E-1	5.162502513E-2
2.490000000E0	1.779463209E-1	5.310773806E-2
2.500000000E0	1.735130970E-1	5.430312212E-2
2.510000000E0	1.691020133E-1	5.580917633E-2
2.520000000E0	1.650010587E-1	5.710469815E-2
2.530000000E0	1.608532327E-1	5.846847324E-2
2.540000000E0	1.571862227E-1	5.969087131E-2
2.550000000E0	1.537962999E-1	6.100298592E-2
2.560000000E0	1.505447156E-1	6.211255217E-2
2.570000000E0	1.474209646E-1	6.314584352E-2
2.580000000E0	1.445514966E-1	6.417605230E-2
2.590000000E0	1.417115786E-1	6.515779162E-2
2.600000000E0	1.389853675E-1	6.620339850E-2
2.610000000E0	1.364426595E-1	6.725172133E-2
2.620000000E0	1.340927703E-1	6.823724725E-2
2.630000000E0	1.319407621E-1	6.917022099E-2
2.640000000E0	1.299044496E-1	6.966665120E-2
2.650000000E0	1.284058607E-1	7.047691994E-2
2.660000000E0	1.270407661E-1	7.126600025E-2
2.670000000E0	1.254573104E-1	7.190848222E-2
2.680000000E0	1.242769550E-1	7.236007932E-2
2.690000000E0	1.233922585E-1	7.278128141E-2
2.700000000E0	1.227838086E-1	7.333384761E-2
2.710000000E0	1.221036116E-1	7.370027108E-2
2.720000000E0	1.218713356E-1	7.382972627E-2
2.730000000E0	1.218167286E-1	7.385825560E-2
2.740000000E0	1.219551340E-1	7.386116801E-2
2.750000000E0	1.221081473E-1	7.380527621E-2
2.760000000E0	1.226583756E-1	7.376415150E-2
2.770000000E0	1.233341859E-1	7.344502613E-2
2.780000000E0	1.242062912E-1	7.326016717E-2
2.790000000E0	1.253914183E-1	7.266396846E-2
2.800000000E0	1.265557354E-1	7.212248129E-2
2.810000000E0	1.283841935E-1	7.156357839E-2
2.820000000E0	1.298277635E-1	7.066899708E-2
2.830000000E0	1.319207322E-1	7.024171833E-2
2.840000000E0	1.340141018E-1	6.941774095E-2
2.850000000E0	1.362273439E-1	6.841152822E-2
2.860000000E0	1.386544860E-1	6.739436861E-2
2.870000000E0	1.413610216E-1	6.627865885E-2
2.880000000E0	1.440727588E-1	6.511215370E-2
2.890000000E0	1.470757242E-1	6.408471688E-2
2.900000000E0	1.504972057E-1	6.291112019E-2
2.910000000E0	1.538590688E-1	6.173268801E-2
2.920000000E0	1.572977989E-1	6.058890165E-2
2.930000000E0	1.609383954E-1	5.932750986E-2
2.940000000E0	1.648586574E-1	5.791696458E-2
2.950000000E0	1.689281367E-1	5.668959409E-2
2.960000000E0	1.732184095E-1	5.520256638E-2
2.970000000E0	1.773339353E-1	5.372319278E-2
2.980000000E0	1.817361335E-1	5.228092382E-2
2.990000000E0	1.863667693E-1	5.071842084E-2
3.000000000E0	1.913109130E-1	4.935166066E-2
3.010000000E0	1.961699198E-1	4.766601655E-2
3.020000000E0	2.013560300E-1	4.627583245E-2
3.030000000E0	2.066454517E-1	4.461464163E-2
3.040000000E0	2.121604975E-1	4.299771419E-2
3.050000000E0	2.179541943E-1	4.148428320E-2
3.060000000E0	2.237050717E-1	4.004168054E-2
3.070000000E0	2.295796648E-1	3.839415185E-2
3.080000000E0	2.358010528E-1	3.678845667E-2
3.090000000E0	2.421299098E-1	3.505345909E-2
3.100000000E0	2.485548915E-1	3.353079775E-2
3.110000000E0	2.549178621E-1	3.177061182E-2
3.120000000E0	2.617975878E-1	3.023255660E-2
3.130000000E0	2.684904766E-1	2.866395147E-2
3.140000000E0	2.752373529E-1	2.716233196E-2
3.150000000E0	2.819835927E-1	2.573436109E-2
3.160000000E0	2.887991488E-1	2.432201038E-2
3.170000000E0	2.960262747E-1	2.300784006E-2
3.180000000E0	3.031485039E-1	2.169263480E-2
3.190000000E0	3.104843292E-1	2.027064594E-2
3.200000000E0	3.180164301E-1	1.881376119E-2
3.210000000E0	3.254564511E-1	1.768188991E-2
3.220000000E0	3.330880914E-1	1.666082857E-2
3.230000000E0	3.406822859E-1	1.551754623E-2
3.240000000E0	3.485624206E-1	1.438250506E-2
3.250000000E0	3.566068090E-1	1.324670469E-2
3.260000000E0	3.645299117E-1	1.221305092E-2
3.270000000E0	3.724975644E-1	1.122095123E-2
3.280000000E0	3.805753512E-1	1.031161421E-2
3.290000000E0	3.885434661E-1	9.577826263E-3
3.300000000E0	3.965316506E-1	8.879690112E-3
3.310000000E0	4.044820154E-1	8.466349559E-3
3.320000000E0	4.126668103E-1	7.847488625E-3
3.330000000E0	4.206594467E-1	7.437986374E-3
3.340000000E0	4.287292432E-1	7.217912982E-3
3.350000000E0	4.371193438E-1	6.674595346E-3
3.360000000E0	4.454146100E-1	6.638493092E-3
3.370000000E0	4.537350730E-1	6.452470499E-3
3.380000000E0	4.622204318E-1	6.115707043E-3
3.390000000E0	4.705402567E-1	6.253486197E-3
3.400000000E0	4.789063097E-1	5.777094160E-3
3.410000000E0	4.870548337E-1	5.641060934E-3
3.420000000E0	4.954998179E-1	5.572505271E-3
3.430000000E0	5.034925137E-1	5.594592420E-3
3.440000000E0	5.118166437E-1	5.507521013E-3
3.450000000E0	5.199613434E-1	5.628689916E-3
3.460000000E0	5.279598532E-1	5.650655206E-3
3.470000000E0	5.362071341E-1	5.583233386E-3
3.480000000E0	5.442057487E-1	5.781483964E-3
3.490000000E0	5.522341831E-1	6.041186779E-3
3.500000000E0	5.604967081E-1	6.098927364E-3
3.510000000E0	5.685584632E-1	6.380265295E-3
3.520000000E0	5.765721292E-1	6.780931029E-3
3.530000000E0	5.847353399E-1	6.736654212E-3
3.540000000E0	5.927022137E-1	6.707817433E-3
3.550000000E0	6.005523840E-1	6.892089284E-3
3.560000000E0	6.086150161E-1	6.863443293E-3
3.570000000E0	6.166168676E-1	7.087417476E-3
3.580000000E0	6.244367148E-1	7.359427601E-3
3.590000000E0	6.323281174E-1	7.731070550E-3
3.600000000E0	6.400918303E-1	8.290918094E-3
3.610000000E0	6.477273063E-1	8.644755381E-3
3.620000000E0	6.553787839E-1	9.788365973E-3
3.630000000E0	6.630607349E-1	1.017130871E-2
3.640000000E0	6.706476234E-1	1.104094530E-2
3.650000000E0	6.780788227E-1	1.193021895E-2
3.660000000E0	6.854306855E-1	1.326553548E-2
3.670000000E0	6.928381350E-1	1.429287139E-2
3.680000000E0	7.001945482E-1	1.533208404E-2
3.690000000E0	7.072532775E-1	1.651271989E-2
3.700000000E0	7.141012521E-1	1.764479143E-2
3.710000000E0	7.210677646E-1	1.884737298E-2
3.720000000E0	7.279622682E-1	2.003646944E-2
3.730000000E0	7.346152558E-1	2.130201959E-2
3.740000000E0	7.410567109E-1	2.235124792E-2
3.750000000E0	7.473181770E-1	2.364115344E-2
3.760000000E0	7.532373582E-1	2.517140584E-2
3.770000000E0	7.591918104E-1	2.647873683E-2
3.780000000E0	7.652573176E-1	2.768781507E-2
3.790000000E0	7.709411412E-1	2.936476204E-2
3.800000000E0	7.765173955E-1	3.068873923E-2
3.810000000E0	7.819098923E-1	3.205312483E-2
3.820000000E0	7.873538268E-1	3.324677862E-2
3.830000000E0	7.927383840E-1	3.451854458E-2
3.840000000E0	7.976327117E-1	3.609145785E-2
3.850000000E0	8.027402457E-1	3.738548124E-2
3.860000000E0	8.075855034E-1	3.868894365E-2
3.870000000E0	8.123646109E-1	3.982287927E-2
3.880000000E0	8.169059900E-1	4.084631269E-2
3.890000000E0	8.214773391E-1	4.191540941E-2
3.900000000E0	8.259046645E-1	4.299773237E-2
3.910000000E0	8.298813161E-1	4.423698581E-2
3.920000000E0	8.337934901E-1	4.525451529E-2
3.930000000E0	8.374351275E-1	4.639894439E-2
3.940000000E0	8.409528890E-1	4.745646220E-2
3.950000000E0	8.441186846E-1	4.837637363E-2
3.960000000E0	8.471186558E-1	4.948903176E-2
3.970000000E0	8.500076499E-1	5.025580905E-2
3.980000000E0	8.526515209E-1	5.136553788E-2
3.990000000E0	8.554503642E-1	5.206752497E-2
4.000000000E0	8.579747791E-1	5.289871389E-2
4.010000000E0	8.601846216E-1	5.387861895E-2
4.020000000E0	8.624127330E-1	5.458805888E-2
4.030000000E0	8.643894325E-1	5.516655802E-2
4.040000000E0	8.658655423E-1	5.587744623E-2
4.050000000E0	8.676421183E-1	5.644825607E-2
4.060000000E0	8.690040694E-1	5.718523140E-2
4.070000000E0	8.703410704E-1	5.753700079E-2
4.080000000E0	8.711633742E-1	5.822478527E-2
4.090000000E0	8.723444562E-1	5.844056963E-2
4.100000000E0	8.732428533E-1	5.863869569E-2
4.110000000E0	8.735340372E-1	5.915625113E-2
4.120000000E0	8.741072978E-1	5.941000532E-2
4.130000000E0	8.744670325E-1	5.960427776E-2
4.140000000E0	8.745885536E-1	5.971290762E-2
4.150000000E0	8.745392325E-1	5.964885799E-2
4.160000000E0	8.744213108E-1	5.957036573E-2
4.170000000E0	8.737798534E-1	5.952551663E-2
4.180000000E0	8.733279950E-1	5.932140510E-2
4.190000000E0	8.727903988E-1	5.886495037E-2
4.200000000E0	8.718404477E-1	5.848574675E-2
4.210000000E0	8.706395495E-1	5.816794472E-2
4.220000000E0	8.696754951E-1	5.767762383E-2
4.230000000E0	8.680807610E-1	5.724986162E-2
4.240000000E0	8.668457612E-1	5.639658703E-2
4.250000000E0	8.649061508E-1	5.610187898E-2
4.260000000E0	8.633719573E-1	5.522860271E-2
4.270000000E0	8.612784282E-1	5.472757780E-2
4.280000000E0	8.592126252E-1	5.401906082E-2
4.290000000E0	8.569683777E-1	5.314946688E-2
4.300000000E0	8.543981163E-1	5.243552478E-2
4.310000000E0	8.518809882E-1	5.178654120E-2
4.320000000E0	8.491541441E-1	5.073290850E-2
4.330000000E0	8.461823540E-1	4.980010272E-2
4.340000000E0	8.430879924E-1	4.874908272E-2
4.350000000E0	8.396798781E-1	4.779790556E-2
4.360000000E0	8.360481826E-1	4.692150182E-2
4.370000000E0	8.326329739E-1	4.570334304E-2
4.380000000E0	8.289947886E-1	4.438762336E-2
4.390000000E0	8.251462528E-1	4.322562724E-2
4.400000000E0	8.210443074E-1	4.210955013E-2
4.410000000E0	8.168335857E-1	4.094714098E-2
4.420000000E0	8.126256604E-1	3.971632670E-2
4.430000000E0	8.082199870E-1	3.865465332E-2
4.440000000E0	8.035845779E-1	3.762237340E-2
4.450000000E0	7.986138756E-1	3.645387729E-2
4.460000000E0	7.938513751E-1	3.511962706E-2
4.470000000E0	7.888068291E-1	3.371424579E-2
4.480000000E0	7.839861806E-1	3.214201983E-2
4.490000000E0	7.788148261E-1	3.093870427E-2
4.500000000E0	7.736089215E-1	2.956808408E-2
4.510000000E0	7.680459304E-1	2.848476202E-2
4.520000000E0	7.625198732E-1	2.701704199E-2
4.530000000E0	7.567659360E-1	2.544316147E-2
4.540000000E0	7.512037231E-1	2.419830786E-2
4.550000000E0	7.455613575E-1	2.292535488E-2
4.560000000E0	7.393841758E-1	2.184572373E-2
4.570000000E0	7.334309197E-1	2.048899324E-2
4.580000000E0	7.271523596E-1	1.934413967E-2
4.590000000E0	7.207297570E-1	1.843022105E-2
4.600000000E0	7.142824835E-1	1.705602814E-2
4.610000000E0	7.075945343E-1	1.576494732E-2
4.620000000E0	7.008406571E-1	1.468447765E-2
4.630000000E0	6.941183789E-1	1.356113303E-2
4.640000000E0	6.873005342E-1	1.247399535E-2
4.650000000E0	6.805352414E-1	1.147903572E-2
4.660000000E0	6.738075957E-1	1.050900633E-2
4.670000000E0	6.667467212E-1	9.809887407E-3
4.680000000E0	6.597767505E-1	8.886794377E-3
4.690000000E0	6.529025293E-1	8.172030304E-3
4.700000000E0	6.457745841E-1	7.614852296E-3
4.710000000E0	6.386777763E-1	6.858829928E-3
4.720000000E0	6.315623801E-1	6.570349094E-3
4.730000000E0	6.243567927E-1	6.395121830E-3
4.740000000E0	6.170651608E-1	6.719820480E-3
4.750000000E0	6.100927678E-1	6.419224722E-3
4.760000000E0	6.028870854E-1	6.180757729E-3
4.770000000E0	5.957868411E-1	5.923415863E-3
4.780000000E0	5.885675386E-1	5.747001418E-3
4.790000000E0	5.812650325E-1	5.525191503E-3
4.800000000E0	5.739890435E-1	5.461927988E-3
4.810000000E0	5.668865847E-1	5.366507615E-3
4.820000000E0	5.596743387E-1	5.360583225E-3
4.830000000E0	5.525727947E-1	5.173624914E-3
4.840000000E0	5.453742791E-1	5.219972303E-3
4.850000000E0	5.384770000E-1	5.183410514E-3
4.860000000E0	5.312952062E-1	5.283723468E-3
4.870000000E0	5.241754355E-1	5.297828339E-3
4.880000000E0	5.172249645E-1	5.271799375E-3
4.890000000E0	5.100989193E-1	5.431036778E-3
4.900000000E0	5.031478940E-1	5.444808142E-3
4.910000000E0	4.963087680E-1	5.570536299E-3
4.920000000E0	4.891515599E-1	5.617635311E-3
4.930000000E0	4.822235190E-1	5.575599469E-3
4.940000000E0	4.751014720E-1	5.769976931E-3
4.950000000E0	4.680897686E-1	6.095697265E-3
4.960000000E0	4.611082972E-1	6.158754939E-3
4.970000000E0	4.539103391E-1	6.580506026E-3
4.980000000E0	4.470951014E-1	6.648822302E-3
4.990000000E0	4.402090601E-1	6.757341385E-3
5.000000000E0	4.334869218E-1	7.409593612E-3
5.010000000E0	4.266768086E-1	7.810921351E-3
5.020000000E0	4.198950197E-1	8.166859716E-3
5.030000000E0	4.132478424E-1	8.466035997E-3
5.040000000E0	4.065843615E-1	9.009185234E-3
5.050000000E0	4.000244501E-1	9.490274801E-3
5.060000000E0	3.934869758E-1	1.000199282E-2
5.070000000E0	3.868413734E-1	1.081422091E-2
5.080000000E0	3.805050273E-1	1.124791752E-2
5.090000000E0	3.744392283E-1	1.202898467E-2
5.100000000E0	3.680568780E-1	1.284460501E-2
5.110000000E0	3.620391288E-1	1.353654090E-2
5.120000000E0	3.558242411E-1	1.439285978E-2
5.130000000E0	3.499089756E-1	1.540463131E-2
5.140000000E0	3.438391116E-1	1.632510954E-2
5.150000000E0	3.380383852E-1	1.700619819E-2
5.160000000E0	3.323454619E-1	1.774229550E-2
5.170000000E0	3.265607853E-1	1.865011790E-2
5.180000000E0	3.211188145E-1	1.944819075E-2
5.190000000E0	3.158989181E-1	2.052692144E-2
5.200000000E0	3.106193578E-1	2.142420462E-2
5.210000000E0	3.053742958E-1	2.220099001E-2
5.220000000E0	3.003362081E-1	2.311059836E-2
5.230000000E0	2.952731564E-1	2.411701931E-2
5.240000000E0	2.905204555E-1	2.473352684E-2
5.250000000E0	2.858547666E-1	2.574763635E-2
5.260000000E0	2.813376134E-1	2.649291159E-2
5.270000000E0	2.769939516E-1	2.747302808E-2
5.280000000E0	2.727653800E-1	2.855995965E-2
5.290000000E0	2.685207270E-1	2.954618895E-2
5.300000000E0	2.642816786E-1	3.045376850E-2
5.310000000E0	2.603105190E-1	3.158154054E-2
5.320000000E0	2.564319833E-1	3.235554354E-2
5.330000000E0	2.528547754E-1	3.318103296E-2
5.340000000E0	2.490161019E-1	3.403680339E-2
5.350000000E0	2.454679950E-1	3.490456266E-2
5.360000000E0	2.421643149E-1	3.572161031E-2
5.370000000E0	2.388063174E-1	3.645249353E-2
5.380000000E0	2.357551119E-1	3.741659793E-2
5.390000000E0	2.329421113E-1	3.832835294E-2
5.400000000E0	2.300703355E-1	3.888831118E-2
5.410000000E0	2.275654044E-1	3.943455553E-2
5.420000000E0	2.248897684E-1	4.026710865E-2
5.430000000E0	2.223922987E-1	4.111480900E-2
5.440000000E0	2.202996992E-1	4.156657553E-2
5.450000000E0	2.180630262E-1	4.204022709E-2
5.460000000E0	2.160025407E-1	4.256491945E-2
5.470000000E0	2.140481682E-1	4.301881730E-2
5.480000000E0	2.124108659E-1	4.348328882E-2
5.490000000E0	2.111232677E-1	4.376104167E-2
5.500000000E0	2.098266761E-1	4.407868667E-2
5.510000000E0	2.087948385E-1	4.446521341E-2
5.520000000E0	2.076893970E-1	4.457171831E-2
5.530000000E0	2.068162264E-1	4.474723523E-2
5.540000000E0	2.059600563E-1	4.509703001E-2
5.550000000E0	2.055426127E-1	4.510601910E-2
5.560000000E0	2.051256985E-1	4.533409284E-2
5.570000000E0	2.047244054E-1	4.527040864E-2
5.580000000E0	2.047049619E-1	4.525271117E-2
5.590000000E0	2.047155634E-1	4.524882526E-2
5.600000000E0	2.047965979E-1	4.515230944E-2
5.610000000E0	2.053814522E-1	4.512835476E-2
5.620000000E0	2.058886432E-1	4.501715051E-2
5.630000000E0	2.066828445E-1	4.503300816E-2
5.640000000E0	2.074491951E-1	4.443400880E-2
5.650000000E0	2.082631143E-1	4.410181314E-2
5.660000000E0	2.093091973E-1	4.386832943E-2
5.670000000E0	2.105242052E-1	4.338471766E-2
5.680000000E0	2.121099706E-1	4.305547585E-2
5.690000000E0	2.136728878E-1	4.267159681E-2
5.700000000E0	2.155627104E-1	4.233416674E-2
5.710000000E0	2.174349976E-1	4.168430100E-2
5.720000000E0	2.195419595E-1	4.090666961E-2
5.730000000E0	2.216169835E-1	4.048244378E-2
5.740000000E0	2.239882036E-1	3.976610758E-2
5.750000000E0	2.264585494E-1	3.920720340E-2
5.760000000E0	2.289887521E-1	3.865134217E-2
5.770000000E0	2.318220649E-1	3.779215934E-2
5.780000000E0	2.347099897E-1	3.723359986E-2
5.790000000E0	2.377551163E-1	3.648285129E-2
5.800000000E0	2.409755934E-1	3.556257029E-2
5.810000000E0	2.442657560E-1	3.489183213E-2
5.820000000E0	2.477262974E-1	3.394996461E-2
5.830000000E0	2.511810567E-1	3.299532653E-2
5.840000000E0	2.548522343E-1	3.215269037E-2
5.850000000E0	2.586070846E-1	3.113326336E-2
5.860000000E0	2.625547287E-1	3.031400122E-2
5.870000000E0	2.663223972E-1	2.909010693E-2
5.880000000E0	2.705620504E-1	2.832908825E-2
5.890000000E0	2.746507820E-1	2.752253376E-2
5.900000000E0	2.788001632E-1	2.654015112E-2
5.910000000E0	2.831140450E-1	2.554633564E-2
5.920000000E0	2.875499624E-1	2.453544022E-2
5.930000000E0	2.922142527E-1	2.370892850E-2
5.940000000E0	2.968660593E-1	2.275530806E-2
5.950000000E0	3.017139423E-1	2.199519696E-2
5.960000000E0	3.065812911E-1	2.109037401E-2
5.970000000E0	3.115715851E-1	2.016649705E-2
5.980000000E0	3.168533138E-1	1.922875985E-2
5.990000000E0	3.220269577E-1	1.836026525E-2
6.000000000E0	3.272225387E-1	1.759217966E-2
6.010000000E0	3.325957627E-1	1.676180410E-2
6.020000000E0	3.380513455E-1	1.585699681E-2
6.030000000E0	3.437218892E-1	1.500871549E-2
6.040000000E0	3.492978242E-1	1.431500720E-2
6.050000000E0	3.551479191E-1	1.358552782E-2
6.060000000E0	3.610985630E-1	1.300562869E-2
6.070000000E0	3.667838784E-1	1.213782831E-2
6.080000000E0	3.727822562E-1	1.162875500E-2
6.090000000E0	3.788442978E-1	1.090505423E-2
6.100000000E0	3.846572209E-1	1.069881240E-2
6.110000000E0	3.907665393E-1	1.016815600E-2
6.120000000E0	3.967019607E-1	9.631972342E-3
6.130000000E0	4.028450732E-1	9.058968433E-3
6.140000000E0	4.087716512E-1	8.778013079E-3
6.150000000E0	4.149672437E-1	8.546707499E-3
6.160000000E0	4.211084263E-1	8.091850704E-3
6.170000000E0	4.272840892E-1	7.735148109E-3
6.180000000E0	4.335363701E-1	7.455009772E-3
6.190000000E0	4.397449257E-1	7.487100459E-3
6.200000000E0	4.461176869E-1	7.128687543E-3
6.210000000E0	4.525992433E-1	6.832432491E-3
6.220000000E0	4.591572768E-1	6.595464813E-3
6.230000000E0	4.656723057E-1	6.531388247E-3
6.240000000E0	4.720061097E-1	6.510392601E-3
6.250000000E0	4.783616747E-1	6.532288414E-3
6.260000000E0	4.846829690E-1	6.396561279E-3
6.270000000E0	4.911265707E-1	6.496073746E-3
6.280000000E0	4.973719162E-1	6.383946827E-3
6.290000000E0	5.036462026E-1	6.546124323E-3
6.300000000E0	5.099485488E-1	6.624873042E-3
6.310000000E0	5.163597728E-1	6.620600572E-3
6.320000000E0	5.224847599E-1	6.680387210E-3
6.330000000E0	5.286561009E-1	6.684131037E-3
6.340000000E0	5.349303299E-1	6.818297817E-3
6.350000000E0	5.411595221E-1	6.761677074E-3
6.360000000E0	5.474075246E-1	6.834090739E-3
6.370000000E0	5.534988449E-1	6.981002282E-3
6.380000000E0	5.597015848E-1	7.205569267E-3
6.390000000E0	5.659197870E-1	7.221377513E-3
6.400000000E0	5.720861990E-1	7.296621757E-3
6.410000000E0	5.782534420E-1	7.534354820E-3
6.420000000E0	5.845995177E-1	7.592098043E-3
6.430000000E0	5.905237902E-1	7.714061414E-3
6.440000000E0	5.968300082E-1	7.722656213E-3
6.450000000E0	6.028543928E-1	7.843458063E-3
6.460000000E0	6.089661835E-1	7.885407365E-3
6.470000000E0	6.149471153E-1	7.957634031E-3
6.480000000E0	6.208788168E-1	7.997262365E-3
6.490000000E0	6.269088551E-1	8.066892313E-3
6.500000000E0	6.326309507E-1	8.543247852E-3
6.510000000E0	6.386286881E-1	8.814792749E-3
6.520000000E0	6.444902626E-1	9.008264830E-3
6.530000000E0	6.501172849E-1	9.795104697E-3
6.540000000E0	6.559289246E-1	1.007321833E-2
6.550000000E0	6.613837300E-1	1.070915400E-2
6.560000000E0	6.670361136E-1	1.126037781E-2
6.570000000E0	6.727363710E-1	1.187591717E-2
6.580000000E0	6.784084449E-1	1.243857528E-2
6.590000000E0	6.839208434E-1	1.319443058E-2
6.600000000E0	6.893394683E-1	1.393585745E-2
6.610000000E0	6.946271482E-1	1.458822291E-2
6.620000000E0	6.997915536E-1	1.550316237E-2
6.630000000E0	7.048996834E-1	1.629298159E-2
6.640000000E0	7.098070428E-1	1.725760592E-2
6.650000000E0	7.148210419E-1	1.807453148E-2
6.660000000E0	7.194344827E-1	1.879503188E-2
6.670000000E0	7.240138379E-1	1.977346317E-2
6.680000000E0	7.285128875E-1	2.066927045E-2
6.690000000E0	7.327484454E-1	2.154687223E-2
6.700000000E0	7.370330943E-1	2.268383164E-2
6.710000000E0	7.413327311E-1	2.361269774E-2
6.720000000E0	7.453575219E-1	2.428638995E-2
6.730000000E0	7.492556625E-1	2.518099110E-2
6.740000000E0	7.530016170E-1	2.598371322E-2
6.750000000E0	7.567906588E-1	2.697561637E-2
6.760000000E0	7.602673311E-1	2.765053216E-2
6.770000000E0	7.635542828E-1	2.860628102E-2
6.780000000E0	7.668570379E-1	2.948456832E-2
6.790000000E0	7.700321281E-1	2.997524038E-2
6.800000000E0	7.731772744E-1	3.084793108E-2
6.810000000E0	7.760426873E-1	3.147528460E-2
6.820000000E0	7.788886815E-1	3.221351555E-2
6.830000000E0	7.814180810E-1	3.299044201E-2
6.840000000E0	7.839677010E-1	3.369076050E-2
6.850000000E0	7.865290543E-1	3.423577413E-2
6.860000000E0	7.887563564E-1	3.496946997E-2
6.870000000E0	7.909524604E-1	3.546853832E-2
6.880000000E0	7.930409271E-1	3.614218562E-2
6.890000000E0	7.949977891E-1	3.651805642E-2
6.900000000E0	7.966442551E-1	3.711507239E-2
6.910000000E0	7.983639800E-1	3.747896361E-2
6.920000000E0	7.998238672E-1	3.790384595E-2
6.930000000E0	8.011658890E-1	3.822282684E-2
6.940000000E0	8.023187614E-1	3.860030977E-2
6.950000000E0	8.033364115E-1	3.869516570E-2
6.960000000E0	8.043473185E-1	3.887349048E-2
6.970000000E0	8.052295914E-1	3.913861352E-2
6.980000000E0	8.059453619E-1	3.891664043E-2
6.990000000E0	8.065845832E-1	3.912611363E-2
7.000000000E0	8.070837240E-1	3.886560668E-2
7.010000000E0	8.074274388E-1	3.887980174E-2
7.020000000E0	8.074740505E-1	3.891637790E-2
7.030000000E0	8.074740859E-1	3.879937863E-2
7.040000000E0	8.074103496E-1	3.863770652E-2
7.050000000E0	8.072361354E-1	3.859787336E-2
7.060000000E0	8.067882977E-1	3.862168790E-2
7.070000000E0	8.062438587E-1	3.855721495E-2
7.080000000E0	8.054562473E-1	3.842179182E-2
7.090000000E0	8.045121072E-1	3.829878688E-2
7.100000000E0	8.036422374E-1	3.807330455E-2
7.110000000E0	8.029358161E-1	3.774639569E-2
7.120000000E0	8.017435031E-1	3.748126055E-2
7.130000000E0	8.003004848E-1	3.715377201E-2
7.140000000E0	7.987865374E-1	3.702269403E-2
7.150000000E0	7.973069945E-1	3.648091191E-2
7.160000000E0	7.954496080E-1	3.625260062E-2
7.170000000E0	7.935411365E-1	3.566054260E-2
7.180000000E0	7.915896703E-1	3.516584670E-2
7.190000000E0	7.895662268E-1	3.442669706E-2
7.200000000E0	7.873314066E-1	3.385191298E-2
7.210000000E0	7.849810506E-1	3.320031338E-2
7.220000000E0	7.824414624E-1	3.259274351E-2
7.230000000E0	7.798030930E-1	3.200755044E-2
7.240000000E0	7.769842154E-1	3.126584488E-2
7.250000000E0	7.741113973E-1	3.059940079E-2
7.260000000E0	7.710649181E-1	2.977382968E-2
7.270000000E0	7.679419161E-1	2.884442728E-2
7.280000000E0	7.645327370E-1	2.833131866E-2
7.290000000E0	7.612779312E-1	2.752765183E-2
7.300000000E0	7.578332527E-1	2.670786797E-2
7.310000000E0	7.543544361E-1	2.592639877E-2
7.320000000E0	7.505215866E-1	2.512768255E-2
7.330000000E0	7.468072967E-1	2.425347722E-2
7.340000000E0	7.427867864E-1	2.333360204E-2
7.350000000E0	7.388392139E-1	2.238167899E-2
7.360000000E0	7.346610909E-1	2.163702853E-2
7.370000000E0	7.304132880E-1	2.091326912E-2
7.380000000E0	7.260702104E-1	2.002568557E-2
7.390000000E0	7.216058515E-1	1.935965943E-2
7.400000000E0	7.170733988E-1	1.870652447E-2
7.410000000E0	7.126048561E-1	1.771558869E-2
7.420000000E0	7.078453100E-1	1.685409449E-2
7.430000000E0	7.029996665E-1	1.631184049E-2
7.440000000E0	6.981757866E-1	1.547558517E-2
7.450000000E0	6.930276801E-1	1.501058043E-2
7.460000000E0	6.882165983E-1	1.430917671E-2
7.470000000E0	6.829475864E-1	1.384414998E-2
7.480000000E0	6.776313371E-1	1.315961735E-2
7.490000000E0	6.723714924E-1	1.242980255E-2
7.500000000E0	6.670800741E-1	1.191546667E-2
7.510000000E0	6.618962785E-1	1.141789488E-2
7.520000000E0	6.564563708E-1	1.095007191E-2
7.530000000E0	6.511329393E-1	1.022532314E-2
7.540000000E0	6.456380152E-1	9.836097655E-3
7.550000000E0	6.401479474E-1	9.451582998E-3
7.560000000E0	6.346283850E-1	9.151924199E-3
7.570000000E0	6.290002510E-1	8.853788065E-3
7.580000000E0	6.235260331E-1	8.673557516E-3
7.590000000E0	6.180160780E-1	8.530030144E-3
7.600000000E0	6.124457652E-1	8.543998870E-3
7.610000000E0	6.068993429E-1	8.678950652E-3
7.620000000E0	6.014088146E-1	8.557300652E-3
7.630000000E0	5.958891498E-1	8.197335305E-3
7.640000000E0	5.903002072E-1	7.896648737E-3
7.650000000E0	5.847951841E-1	7.857518325E-3
7.660000000E0	5.792163877E-1	7.688249322E-3
7.670000000E0	5.737406488E-1	7.772568550E-3
7.680000000E0	5.682010173E-1	7.689768839E-3
7.690000000E0	5.626077687E-1	7.540418785E-3
7.700000000E0	5.570573244E-1	7.435287653E-3
7.710000000E0	5.514464623E-1	7.376414835E-3
7.720000000E0	5.461113861E-1	7.400862313E-3
7.730000000E0	5.405300973E-1	7.363210717E-3
7.740000000E0	5.351701761E-1	7.422378400E-3
7.750000000E0	5.296037486E-1	7.411239823E-3
7.760000000E0	5.241274284E-1	7.429083689E-3
7.770000000E0	5.185937027E-1	7.471017508E-3
7.780000000E0	5.131816617E-1	7.629129636E-3
7.790000000E0	5.076836192E-1	7.636840646E-3
7.800000000E0	5.022309445E-1	7.575242314E-3
7.810000000E0	4.967201531E-1	7.655654563E-3
7.820000000E0	4.912299783E-1	7.726142083E-3
7.830000000E0	4.857172250E-1	7.743404517E-3
7.840000000E0	4.802049578E-1	7.761036738E-3
7.850000000E0	4.747603222E-1	7.765658346E-3
7.860000000E0	4.693461879E-1	7.884562883E-3
7.870000000E0	4.639786178E-1	8.163764969E-3
7.880000000E0	4.585043905E-1	8.218636175E-3
7.890000000E0	4.531202021E-1	8.295505514E-3
7.900000000E0	4.477635417E-1	8.048831864E-3
7.910000000E0	4.425224837E-1	8.282765541E-3
7.920000000E0	4.371410836E-1	8.521319971E-3
7.930000000E0	4.318985489E-1	8.751683442E-3
7.940000000E0	4.267624503E-1	8.962844939E-3
7.950000000E0	4.217947688E-1	9.398289789E-3
7.960000000E0	4.166928584E-1	9.688666575E-3
7.970000000E0	4.118070260E-1	9.954100310E-3
7.980000000E0	4.068095860E-1	1.017759020E-2
7.990000000E0	4.018516427E-1	1.076443635E-2
8.000000000E0	3.970747055E-1	1.103679548E-2
8.010000000E0	3.921554370E-1	1.167768271E-2
8.020000000E0	3.875740387E-1	1.218339260E-2
8.030000000E0	3.830693502E-1	1.240581283E-2
8.040000000E0	3.785582977E-1	1.285666638E-2
8.050000000E0	3.740781376E-1	1.336209640E-2
8.060000000E0	3.693846822E-1	1.406933819E-2
8.070000000E0	3.648904794E-1	1.449559867E-2
8.080000000E0	3.603873391E-1	1.518382604E-2
8.090000000E0	3.562397929E-1	1.554850047E-2
8.100000000E0	3.516623463E-1	1.615573093E-2
8.110000000E0	3.475764517E-1	1.658046777E-2
8.120000000E0	3.435361818E-1	1.723788354E-2
8.130000000E0	3.394595741E-1	1.784046682E-2
8.140000000E0	3.354585777E-1	1.836477788E-2
8.150000000E0	3.316824583E-1	1.895908518E-2
8.160000000E0	3.280071878E-1	1.950382485E-2
8.170000000E0	3.244532486E-1	1.987595455E-2
8.180000000E0	3.208384289E-1	2.058727688E-2
8.190000000E0	3.173926496E-1	2.107211011E-2
8.200000000E0	3.139191744E-1	2.175032004E-2
8.210000000E0	3.107508077E-1	2.216923088E-2
8.220000000E0	3.075039809E-1	2.274993381E-2
8.230000000E0	3.046537455E-1	2.319160565E-2
8.240000000E0	3.017132452E-1	2.379640682E-2
8.250000000E0	2.988768105E-1	2.441043054E-2
8.260000000E0	2.961601062E-1	2.491850114E-2
8.270000000E0	2.937803550E-1	2.536377289E-2
8.280000000E0	2.912491710E-1	2.570870467E-2
8.290000000E0	2.890772384E-1	2.620465613E-2
8.300000000E0	2.871435471E-1	2.662454505E-2
8.310000000E0	2.850025443E-1	2.711052243E-2
8.320000000E0	2.829478991E-1	2.764009706E-2
8.330000000E0	2.810283321E-1	2.795934328E-2
8.340000000E0	2.793402766E-1	2.812077623E-2
8.350000000E0	2.775158951E-1	2.856039169E-2
8.360000000E0	2.761130646E-1	2.873395954E-2
8.370000000E0	2.745340125E-1	2.909607177E-2
8.380000000E0	2.730683672E-1	2.953613181E-2
8.390000000E0	2.718625660E-1	2.971003425E-2
8.400000000E0	2.707120270E-1	2.983233778E-2
8.410000000E0	2.697457718E-1	3.003644922E-2
8.420000000E0	2.688007890E-1	3.005424777E-2
8.430000000E0	2.679669840E-1	3.021285056E-2
8.440000000E0	2.672891497E-1	3.017984500E-2
8.450000000E0	2.665604028E-1	3.008736266E-2
8.460000000E0	2.662362031E-1	3.034942978E-2
8.470000000E0	2.658669762E-1	3.070565468E-2
8.480000000E0	2.654116744E-1	3.073829362E-2
8.490000000E0	2.653089417E-1	3.082209061E-2
8.500000000E0	2.652855275E-1	3.086838274E-2
8.510000000E0	2.653122598E-1	3.087798125E-2
8.520000000E0	2.654592642E-1	3.083700795E-2
8.530000000E0	2.656369441E-1	3.075548034E-2
8.540000000E0	2.660741988E-1	3.082664080E-2
8.550000000E0	2.666181252E-1	3.069189777E-2
8.560000000E0	2.674602044E-1	3.071843314E-2
8.570000000E0	2.681178858E-1	3.063733401E-2
8.580000000E0	2.689973232E-1	3.046210395E-2
8.590000000E0	2.698370890E-1	3.043540348E-2
8.600000000E0	2.709208954E-1	3.037587262E-2
8.610000000E0	2.720093329E-1	2.990067207E-2
8.620000000E0	2.732465951E-1	2.976003197E-2
8.630000000E0	2.748170102E-1	2.952127982E-2
8.640000000E0	2.763185513E-1	2.918590413E-2
8.650000000E0	2.778776898E-1	2.864868025E-2
8.660000000E0	2.796598420E-1	2.851640553E-2
8.670000000E0	2.815726139E-1	2.827374894E-2
8.680000000E0	2.835166372E-1	2.789385521E-2
8.690000000E0	2.853216749E-1	2.743799920E-2
8.700000000E0	2.874439026E-1	2.706202039E-2
8.710000000E0	2.896492995E-1	2.666290196E-2
8.720000000E0	2.919480141E-1	2.632011265E-2
8.730000000E0	2.943345468E-1	2.590228811E-2
8.740000000E0	2.968821883E-1	2.530256530E-2
8.750000000E0	2.995770169E-1	2.488573075E-2
8.760000000E0	3.023190554E-1	2.424720581E-2
8.770000000E0	3.051709500E-1	2.381320425E-2
8.780000000E0	3.081142134E-1	2.324730614E-2
8.790000000E0	3.112145566E-1	2.279157438E-2
8.800000000E0	3.143129953E-1	2.213203447E-2
8.810000000E0	3.173991035E-1	2.177265924E-2
8.820000000E0	3.205951630E-1	2.111515050E-2
8.830000000E0	3.239404664E-1	2.069944911E-2
8.840000000E0	3.273787316E-1	2.001048177E-2
8.850000000E0	3.310851483E-1	1.944039722E-2
8.860000000E0	3.347074851E-1	1.891217681E-2
8.870000000E0	3.384594149E-1	1.829272149E-2
8.880000000E0	3.423209759E-1	1.777983523E-2
8.890000000E0	3.461736682E-1	1.709860108E-2
8.900000000E0	3.500817049E-1	1.658494247E-2
8.910000000E0	3.542596973E-1	1.592179562E-2
8.920000000E0	3.584919906E-1	1.530768151E-2
8.930000000E0	3.626735404E-1	1.478489951E-2
8.940000000E0	3.668011893E-1	1.435009929E-2
8.950000000E0	3.711455526E-1	1.375673943E-2
8.960000000E0	3.755200424E-1	1.320452018E-2
8.970000000E0	3.798602125E-1	1.263351655E-2
8.980000000E0	3.843673201E-1	1.214025937E-2
8.990000000E0	3.887671157E-1	1.178664718E-2
9.000000000E0	3.932025243E-1	1.150458823E-2
9.010000000E0	3.977376358E-1	1.101938638E-2
9.020000000E0	4.022803501E-1	1.065598425E-2
9.030000000E0	4.067660911E-1	1.023858394E-2
9.040000000E0	4.114572455E-1	9.930822868E-3
9.050000000E0	4.162252732E-1	9.686936954E-3
9.060000000E0	4.208145502E-1	9.525295878E-3
9.070000000E0	4.257259801E-1	9.220480198E-3
9.080000000E0	4.305934637E-1	8.795231230E-3
9.090000000E0	4.353978285E-1	8.690639052E-3
9.100000000E0	4.403347990E-1	8.549206133E-3
9.110000000E0	4.451481281E-1	8.548132578E-3
9.120000000E0	4.502243164E-1	8.467045573E-3
9.130000000E0	4.550462262E-1	8.282602722E-3
9.140000000E0	4.602197106E-1	7.928061952E-3
9.150000000E0	4.649629732E-1	7.762696898E-3
9.160000000E0	4.700338142E-1	7.703468763E-3
9.170000000E0	4.749182987E-1	7.603193279E-3
9.180000000E0	4.800215597E-1	7.655201629E-3
9.190000000E0	4.848564628E-1	7.695209629E-3
9.200000000E0	4.899272449E-1	7.610421555E-3
9.210000000E0	4.947395570E-1	7.645771990E-3
9.220000000E0	4.998888512E-1	7.587168613E-3
9.230000000E0	5.046987228E-1	7.636162373E-3
9.240000000E0	5.095588246E-1	7.716732925E-3
9.250000000E0	5.144794881E-1	7.718509885E-3
9.260000000E0	5.193606799E-1	7.672473022E-3
9.270000000E0	5.242690933E-1	7.707967492E-3
9.280000000E0	5.290125000E-1	7.752324644E-3
9.290000000E0	5.339799926E-1	7.759924254E-3
9.300000000E0	5.387135834E-1	7.780840300E-3
9.310000000E0	5.436943230E-1	7.806982579E-3
9.320000000E0	5.485512679E-1	7.831622932E-3
9.330000000E0	5.532209370E-1	7.844465445E-3
9.340000000E0	5.582700541E-1	7.881050129E-3
9.350000000E0	5.629422625E-1	7.906400492E-3
9.360000000E0	5.676427704E-1	7.847969307E-3
9.370000000E0	5.725390568E-1	7.878687539E-3
9.380000000E0	5.772162385E-1	7.848049326E-3
9.390000000E0	5.819229574E-1	7.840364441E-3
9.400000000E0	5.867862517E-1	7.889518282E-3
9.410000000E0	5.915455531E-1	7.865339062E-3
9.420000000E0	5.961605260E-1	7.899907878E-3
9.430000000E0	6.009500210E-1	7.959395814E-3
9.440000000E0	6.057061843E-1	7.919985371E-3
9.450000000E0	6.103719750E-1	8.075977276E-3
9.460000000E0	6.150021345E-1	8.096375107E-3
9.470000000E0	6.195656020E-1	7.926306273E-3
9.480000000E0	6.238685388E-1	8.388204232E-3
9.490000000E0	6.283053407E-1	8.748612079E-3
9.500000000E0	6.327310054E-1	8.858359564E-3
9.510000000E0	6.372462514E-1	9.050278446E-3
9.520000000E0	6.418770828E-1	9.184836157E-3
9.530000000E0	6.464658580E-1	9.583151403E-3
9.540000000E0	6.509371377E-1	1.000588608E-2
9.550000000E0	6.552532968E-1	1.033604405E-2
9.560000000E0	6.595750514E-1	1.081163904E-2
9.570000000E0	6.637664015E-1	1.107478158E-2
9.580000000E0	6.679073400E-1	1.151520987E-2
9.590000000E0	6.718978721E-1	1.197741286E-2
9.600000000E0	6.760711518E-1	1.226257781E-2
9.610000000E0	6.798586305E-1	1.289644099E-2
9.620000000E0	6.839201032E-1	1.332854415E-2
9.630000000E0	6.875956381E-1	1.400738517E-2
9.640000000E0	6.913943456E-1	1.442734232E-2
9.650000000E0	6.950669107E-1	1.506863706E-2
9.660000000E0	6.985785866E-1	1.555989985E-2
9.670000000E0	7.019872531E-1	1.626759688E-2
9.680000000E0	7.054194615E-1	1.667431816E-2
9.690000000E0	7.085024357E-1	1.742113408E-2
9.700000000E0	7.117183104E-1	1.774774007E-2
9.710000000E0	7.148543047E-1	1.849155609E-2
9.720000000E0	7.178976811E-1	1.888328018E-2
9.730000000E0	7.207384612E-1	1.966385948E-2
9.740000000E0	7.235887220E-1	1.999802192E-2
9.750000000E0	7.261378797E-1	2.074569168E-2
9.760000000E0	7.289618010E-1	2.102527525E-2
9.770000000E0	7.313745606E-1	2.159425336E-2
9.780000000E0	7.337728402E-1	2.206713502E-2
9.790000000E0	7.360653280E-1	2.232626835E-2
9.800000000E0	7.380911285E-1	2.296129518E-2
9.810000000E0	7.401876240E-1	2.327422666E-2
9.820000000E0	7.419730602E-1	2.375358878E-2
9.830000000E0	7.438262228E-1	2.431034366E-2
9.840000000E0	7.456262093E-1	2.474421346E-2
9.850000000E0	7.470039575E-1	2.503505925E-2
9.860000000E0	7.487160337E-1	2.530637437E-2
9.870000000E0	7.501228162E-1	2.551706711E-2
9.880000000E0	7.513216036E-1	2.573379488E-2
9.890000000E0	7.523393003E-1	2.607309143E-2
9.900000000E0	7.533873323E-1	2.638076452E-2
9.910000000E0	7.544100629E-1	2.652002491E-2
9.920000000E0	7.552366278E-1	2.659015676E-2
9.930000000E0	7.558515432E-1	2.699976674E-2
9.940000000E0	7.564487194E-1	2.673286578E-2
9.950000000E0	7.568305268E-1	2.691901903E-2
9.960000000E0	7.570594890E-1	2.693315577E-2
9.970000000E0	7.572273434E-1	2.681806835E-2
9.980000000E0	7.572134855E-1	2.674084979E-2
9.990000000E0	7.570504605E-1	2.674764294E-2
1.000000000E1	7.568029151E-1	2.659372493E-2
1.001000000E1	7.566392931E-1	2.652941085E-2
1.002000000E1	7.563250667E-1	2.645444605E-2
1.003000000E1	7.557663629E-1	2.649421917E-2
1.004000000E1	7.550537523E-1	2.638749191E-2
1.005000000E1	7.543169951E-1	2.618511263E-2
1.006000000E1	7.534872639E-1	2.607111014E-2
1.007000000E1	7.524445608E-1	2.611663014E-2
1.008000000E1	7.513783217E-1	2.560656546E-2
1.009000000E1	7.502044143E-1	2.539297574E-2
1.010000000E1	7.489723871E-1	2.520130817E-2
1.011000000E1	7.475293214E-1	2.465051239E-2
1.012000000E1	7.458765805E-1	2.437165902E-2
1.013000000E1	7.440551755E-1	2.407378144E-2
1.014000000E1	7.423890386E-1	2.333110286E-2
1.015000000E1	7.404213292E-1	2.309734066E-2
1.016000000E1	7.385494534E-1	2.251091513E-2
1.017000000E1	7.363959151E-1	2.196943359E-2
1.018000000E1	7.343571955E-1	2.165795549E-2
1.019000000E1	7.320744423E-1	2.116605977E-2
1.020000000E1	7.294755453E-1	2.087668344E-2
1.021000000E1	7.269872268E-1	2.031961245E-2
1.022000000E1	7.243061087E-1	1.974027160E-2
1.023000000E1	7.216416721E-1	1.928601246E-2
1.024000000E1	7.187242349E-1	1.872486920E-2
1.025000000E1	7.158335185E-1	1.810448943E-2
1.026000000E1	7.127342716E-1	1.761865733E-2
1.027000000E1	7.097001766E-1	1.698910139E-2
1.028000000E1	7.063815163E-1	1.647281813E-2
