mass_A
t	x	y
0.000000000E0	-3.861033381E-4	1.378787116E-1
1.000000000E-2	-3.289327356E-4	1.378781601E-1
2.000000000E-2	-1.281810903E-4	1.377448508E-1
3.000000000E-2	4.086582386E-4	1.370701969E-1
4.000000000E-2	1.456041531E-3	1.366400147E-1
5.000000000E-2	2.694561259E-3	1.357170114E-1
6.000000000E-2	4.242140999E-3	1.345221555E-1
7.000000000E-2	6.326721460E-3	1.333419110E-1
8.000000000E-2	8.694840636E-3	1.314763361E-1
9.000000000E-2	1.158240719E-2	1.297555731E-1
1.000000000E-1	1.474411270E-2	1.280335017E-1
1.100000000E-1	1.806518470E-2	1.259286387E-1
1.200000000E-1	2.156819322E-2	1.237060863E-1
1.300000000E-1	2.532816992E-2	1.213809158E-1
1.400000000E-1	2.944998445E-2	1.189121841E-1
1.500000000E-1	3.376842463E-2	1.161441547E-1
1.600000000E-1	3.835241689E-2	1.134307077E-1
1.700000000E-1	4.340981113E-2	1.107959363E-1
1.800000000E-1	4.897598074E-2	1.092121090E-1
1.900000000E-1	5.536013520E-2	1.059214966E-1
2.000000000E-1	6.066421308E-2	1.021358605E-1
2.100000000E-1	6.664961685E-2	9.849047706E-2
2.200000000E-1	7.317411930E-2	9.514953980E-2
2.300000000E-1	7.990376641E-2	9.172986180E-2
2.400000000E-1	8.672476152E-2	8.834913451E-2
2.500000000E-1	9.373332845E-2	8.478509832E-2
2.600000000E-1	1.009756418E-1	8.160182063E-2
2.700000000E-1	1.084137742E-1	7.817820864E-2
2.800000000E-1	1.159693031E-1	7.493224137E-2
2.900000000E-1	1.236933550E-1	7.175335490E-2
3.000000000E-1	1.314053690E-1	6.851602762E-2
3.100000000E-1	1.394290765E-1	6.549316787E-2
3.200000000E-1	1.475495925E-1	6.241738564E-2
3.300000000E-1	1.559447051E-1	5.950715680E-2
3.400000000E-1	1.642997744E-1	5.643118922E-2
3.500000000E-1	1.729888399E-1	5.367404114E-2
3.600000000E-1	1.818451733E-1	5.083708408E-2
3.700000000E-1	1.909316322E-1	4.799919366E-2
3.800000000E-1	2.001759331E-1	4.535097653E-2
3.900000000E-1	2.093666071E-1	4.225426379E-2
4.000000000E-1	2.189255226E-1	3.975366754E-2
4.100000000E-1	2.282869697E-1	3.758850116E-2
4.200000000E-1	2.382226183E-1	3.658140445E-2
4.300000000E-1	2.478625403E-1	3.302094830E-2
4.400000000E-1	2.581457770E-1	3.035486623E-2
4.500000000E-1	2.684519612E-1	2.794045545E-2
4.600000000E-1	2.787287472E-1	2.555426098E-2
4.700000000E-1	2.893825946E-1	2.331561839E-2
4.800000000E-1	2.997464897E-1	2.125187108E-2
4.900000000E-1	3.105750511E-1	1.917859137E-2
5.000000000E-1	3.215341690E-1	1.742450566E-2
5.100000000E-1	3.325368146E-1	1.557571486E-2
5.200000000E-1	3.435365400E-1	1.389647375E-2
5.300000000E-1	3.545757475E-1	1.234415413E-2
5.400000000E-1	3.655764229E-1	1.106148008E-2
5.500000000E-1	3.767674224E-1	9.850300866E-3
5.600000000E-1	3.877802151E-1	8.813906969E-3
5.700000000E-1	3.988161423E-1	7.639019767E-3
5.800000000E-1	4.098955951E-1	6.683574645E-3
5.900000000E-1	4.209697390E-1	7.856091891E-3
6.000000000E-1	4.329267099E-1	6.797270898E-3
6.100000000E-1	4.442599262E-1	5.332350419E-3
6.200000000E-1	4.555965446E-1	4.811499491E-3
6.300000000E-1	4.670331640E-1	4.332513704E-3
6.400000000E-1	4.781883498E-1	4.234704982E-3
6.500000000E-1	4.893300783E-1	4.356587741E-3
6.600000000E-1	5.004425156E-1	4.323626171E-3
6.700000000E-1	5.115770478E-1	4.342263765E-3
6.800000000E-1	5.226888896E-1	4.325479834E-3
6.900000000E-1	5.338606685E-1	4.575718380E-3
7.000000000E-1	5.451465656E-1	4.624361975E-3
7.100000000E-1	5.565477521E-1	4.795468568E-3
7.200000000E-1	5.677076522E-1	4.718901807E-3
7.300000000E-1	5.786089811E-1	5.001475393E-3
7.400000000E-1	5.896191896E-1	5.392678136E-3
7.500000000E-1	6.005028135E-1	5.580406818E-3
7.600000000E-1	6.107961073E-1	6.713845879E-3
7.700000000E-1	6.216439987E-1	7.442677133E-3
7.800000000E-1	6.327831176E-1	7.002419827E-3
7.900000000E-1	6.437230048E-1	7.571429257E-3
8.000000000E-1	6.546325610E-1	8.738591367E-3
8.100000000E-1	6.651387446E-1	9.839398083E-3
8.200000000E-1	6.757791052E-1	1.102966150E-2
8.300000000E-1	6.861902417E-1	1.221075341E-2
8.400000000E-1	6.965774079E-1	1.360767365E-2
8.500000000E-1	7.067066875E-1	1.526330836E-2
8.600000000E-1	7.166201811E-1	1.707048663E-2
8.700000000E-1	7.264804822E-1	1.878269965E-2
8.800000000E-1	7.361960747E-1	2.080501883E-2
8.900000000E-1	7.455460226E-1	2.250734959E-2
9.000000000E-1	7.550313394E-1	2.443349833E-2
9.100000000E-1	7.641817185E-1	2.665950769E-2
9.200000000E-1	7.736751535E-1	2.871298823E-2
9.300000000E-1	7.827022878E-1	3.114506512E-2
9.400000000E-1	7.915095259E-1	3.327842733E-2
9.500000000E-1	7.998502948E-1	3.651329804E-2
9.600000000E-1	8.087082142E-1	3.825398247E-2
9.700000000E-1	8.169477838E-1	4.037391659E-2
9.800000000E-1	8.252084281E-1	4.285549435E-2
9.900000000E-1	8.332728169E-1	4.515140168E-2
1.000000000E0	8.410583931E-1	4.741525291E-2
1.010000000E0	8.487358611E-1	4.961445077E-2
1.020000000E0	8.559819221E-1	5.189483287E-2
1.030000000E0	8.632519669E-1	5.414388736E-2
1.040000000E0	8.703289553E-1	5.664360410E-2
1.050000000E0	8.772149440E-1	5.889680351E-2
1.060000000E0	8.839003038E-1	6.126116721E-2
1.070000000E0	8.905509980E-1	6.385892297E-2
1.080000000E0	8.967946120E-1	6.626588946E-2
1.090000000E0	9.029290565E-1	6.844520345E-2
1.100000000E0	9.086613804E-1	7.072871654E-2
1.110000000E0	9.140816507E-1	7.298611100E-2
1.120000000E0	9.194681003E-1	7.516287155E-2
1.130000000E0	9.243331202E-1	7.734696932E-2
1.140000000E0	9.290212812E-1	7.946930506E-2
1.150000000E0	9.337267699E-1	8.167456444E-2
1.160000000E0	9.380306189E-1	8.382412673E-2
1.170000000E0	9.420612709E-1	8.590105524E-2
1.180000000E0	9.458419895E-1	8.794794686E-2
1.190000000E0	9.494814082E-1	8.963364797E-2
1.200000000E0	9.526737639E-1	9.141412052E-2
1.210000000E0	9.556585638E-1	9.284991063E-2
1.220000000E0	9.584135365E-1	9.439882614E-2
1.230000000E0	9.608378379E-1	9.597219422E-2
1.240000000E0	9.629351900E-1	9.739978384E-2
1.250000000E0	9.649740910E-1	9.842847976E-2
1.260000000E0	9.669665185E-1	9.932055605E-2
1.270000000E0	9.683736928E-1	1.001792468E-1
1.280000000E0	9.697029515E-1	1.006029388E-1
1.290000000E0	9.708500466E-1	1.013328686E-1
1.300000000E0	9.718131136E-1	1.016591668E-1
1.310000000E0	9.725791797E-1	1.017927750E-1
1.320000000E0	9.728921104E-1	1.018236678E-1
1.330000000E0	9.728965850E-1	1.017276236E-1
1.340000000E0	9.726928218E-1	1.015688094E-1
1.350000000E0	9.723178041E-1	1.014189699E-1
1.360000000E0	9.716084936E-1	1.012257568E-1
1.370000000E0	9.707882876E-1	1.005037753E-1
1.380000000E0	9.698240287E-1	9.949561164E-2
1.390000000E0	9.682687299E-1	9.906167812E-2
1.400000000E0	9.666641644E-1	9.808326231E-2
1.410000000E0	9.648837880E-1	9.700762143E-2
1.420000000E0	9.626640609E-1	9.589067814E-2
1.430000000E0	9.604165167E-1	9.462291099E-2
1.440000000E0	9.581095561E-1	9.314601723E-2
1.450000000E0	9.554049027E-1	9.163255808E-2
1.460000000E0	9.526306054E-1	9.015198027E-2
1.470000000E0	9.495411770E-1	8.842428141E-2
1.480000000E0	9.460865225E-1	8.679378419E-2
1.490000000E0	9.426415726E-1	8.503501511E-2
1.500000000E0	9.386799059E-1	8.348976904E-2
1.510000000E0	9.349330227E-1	8.153887481E-2
1.520000000E0	9.308576709E-1	7.945710993E-2
1.530000000E0	9.266185115E-1	7.746039275E-2
1.540000000E0	9.219274931E-1	7.539281184E-2
1.550000000E0	9.173706160E-1	7.318460233E-2
1.560000000E0	9.125125908E-1	7.126941806E-2
1.570000000E0	9.075145120E-1	6.947278834E-2
1.580000000E0	9.021891297E-1	6.733816602E-2
1.590000000E0	8.966423535E-1	6.524405473E-2
1.600000000E0	8.909325266E-1	6.307156114E-2
1.610000000E0	8.851863052E-1	6.080443959E-2
1.620000000E0	8.789387034E-1	5.878988950E-2
1.630000000E0	8.728074305E-1	5.651146391E-2
1.640000000E0	8.664149986E-1	5.426810583E-2
1.650000000E0	8.598054267E-1	5.202091260E-2
1.660000000E0	8.530598294E-1	4.979033249E-2
1.670000000E0	8.461303833E-1	4.778187454E-2
1.680000000E0	8.390011448E-1	4.546735279E-2
1.690000000E0	8.316674664E-1	4.333610546E-2
1.700000000E0	8.244424131E-1	4.116417279E-2
1.710000000E0	8.169974820E-1	3.885543657E-2
1.720000000E0	8.096744990E-1	3.769579911E-2
1.730000000E0	8.014911065E-1	3.665622508E-2
1.740000000E0	7.938860000E-1	3.376675018E-2
1.750000000E0	7.861586327E-1	3.138596769E-2
1.760000000E0	7.783022918E-1	2.892263961E-2
1.770000000E0	7.701380525E-1	2.673792346E-2
1.780000000E0	7.617529420E-1	2.481687975E-2
1.790000000E0	7.531664605E-1	2.287317423E-2
1.800000000E0	7.443957059E-1	2.096559346E-2
1.810000000E0	7.357653565E-1	1.898425493E-2
1.820000000E0	7.266855837E-1	1.715922622E-2
1.830000000E0	7.177860317E-1	1.554083109E-2
1.840000000E0	7.088770472E-1	1.380357053E-2
1.850000000E0	6.999555239E-1	1.241957309E-2
1.860000000E0	6.910024937E-1	1.105893865E-2
1.870000000E0	6.818192814E-1	9.808341090E-3
1.880000000E0	6.724016399E-1	8.703486061E-3
1.890000000E0	6.630530617E-1	7.644714583E-3
1.900000000E0	6.536506947E-1	6.746119851E-3
1.910000000E0	6.438899936E-1	5.849608748E-3
1.920000000E0	6.341817798E-1	5.257517799E-3
1.930000000E0	6.248888170E-1	6.619858839E-3
1.940000000E0	6.150768894E-1	7.561515526E-3
1.950000000E0	6.059011357E-1	5.583240103E-3
1.960000000E0	5.966327285E-1	5.068000411E-3
1.970000000E0	5.873317000E-1	4.855161795E-3
1.980000000E0	5.780868482E-1	4.468252265E-3
1.990000000E0	5.687464002E-1	4.403467237E-3
2.000000000E0	5.592915091E-1	4.401664795E-3
2.010000000E0	5.499986694E-1	4.412189628E-3
2.020000000E0	5.404196356E-1	4.339978978E-3
2.030000000E0	5.310607332E-1	4.373562521E-3
2.040000000E0	5.214184572E-1	4.306062876E-3
2.050000000E0	5.122556832E-1	4.430182685E-3
2.060000000E0	5.027489444E-1	4.413421202E-3
2.070000000E0	4.936024908E-1	4.450193813E-3
2.080000000E0	4.841014494E-1	4.538687952E-3
2.090000000E0	4.750057313E-1	4.791875790E-3
2.100000000E0	4.661838290E-1	4.922335672E-3
2.110000000E0	4.573191718E-1	4.743933475E-3
2.120000000E0	4.483556107E-1	4.873391719E-3
2.130000000E0	4.395370316E-1	5.365252258E-3
2.140000000E0	4.307025362E-1	7.669788282E-3
2.150000000E0	4.217639305E-1	8.188280064E-3
2.160000000E0	4.129039417E-1	7.620193631E-3
2.170000000E0	4.040396009E-1	8.066305558E-3
2.180000000E0	3.953299015E-1	8.671167158E-3
2.190000000E0	3.866991443E-1	9.457956849E-3
2.200000000E0	3.779274636E-1	1.003532722E-2
2.210000000E0	3.692586262E-1	1.087418274E-2
2.220000000E0	3.608365676E-1	1.180472237E-2
2.230000000E0	3.524481450E-1	1.296781696E-2
2.240000000E0	3.443220378E-1	1.419112565E-2
2.250000000E0	3.362525091E-1	1.536065450E-2
2.260000000E0	3.282665494E-1	1.653894890E-2
2.270000000E0	3.203694547E-1	1.776466378E-2
2.280000000E0	3.124536377E-1	1.906117119E-2
2.290000000E0	3.048271754E-1	2.028845235E-2
2.300000000E0	2.973592046E-1	2.182213846E-2
2.310000000E0	2.896461620E-1	2.333024346E-2
2.320000000E0	2.821773102E-1	2.446031331E-2
2.330000000E0	2.750665579E-1	2.594989132E-2
2.340000000E0	2.678105746E-1	2.741043807E-2
2.350000000E0	2.609238060E-1	2.908609085E-2
2.360000000E0	2.541782967E-1	3.055954103E-2
2.370000000E0	2.477596462E-1	3.268708871E-2
2.380000000E0	2.418857931E-1	3.505759444E-2
2.390000000E0	2.357906803E-1	3.686879506E-2
2.400000000E0	2.294363523E-1	3.767257477E-2
2.410000000E0	2.234859891E-1	3.938773101E-2
2.420000000E0	2.173994905E-1	4.057682445E-2
2.430000000E0	2.115662841E-1	4.207339890E-2
2.440000000E0	2.063272767E-1	4.375262783E-2
2.450000000E0	2.006770251E-1	4.522350881E-2
2.460000000E0	1.956057250E-1	4.722675206E-2
2.470000000E0	1.904902556E-1	4.856277376E-2
2.480000000E0	1.852335337E-1	4.993735314E-2
2.490000000E0	1.807342226E-1	5.156303846E-2
2.500000000E0	1.761291859E-1	5.312054153E-2
2.510000000E0	1.718242252E-1	5.470410397E-2
2.520000000E0	1.675316952E-1	5.599232304E-2
2.530000000E0	1.632835764E-1	5.724756646E-2
2.540000000E0	1.595400872E-1	5.859942065E-2
2.550000000E0	1.559012665E-1	6.002400400E-2
2.560000000E0	1.529859056E-1	6.137573307E-2
2.570000000E0	1.498043437E-1	6.255227264E-2
2.580000000E0	1.467053512E-1	6.358783746E-2
2.590000000E0	1.440357053E-1	6.481774708E-2
2.600000000E0	1.415114320E-1	6.591993358E-2
2.610000000E0	1.394921722E-1	6.685121614E-2
2.620000000E0	1.369508098E-1	6.783230452E-2
2.630000000E0	1.352405404E-1	6.835991012E-2
2.640000000E0	1.335130765E-1	6.904435854E-2
2.650000000E0	1.318469587E-1	6.988798158E-2
2.660000000E0	1.306862824E-1	7.040058876E-2
2.670000000E0	1.291432409E-1	7.052752514E-2
2.680000000E0	1.285211583E-1	7.136041302E-2
2.690000000E0	1.276576631E-1	7.163255604E-2
2.700000000E0	1.269270899E-1	7.165147045E-2
2.710000000E0	1.264745737E-1	7.181057750E-2
2.720000000E0	1.263015584E-1	7.198379795E-2
2.730000000E0	1.262822334E-1	7.192641949E-2
2.740000000E0	1.264725361E-1	7.175919220E-2
2.750000000E0	1.266915830E-1	7.161419634E-2
2.760000000E0	1.272172007E-1	7.155541847E-2
2.770000000E0	1.280467884E-1	7.124831445E-2
2.780000000E0	1.288100687E-1	7.084058083E-2
2.790000000E0	1.300162134E-1	7.039877561E-2
2.800000000E0	1.311195581E-1	6.961721222E-2
2.810000000E0	1.328868563E-1	6.930344109E-2
2.820000000E0	1.344348888E-1	6.842678005E-2
2.830000000E0	1.362874171E-1	6.776436740E-2
2.840000000E0	1.386590014E-1	6.702585512E-2
2.850000000E0	1.409025490E-1	6.609648236E-2
2.860000000E0	1.432723516E-1	6.503830507E-2
2.870000000E0	1.458585886E-1	6.406436907E-2
2.880000000E0	1.488807591E-1	6.286876208E-2
2.890000000E0	1.519726722E-1	6.186831926E-2
2.900000000E0	1.552615081E-1	6.067630408E-2
2.910000000E0	1.587148153E-1	5.941828217E-2
2.920000000E0	1.623130125E-1	5.821982441E-2
2.930000000E0	1.663464862E-1	5.704976167E-2
2.940000000E0	1.704489659E-1	5.575227539E-2
2.950000000E0	1.743926306E-1	5.407227055E-2
2.960000000E0	1.786314385E-1	5.274769928E-2
2.970000000E0	1.831770379E-1	5.129870560E-2
2.980000000E0	1.875563747E-1	4.969127454E-2
2.990000000E0	1.925206069E-1	4.828927439E-2
3.000000000E0	1.973382848E-1	4.662552584E-2
3.010000000E0	2.025247234E-1	4.510938730E-2
3.020000000E0	2.078846762E-1	4.364375439E-2
3.030000000E0	2.129809250E-1	4.185725703E-2
3.040000000E0	2.185392467E-1	4.039166395E-2
3.050000000E0	2.238721953E-1	3.894842212E-2
3.060000000E0	2.298234605E-1	3.771658618E-2
3.070000000E0	2.358238580E-1	3.691563602E-2
3.080000000E0	2.420324337E-1	3.534546302E-2
3.090000000E0	2.479784051E-1	3.323590817E-2
3.100000000E0	2.543158404E-1	3.128642375E-2
3.110000000E0	2.608914251E-1	2.978871206E-2
3.120000000E0	2.675040723E-1	2.831937473E-2
3.130000000E0	2.742253532E-1	2.686987040E-2
3.140000000E0	2.809590380E-1	2.532277512E-2
3.150000000E0	2.878715228E-1	2.380269590E-2
3.160000000E0	2.949367050E-1	2.253428523E-2
3.170000000E0	3.021568350E-1	2.097589336E-2
3.180000000E0	3.095218527E-1	1.965355882E-2
3.190000000E0	3.170285714E-1	1.847882138E-2
3.200000000E0	3.243754509E-1	1.730879069E-2
3.210000000E0	3.316710208E-1	1.629386846E-2
3.220000000E0	3.393068562E-1	1.528664103E-2
3.230000000E0	3.469478269E-1	1.424515906E-2
3.240000000E0	3.546347949E-1	1.328507279E-2
3.250000000E0	3.624005164E-1	1.234029472E-2
3.260000000E0	3.702003650E-1	1.128803049E-2
3.270000000E0	3.781431811E-1	1.069952470E-2
3.280000000E0	3.860428230E-1	9.935673704E-3
3.290000000E0	3.939679540E-1	9.370622700E-3
3.300000000E0	4.021834228E-1	8.654796204E-3
3.310000000E0	4.101267940E-1	8.001278864E-3
3.320000000E0	4.181516504E-1	7.937921557E-3
3.330000000E0	4.264007700E-1	8.083627472E-3
3.340000000E0	4.344995127E-1	7.002973829E-3
3.350000000E0	4.427156413E-1	6.567546452E-3
3.360000000E0	4.508520157E-1	6.310177400E-3
3.370000000E0	4.591537263E-1	6.128129805E-3
3.380000000E0	4.673147518E-1	5.833561843E-3
3.390000000E0	4.752935711E-1	5.575281952E-3
3.400000000E0	4.834817158E-1	5.406863226E-3
3.410000000E0	4.915405181E-1	5.375543512E-3
3.420000000E0	4.995533015E-1	5.350407616E-3
3.430000000E0	5.077677861E-1	5.244094154E-3
3.440000000E0	5.158881072E-1	5.252820436E-3
3.450000000E0	5.241502370E-1	5.339726787E-3
3.460000000E0	5.324129460E-1	5.369525738E-3
3.470000000E0	5.403188530E-1	5.424520407E-3
3.480000000E0	5.485257450E-1	5.428075886E-3
3.490000000E0	5.566116020E-1	5.535731946E-3
3.500000000E0	5.645128023E-1	5.518836984E-3
3.510000000E0	5.725168625E-1	5.533842354E-3
3.520000000E0	5.802764698E-1	5.595912498E-3
3.530000000E0	5.882885322E-1	5.575547046E-3
3.540000000E0	5.961428768E-1	5.638576987E-3
3.550000000E0	6.040432635E-1	5.760805233E-3
3.560000000E0	6.114353935E-1	6.783083699E-3
3.570000000E0	6.194309960E-1	7.619340054E-3
3.580000000E0	6.275070592E-1	6.854841850E-3
3.590000000E0	6.354873263E-1	6.981802751E-3
3.600000000E0	6.434003740E-1	7.065852196E-3
3.610000000E0	6.512573082E-1	7.663044559E-3
3.620000000E0	6.587797358E-1	8.346655250E-3
3.630000000E0	6.662144909E-1	9.049848330E-3
3.640000000E0	6.735574618E-1	9.884569782E-3
3.650000000E0	6.810344156E-1	1.083108891E-2
3.660000000E0	6.880462881E-1	1.202260482E-2
3.670000000E0	6.953237862E-1	1.307633513E-2
3.680000000E0	7.023045411E-1	1.426231583E-2
3.690000000E0	7.090945700E-1	1.541575331E-2
3.700000000E0	7.159604671E-1	1.655864664E-2
3.710000000E0	7.223506341E-1	1.779399489E-2
3.720000000E0	7.289348580E-1	1.931521165E-2
3.730000000E0	7.353731232E-1	2.077577807E-2
3.740000000E0	7.418446113E-1	2.201481857E-2
3.750000000E0	7.483333224E-1	2.347461874E-2
3.760000000E0	7.543207821E-1	2.493655701E-2
3.770000000E0	7.602775808E-1	2.631304533E-2
3.780000000E0	7.662586252E-1	2.768569377E-2
3.790000000E0	7.718030435E-1	2.918763710E-2
3.800000000E0	7.773142239E-1	3.058151869E-2
3.810000000E0	7.827012424E-1	3.191803273E-2
3.820000000E0	7.878961803E-1	3.317903135E-2
3.830000000E0	7.928790054E-1	3.448442582E-2
3.840000000E0	7.974014563E-1	3.582475686E-2
3.850000000E0	8.024954462E-1	3.748925798E-2
3.860000000E0	8.071818423E-1	3.855095522E-2
3.870000000E0	8.116070991E-1	3.968733699E-2
3.880000000E0	8.159431512E-1	4.078003856E-2
3.890000000E0	8.202650414E-1	4.197407771E-2
3.900000000E0	8.244319620E-1	4.300056082E-2
3.910000000E0	8.283919090E-1	4.415050642E-2
3.920000000E0	8.323365822E-1	4.517716685E-2
3.930000000E0	8.359490054E-1	4.626941400E-2
3.940000000E0	8.392953754E-1	4.737922475E-2
3.950000000E0	8.425687073E-1	4.848113821E-2
3.960000000E0	8.458143464E-1	4.948285969E-2
3.970000000E0	8.489643782E-1	5.041150890E-2
3.980000000E0	8.516738212E-1	5.115063950E-2
3.990000000E0	8.545072201E-1	5.200107293E-2
4.000000000E0	8.569018300E-1	5.287316153E-2
4.010000000E0	8.592646893E-1	5.370244023E-2
4.020000000E0	8.613512316E-1	5.442679335E-2
4.030000000E0	8.634126938E-1	5.504936040E-2
4.040000000E0	8.654907453E-1	5.581139185E-2
4.050000000E0	8.670509071E-1	5.628734298E-2
4.060000000E0	8.687106277E-1	5.716149142E-2
4.070000000E0	8.700042313E-1	5.740601501E-2
4.080000000E0	8.712521256E-1	5.779500043E-2
4.090000000E0	8.722856076E-1	5.821002808E-2
4.100000000E0	8.732871258E-1	5.848111994E-2
4.110000000E0	8.741978841E-1	5.867760082E-2
4.120000000E0	8.745807244E-1	5.881895420E-2
4.130000000E0	8.749572688E-1	5.889086493E-2
4.140000000E0	8.754537860E-1	5.879191238E-2
4.150000000E0	8.754878227E-1	5.866916117E-2
4.160000000E0	8.754057762E-1	5.860169965E-2
4.170000000E0	8.751842526E-1	5.849607005E-2
4.180000000E0	8.746607899E-1	5.848488447E-2
4.190000000E0	8.741047612E-1	5.828489819E-2
4.200000000E0	8.732946469E-1	5.807562703E-2
4.210000000E0	8.723660143E-1	5.757895093E-2
4.220000000E0	8.711466982E-1	5.731712686E-2
4.230000000E0	8.700307910E-1	5.660923273E-2
4.240000000E0	8.683757614E-1	5.618278877E-2
4.250000000E0	8.668449013E-1	5.548874159E-2
4.260000000E0	8.647855995E-1	5.504717033E-2
4.270000000E0	8.629786488E-1	5.419262484E-2
4.280000000E0	8.609261842E-1	5.361647458E-2
4.290000000E0	8.586697646E-1	5.295324881E-2
4.300000000E0	8.561740635E-1	5.201547357E-2
4.310000000E0	8.536405892E-1	5.128714465E-2
4.320000000E0	8.508054244E-1	5.027816761E-2
4.330000000E0	8.478819495E-1	4.948915662E-2
4.340000000E0	8.447221524E-1	4.845922344E-2
4.350000000E0	8.415031392E-1	4.747517427E-2
4.360000000E0	8.381440793E-1	4.635411142E-2
4.370000000E0	8.346536515E-1	4.523990513E-2
4.380000000E0	8.309387777E-1	4.411572137E-2
4.390000000E0	8.271272620E-1	4.303095940E-2
4.400000000E0	8.232968007E-1	4.187160211E-2
4.410000000E0	8.191958466E-1	4.078714137E-2
4.420000000E0	8.149527354E-1	3.961831954E-2
4.430000000E0	8.106705570E-1	3.853526845E-2
4.440000000E0	8.060933894E-1	3.764079276E-2
4.450000000E0	8.013466914E-1	3.659479213E-2
4.460000000E0	7.968271620E-1	3.533013129E-2
4.470000000E0	7.920196057E-1	3.372801027E-2
4.480000000E0	7.870539747E-1	3.232019795E-2
4.490000000E0	7.818242685E-1	3.095324140E-2
4.500000000E0	7.765703908E-1	2.972094989E-2
4.510000000E0	7.710378428E-1	2.849183908E-2
4.520000000E0	7.654013024E-1	2.717684357E-2
4.530000000E0	7.596999042E-1	2.589848778E-2
4.540000000E0	7.539674314E-1	2.439851844E-2
4.550000000E0	7.480662023E-1	2.317498490E-2
4.560000000E0	7.420661228E-1	2.190933235E-2
4.570000000E0	7.358229098E-1	2.059837676E-2
4.580000000E0	7.296427333E-1	1.949411703E-2
4.590000000E0	7.232770344E-1	1.829657558E-2
4.600000000E0	7.167788551E-1	1.700476885E-2
4.610000000E0	7.102031453E-1	1.571370558E-2
4.620000000E0	7.035346214E-1	1.461851962E-2
4.630000000E0	6.969603198E-1	1.346771719E-2
4.640000000E0	6.901834990E-1	1.229875521E-2
4.650000000E0	6.835531683E-1	1.139407926E-2
4.660000000E0	6.767612000E-1	1.050761091E-2
4.670000000E0	6.700112107E-1	9.889139562E-3
4.680000000E0	6.629853874E-1	9.031188954E-3
4.690000000E0	6.558794152E-1	8.330917771E-3
4.700000000E0	6.488359741E-1	7.766400174E-3
4.710000000E0	6.416928636E-1	7.382833232E-3
4.720000000E0	6.345506808E-1	7.082656045E-3
4.730000000E0	6.273886946E-1	6.807571518E-3
4.740000000E0	6.202381190E-1	7.739863016E-3
4.750000000E0	6.130157919E-1	7.512287394E-3
4.760000000E0	6.060826574E-1	6.495699813E-3
4.770000000E0	5.989279338E-1	6.169245051E-3
4.780000000E0	5.918038507E-1	6.083976943E-3
4.790000000E0	5.845948759E-1	5.921030029E-3
4.800000000E0	5.775352261E-1	5.661058691E-3
4.810000000E0	5.704360448E-1	5.541686465E-3
4.820000000E0	5.635052993E-1	5.472176082E-3
4.830000000E0	5.564795526E-1	5.440080779E-3
4.840000000E0	5.492877581E-1	5.413582006E-3
4.850000000E0	5.422039825E-1	5.276149900E-3
4.860000000E0	5.350903503E-1	5.197971796E-3
4.870000000E0	5.279158720E-1	5.296819813E-3
4.880000000E0	5.208242303E-1	5.347201829E-3
4.890000000E0	5.136937102E-1	5.328877508E-3
4.900000000E0	5.066416587E-1	5.338963264E-3
4.910000000E0	4.994723133E-1	5.366365726E-3
4.920000000E0	4.925338231E-1	5.416640446E-3
4.930000000E0	4.855093022E-1	5.433992406E-3
4.940000000E0	4.785889519E-1	5.432082456E-3
4.950000000E0	4.716691260E-1	5.678896847E-3
4.960000000E0	4.648459416E-1	5.587815636E-3
4.970000000E0	4.580382976E-1	5.717557261E-3
4.980000000E0	4.513493757E-1	5.815082172E-3
4.990000000E0	4.445339952E-1	6.109830446E-3
5.000000000E0	4.376449299E-1	6.545794900E-3
5.010000000E0	4.309987290E-1	7.749833125E-3
5.020000000E0	4.242711418E-1	8.020129718E-3
5.030000000E0	4.175958954E-1	7.888588987E-3
5.040000000E0	4.111246341E-1	8.341262598E-3
5.050000000E0	4.044979705E-1	8.871528038E-3
5.060000000E0	3.978046521E-1	9.191803574E-3
5.070000000E0	3.912886403E-1	9.713700464E-3
5.080000000E0	3.847507443E-1	1.019419295E-2
5.090000000E0	3.783285755E-1	1.082246127E-2
5.100000000E0	3.719179475E-1	1.148361342E-2
5.110000000E0	3.660698625E-1	1.209428810E-2
5.120000000E0	3.601761928E-1	1.304818697E-2
5.130000000E0	3.540026410E-1	1.370148599E-2
5.140000000E0	3.482142680E-1	1.430641745E-2
5.150000000E0	3.425119835E-1	1.525359166E-2
5.160000000E0	3.369957540E-1	1.615035871E-2
5.170000000E0	3.314701493E-1	1.716291920E-2
5.180000000E0	3.260438711E-1	1.803070551E-2
5.190000000E0	3.206793467E-1	1.879509301E-2
5.200000000E0	3.153275048E-1	1.973703689E-2
5.210000000E0	3.100262746E-1	2.065314855E-2
5.220000000E0	3.051182363E-1	2.166496482E-2
5.230000000E0	3.001097625E-1	2.249046276E-2
5.240000000E0	2.952920535E-1	2.323345929E-2
5.250000000E0	2.904492218E-1	2.422945248E-2
5.260000000E0	2.858956123E-1	2.515221536E-2
5.270000000E0	2.813333035E-1	2.602125669E-2
5.280000000E0	2.768590937E-1	2.686456119E-2
5.290000000E0	2.723714613E-1	2.760008386E-2
5.300000000E0	2.680820685E-1	2.850787428E-2
5.310000000E0	2.641805039E-1	2.955647598E-2
5.320000000E0	2.601092229E-1	3.011552964E-2
5.330000000E0	2.565725517E-1	3.097766347E-2
5.340000000E0	2.528525561E-1	3.183355793E-2
5.350000000E0	2.496742934E-1	3.283807960E-2
5.360000000E0	2.465964033E-1	3.391568821E-2
5.370000000E0	2.433820091E-1	3.508629266E-2
5.380000000E0	2.402820107E-1	3.617757424E-2
5.390000000E0	2.375901622E-1	3.670597966E-2
5.400000000E0	2.346950508E-1	3.749914010E-2
5.410000000E0	2.321354537E-1	3.784608917E-2
5.420000000E0	2.298060530E-1	3.826323785E-2
5.430000000E0	2.275339759E-1	3.878600408E-2
5.440000000E0	2.255164970E-1	3.944636452E-2
5.450000000E0	2.234188990E-1	3.993479916E-2
5.460000000E0	2.214632183E-1	4.052525632E-2
5.470000000E0	2.195973846E-1	4.076305403E-2
5.480000000E0	2.178581446E-1	4.126883689E-2
5.490000000E0	2.166026140E-1	4.156895444E-2
5.500000000E0	2.150257865E-1	4.189850290E-2
5.510000000E0	2.136859042E-1	4.224663803E-2
5.520000000E0	2.125868058E-1	4.255439792E-2
5.530000000E0	2.115902047E-1	4.285425862E-2
5.540000000E0	2.106566183E-1	4.298239863E-2
5.550000000E0	2.100204689E-1	4.313242370E-2
5.560000000E0	2.095557778E-1	4.326582320E-2
5.570000000E0	2.090125515E-1	4.332973454E-2
5.580000000E0	2.085982876E-1	4.313853832E-2
5.590000000E0	2.084157533E-1	4.311010893E-2
5.600000000E0	2.082996356E-1	4.304611166E-2
5.610000000E0	2.084973329E-1	4.296544846E-2
5.620000000E0	2.087848482E-1	4.300037712E-2
5.630000000E0	2.093663221E-1	4.284291048E-2
5.640000000E0	2.100326906E-1	4.275327609E-2
5.650000000E0	2.106338664E-1	4.244911989E-2
5.660000000E0	2.114896062E-1	4.193472787E-2
5.670000000E0	2.125899563E-1	4.172266803E-2
5.680000000E0	2.137254653E-1	4.151751851E-2
5.690000000E0	2.148771624E-1	4.104986398E-2
5.700000000E0	2.163715209E-1	4.078909318E-2
5.710000000E0	2.180788667E-1	4.052452633E-2
5.720000000E0	2.197160885E-1	3.991070332E-2
5.730000000E0	2.215625971E-1	3.955608997E-2
5.740000000E0	2.234616356E-1	3.901523878E-2
5.750000000E0	2.256075623E-1	3.844475097E-2
5.760000000E0	2.278707716E-1	3.783378510E-2
5.770000000E0	2.301774115E-1	3.756972037E-2
5.780000000E0	2.325981230E-1	3.738425518E-2
5.790000000E0	2.354675245E-1	3.676614034E-2
5.800000000E0	2.381286336E-1	3.639094601E-2
5.810000000E0	2.412480028E-1	3.550800328E-2
5.820000000E0	2.443273886E-1	3.454045367E-2
5.830000000E0	2.475425744E-1	3.344552289E-2
5.840000000E0	2.506934124E-1	3.265699607E-2
5.850000000E0	2.542443882E-1	3.173835526E-2
5.860000000E0	2.577864073E-1	3.093478043E-2
5.870000000E0	2.614447769E-1	3.003907162E-2
5.880000000E0	2.652944567E-1	2.928232544E-2
5.890000000E0	2.691946269E-1	2.839786548E-2
5.900000000E0	2.731474032E-1	2.763076080E-2
5.910000000E0	2.774417725E-1	2.674463396E-2
5.920000000E0	2.818468128E-1	2.581470433E-2
5.930000000E0	2.863344506E-1	2.497166320E-2
5.940000000E0	2.907879904E-1	2.407549795E-2
5.950000000E0	2.953470452E-1	2.316371734E-2
5.960000000E0	3.001220021E-1	2.219895380E-2
5.970000000E0	3.049275104E-1	2.124307312E-2
5.980000000E0	3.098269885E-1	2.022331696E-2
5.990000000E0	3.149049303E-1	1.940640960E-2
6.000000000E0	3.199479631E-1	1.859142449E-2
6.010000000E0	3.250324178E-1	1.778359297E-2
6.020000000E0	3.303013361E-1	1.684852181E-2
6.030000000E0	3.354722376E-1	1.607927102E-2
6.040000000E0	3.407109600E-1	1.536057262E-2
6.050000000E0	3.461248176E-1	1.446845217E-2
6.060000000E0	3.515505075E-1	1.399307986E-2
6.070000000E0	3.570805502E-1	1.318209894E-2
6.080000000E0	3.627519170E-1	1.244573223E-2
6.090000000E0	3.685516867E-1	1.189438431E-2
6.100000000E0	3.742802745E-1	1.132294713E-2
6.110000000E0	3.801656078E-1	1.068367245E-2
6.120000000E0	3.859644239E-1	1.006139874E-2
6.130000000E0	3.921395971E-1	9.692037078E-3
6.140000000E0	3.980068433E-1	9.169871756E-3
6.150000000E0	4.042312651E-1	8.704101678E-3
6.160000000E0	4.102654821E-1	8.186011411E-3
6.170000000E0	4.164221451E-1	7.940083306E-3
6.180000000E0	4.223944083E-1	8.153277394E-3
6.190000000E0	4.285187507E-1	7.890643797E-3
6.200000000E0	4.348893839E-1	6.916853579E-3
6.210000000E0	4.410536097E-1	6.562139040E-3
6.220000000E0	4.472617944E-1	6.363922796E-3
6.230000000E0	4.533609314E-1	5.980704230E-3
6.240000000E0	4.595917571E-1	5.582171349E-3
6.250000000E0	4.659352681E-1	5.504832252E-3
6.260000000E0	4.720476955E-1	5.356738350E-3
6.270000000E0	4.782197273E-1	5.359039547E-3
6.280000000E0	4.843656369E-1	5.324842332E-3
6.290000000E0	4.905047500E-1	5.308739702E-3
6.300000000E0	4.969343739E-1	5.321523767E-3
6.310000000E0	5.031246027E-1	5.304019990E-3
6.320000000E0	5.092566235E-1	5.308454853E-3
6.330000000E0	5.157296379E-1	5.300603592E-3
6.340000000E0	5.220955453E-1	5.342028582E-3
6.350000000E0	5.282897507E-1	5.383644348E-3
6.360000000E0	5.346016239E-1	5.368082684E-3
6.370000000E0	5.409061770E-1	5.444243198E-3
6.380000000E0	5.471167395E-1	5.508621961E-3
6.390000000E0	5.532418443E-1	5.544546990E-3
6.400000000E0	5.593584814E-1	5.518469533E-3
6.410000000E0	5.654050037E-1	5.548463933E-3
6.420000000E0	5.713754580E-1	5.551129101E-3
6.430000000E0	5.774897479E-1	5.598268290E-3
6.440000000E0	5.833332012E-1	5.647877716E-3
6.450000000E0	5.894282895E-1	5.797285853E-3
6.460000000E0	5.954138061E-1	5.814374105E-3
6.470000000E0	6.015003693E-1	5.728725040E-3
6.480000000E0	6.074373247E-1	6.147647037E-3
6.490000000E0	6.132657914E-1	7.181222934E-3
6.500000000E0	6.193235230E-1	7.735854734E-3
6.510000000E0	6.253291939E-1	7.515047872E-3
6.520000000E0	6.314373273E-1	7.475813283E-3
6.530000000E0	6.373717187E-1	7.608251024E-3
6.540000000E0	6.435235216E-1	7.712270181E-3
6.550000000E0	6.493855119E-1	8.228109621E-3
6.560000000E0	6.550135280E-1	8.509535415E-3
6.570000000E0	6.606727023E-1	8.977883332E-3
6.580000000E0	6.662146069E-1	9.661568308E-3
6.590000000E0	6.717201408E-1	1.016238898E-2
6.600000000E0	6.770276590E-1	1.087547756E-2
6.610000000E0	6.824672153E-1	1.133446859E-2
6.620000000E0	6.878815181E-1	1.205039733E-2
6.630000000E0	6.930674108E-1	1.278718250E-2
6.640000000E0	6.980989501E-1	1.344157688E-2
6.650000000E0	7.032116091E-1	1.432113558E-2
6.660000000E0	7.079606824E-1	1.519798605E-2
6.670000000E0	7.130249589E-1	1.615457167E-2
6.680000000E0	7.177182481E-1	1.676100759E-2
6.690000000E0	7.222613251E-1	1.756194328E-2
6.700000000E0	7.267437066E-1	1.847000935E-2
6.710000000E0	7.311564015E-1	1.936860680E-2
6.720000000E0	7.354501724E-1	2.014002737E-2
6.730000000E0	7.397542497E-1	2.103448205E-2
6.740000000E0	7.439989998E-1	2.199552051E-2
6.750000000E0	7.478158197E-1	2.289011243E-2
6.760000000E0	7.518478373E-1	2.388785418E-2
6.770000000E0	7.553805244E-1	2.450497286E-2
6.780000000E0	7.589038688E-1	2.527835281E-2
6.790000000E0	7.622337648E-1	2.622256173E-2
6.800000000E0	7.657787267E-1	2.712592752E-2
6.810000000E0	7.688807946E-1	2.768998314E-2
6.820000000E0	7.719018974E-1	2.855838100E-2
6.830000000E0	7.749709039E-1	2.952000845E-2
6.840000000E0	7.775324412E-1	3.002787258E-2
6.850000000E0	7.802836756E-1	3.083343547E-2
6.860000000E0	7.828593721E-1	3.160185155E-2
6.870000000E0	7.851191249E-1	3.204196785E-2
6.880000000E0	7.873365140E-1	3.282969757E-2
6.890000000E0	7.894177145E-1	3.330951443E-2
6.900000000E0	7.914789446E-1	3.399444593E-2
6.910000000E0	7.931029315E-1	3.436421749E-2
6.920000000E0	7.948510161E-1	3.511029633E-2
6.930000000E0	7.962103867E-1	3.536515266E-2
6.940000000E0	7.973953751E-1	3.583834991E-2
6.950000000E0	7.986353402E-1	3.619374725E-2
6.960000000E0	7.995488771E-1	3.649799706E-2
6.970000000E0	8.004762514E-1	3.667636730E-2
6.980000000E0	8.013972590E-1	3.690646585E-2
6.990000000E0	8.021530662E-1	3.714579419E-2
7.000000000E0	8.027416339E-1	3.745691221E-2
7.010000000E0	8.030847911E-1	3.757205784E-2
7.020000000E0	8.034111487E-1	3.762256286E-2
7.030000000E0	8.036589092E-1	3.758914745E-2
7.040000000E0	8.036854857E-1	3.759314558E-2
7.050000000E0	8.036619032E-1	3.759531388E-2
7.060000000E0	8.035083977E-1	3.758540631E-2
7.070000000E0	8.029226914E-1	3.756536829E-2
7.080000000E0	8.025510716E-1	3.749996810E-2
7.090000000E0	8.017170442E-1	3.747060276E-2
7.100000000E0	8.008051546E-1	3.732931216E-2
7.110000000E0	7.997702488E-1	3.709579886E-2
7.120000000E0	7.987213973E-1	3.681450288E-2
7.130000000E0	7.973017693E-1	3.644844173E-2
7.140000000E0	7.959964533E-1	3.628583247E-2
7.150000000E0	7.945710398E-1	3.596097864E-2
7.160000000E0	7.928900929E-1	3.535753667E-2
7.170000000E0	7.913454531E-1	3.507662359E-2
7.180000000E0	7.894119283E-1	3.434415736E-2
7.190000000E0	7.873084154E-1	3.404674436E-2
7.200000000E0	7.850682017E-1	3.322224156E-2
7.210000000E0	7.828411688E-1	3.283850947E-2
7.220000000E0	7.804649489E-1	3.203516175E-2
7.230000000E0	7.781416534E-1	3.154734464E-2
7.240000000E0	7.752423027E-1	3.079021286E-2
7.250000000E0	7.724705088E-1	2.999899066E-2
7.260000000E0	7.696383956E-1	2.934770637E-2
7.270000000E0	7.664333610E-1	2.857239890E-2
7.280000000E0	7.631049049E-1	2.764233618E-2
7.290000000E0	7.597850731E-1	2.680443503E-2
7.300000000E0	7.563811139E-1	2.615586167E-2
7.310000000E0	7.529086655E-1	2.532615430E-2
7.320000000E0	7.491695266E-1	2.456137553E-2
7.330000000E0	7.453973878E-1	2.341521018E-2
7.340000000E0	7.417823650E-1	2.284207322E-2
7.350000000E0	7.376484407E-1	2.184633556E-2
7.360000000E0	7.334059524E-1	2.083175907E-2
7.370000000E0	7.293923666E-1	2.007738778E-2
7.380000000E0	7.252178552E-1	1.919049752E-2
7.390000000E0	7.210223156E-1	1.832860330E-2
7.400000000E0	7.165579794E-1	1.753881967E-2
7.410000000E0	7.120541578E-1	1.665972698E-2
7.420000000E0	7.074507735E-1	1.586964861E-2
7.430000000E0	7.029006527E-1	1.512448581E-2
7.440000000E0	6.980909273E-1	1.424722173E-2
7.450000000E0	6.933260356E-1	1.347177548E-2
7.460000000E0	6.884526663E-1	1.288118912E-2
7.470000000E0	6.835968345E-1	1.210966276E-2
7.480000000E0	6.785202862E-1	1.139866786E-2
7.490000000E0	6.735463474E-1	1.085893447E-2
7.500000000E0	6.682051186E-1	1.006425893E-2
7.510000000E0	6.630501010E-1	9.595387732E-3
7.520000000E0	6.574934537E-1	8.903246171E-3
7.530000000E0	6.521763047E-1	8.656021202E-3
7.540000000E0	6.469892438E-1	8.307008730E-3
7.550000000E0	6.414289891E-1	7.863793028E-3
7.560000000E0	6.359707961E-1	7.560952446E-3
7.570000000E0	6.304248579E-1	7.355411492E-3
7.580000000E0	6.249312946E-1	7.502176016E-3
7.590000000E0	6.194162337E-1	7.799247561E-3
7.600000000E0	6.139134829E-1	7.732658299E-3
7.610000000E0	6.084365515E-1	6.999173824E-3
7.620000000E0	6.030532159E-1	6.680047395E-3
7.630000000E0	5.976128203E-1	6.523594085E-3
7.640000000E0	5.921293652E-1	6.449002932E-3
7.650000000E0	5.866512534E-1	6.338809912E-3
7.660000000E0	5.812182204E-1	6.325960271E-3
7.670000000E0	5.757075131E-1	6.252953239E-3
7.680000000E0	5.701453623E-1	6.253261455E-3
7.690000000E0	5.646982418E-1	6.165043405E-3
7.700000000E0	5.592023978E-1	6.287527194E-3
7.710000000E0	5.536084010E-1	6.232212777E-3
7.720000000E0	5.480682003E-1	6.167904136E-3
7.730000000E0	5.424755958E-1	6.328450587E-3
7.740000000E0	5.369510191E-1	6.354377547E-3
7.750000000E0	5.313367649E-1	6.421420435E-3
7.760000000E0	5.258330210E-1	6.467125047E-3
7.770000000E0	5.202915469E-1	6.444386334E-3
7.780000000E0	5.147790994E-1	6.474461893E-3
7.790000000E0	5.092419323E-1	6.469391805E-3
7.800000000E0	5.037761385E-1	6.496028752E-3
7.810000000E0	4.982874687E-1	6.478217870E-3
7.820000000E0	4.927812552E-1	6.501129619E-3
7.830000000E0	4.874158126E-1	6.500356535E-3
7.840000000E0	4.818849278E-1	6.552454656E-3
7.850000000E0	4.765275737E-1	6.545872307E-3
7.860000000E0	4.713092548E-1	6.765689153E-3
7.870000000E0	4.660726567E-1	6.837462854E-3
7.880000000E0	4.607469466E-1	6.806113532E-3
7.890000000E0	4.553700091E-1	6.783636348E-3
7.900000000E0	4.504976427E-1	7.449412662E-3
7.910000000E0	4.452581942E-1	7.542215522E-3
7.920000000E0	4.399768618E-1	7.593750301E-3
7.930000000E0	4.349971253E-1	8.038808619E-3
7.940000000E0	4.298307429E-1	8.153747409E-3
7.950000000E0	4.248979216E-1	8.663585331E-3
7.960000000E0	4.198761850E-1	8.922791791E-3
7.970000000E0	4.146554396E-1	8.959599229E-3
7.980000000E0	4.099766765E-1	9.552895587E-3
7.990000000E0	4.049100605E-1	9.670611164E-3
8.000000000E0	3.998304070E-1	1.030243088E-2
8.010000000E0	3.953579931E-1	1.081372410E-2
8.020000000E0	3.903041318E-1	1.094242113E-2
8.030000000E0	3.855792929E-1	1.127588958E-2
8.040000000E0	3.812730371E-1	1.187031537E-2
8.050000000E0	3.766378796E-1	1.218180970E-2
8.060000000E0	3.724305562E-1	1.296332720E-2
8.070000000E0	3.679360100E-1	1.325777131E-2
8.080000000E0	3.637281198E-1	1.396897977E-2
8.090000000E0	3.593206523E-1	1.431502362E-2
8.100000000E0	3.556515550E-1	1.519940785E-2
8.110000000E0	3.514278855E-1	1.547345364E-2
8.120000000E0	3.472625533E-1	1.572152127E-2
8.130000000E0	3.436830393E-1	1.640756897E-2
8.140000000E0	3.395434165E-1	1.664667387E-2
8.150000000E0	3.360421509E-1	1.744262888E-2
8.160000000E0	3.322706656E-1	1.802786591E-2
8.170000000E0	3.289881569E-1	1.859688158E-2
8.180000000E0	3.252968027E-1	1.866234522E-2
8.190000000E0	3.217783226E-1	1.924677975E-2
8.200000000E0	3.186098386E-1	1.968523117E-2
8.210000000E0	3.151883548E-1	2.013425179E-2
8.220000000E0	3.123832025E-1	2.092574574E-2
8.230000000E0	3.094107260E-1	2.131874976E-2
8.240000000E0	3.065157574E-1	2.165519396E-2
8.250000000E0	3.033865818E-1	2.195075310E-2
8.260000000E0	3.008345561E-1	2.288408187E-2
8.270000000E0	2.982091109E-1	2.328771303E-2
8.280000000E0	2.954179563E-1	2.335359343E-2
8.290000000E0	2.931139462E-1	2.406271820E-2
8.300000000E0	2.908018638E-1	2.432681394E-2
8.310000000E0	2.887179225E-1	2.490341286E-2
8.320000000E0	2.864961393E-1	2.526106284E-2
8.330000000E0	2.843570503E-1	2.538683587E-2
8.340000000E0	2.822806378E-1	2.544983035E-2
8.350000000E0	2.808863056E-1	2.627674490E-2
8.360000000E0	2.789487977E-1	2.629990845E-2
8.370000000E0	2.775744318E-1	2.674583433E-2
8.380000000E0	2.764663760E-1	2.726736821E-2
8.390000000E0	2.752306513E-1	2.751210606E-2
8.400000000E0	2.740516100E-1	2.759896234E-2
8.410000000E0	2.730269299E-1	2.766693059E-2
8.420000000E0	2.720667674E-1	2.766479543E-2
8.430000000E0	2.710634249E-1	2.765764311E-2
8.440000000E0	2.702412193E-1	2.749970248E-2
8.450000000E0	2.697708403E-1	2.787163973E-2
8.460000000E0	2.691692443E-1	2.751479537E-2
8.470000000E0	2.688108989E-1	2.762499167E-2
8.480000000E0	2.687468580E-1	2.768860324E-2
8.490000000E0	2.687138613E-1	2.775891753E-2
8.500000000E0	2.687532675E-1	2.766449307E-2
8.510000000E0	2.688262519E-1	2.752566145E-2
8.520000000E0	2.689636619E-1	2.739728668E-2
8.530000000E0	2.696657188E-1	2.755697852E-2
8.540000000E0	2.700571358E-1	2.730057793E-2
8.550000000E0	2.709501140E-1	2.744224716E-2
8.560000000E0	2.718489720E-1	2.736668941E-2
8.570000000E0	2.723133596E-1	2.655904356E-2
8.580000000E0	2.733836029E-1	2.632277154E-2
8.590000000E0	2.744983943E-1	2.616484703E-2
8.600000000E0	2.756001773E-1	2.574060258E-2
8.610000000E0	2.775413294E-1	2.596443817E-2
8.620000000E0	2.787268702E-1	2.536303500E-2
8.630000000E0	2.806614171E-1	2.528126257E-2
8.640000000E0	2.820960673E-1	2.450687641E-2
8.650000000E0	2.841437726E-1	2.427638394E-2
8.660000000E0	2.862784006E-1	2.405160171E-2
8.670000000E0	2.879912161E-1	2.320025737E-2
8.680000000E0	2.902034966E-1	2.286344083E-2
8.690000000E0	2.922556895E-1	2.234493047E-2
8.700000000E0	2.946888766E-1	2.213558468E-2
8.710000000E0	2.974871493E-1	2.178736802E-2
8.720000000E0	2.998252657E-1	2.096928750E-2
8.730000000E0	3.028810513E-1	2.070842454E-2
8.740000000E0	3.053657989E-1	1.990123238E-2
8.750000000E0	3.084735587E-1	1.970074031E-2
8.760000000E0	3.116943129E-1	1.932973655E-2
8.770000000E0	3.143929267E-1	1.855896078E-2
8.780000000E0	3.174712564E-1	1.792520029E-2
8.790000000E0	3.206831425E-1	1.748937251E-2
8.800000000E0	3.239463988E-1	1.702748483E-2
8.810000000E0	3.273596355E-1	1.641404053E-2
8.820000000E0	3.306800348E-1	1.569513222E-2
8.830000000E0	3.341998097E-1	1.527024845E-2
8.840000000E0	3.380793800E-1	1.500123966E-2
8.850000000E0	3.416021295E-1	1.442642747E-2
8.860000000E0	3.452856086E-1	1.386625304E-2
8.870000000E0	3.491489086E-1	1.362924394E-2
8.880000000E0	3.528586291E-1	1.308905992E-2
8.890000000E0	3.569951828E-1	1.286731064E-2
8.900000000E0	3.607006872E-1	1.207527480E-2
8.910000000E0	3.648418848E-1	1.188397986E-2
8.920000000E0	3.691547788E-1	1.163589015E-2
8.930000000E0	3.733309083E-1	1.128882886E-2
8.940000000E0	3.777010648E-1	1.085192111E-2
8.950000000E0	3.822039581E-1	1.060971920E-2
8.960000000E0	3.865530010E-1	1.024173519E-2
8.970000000E0	3.910942995E-1	9.748540489E-3
8.980000000E0	3.956492485E-1	9.558266962E-3
8.990000000E0	4.000607560E-1	9.210386861E-3
9.000000000E0	4.044947611E-1	8.829746682E-3
9.010000000E0	4.089489899E-1	8.611983528E-3
9.020000000E0	4.136207045E-1	8.289475433E-3
9.030000000E0	4.184180177E-1	8.526006828E-3
9.040000000E0	4.232790496E-1	8.517939535E-3
9.050000000E0	4.278509488E-1	8.052929443E-3
9.060000000E0	4.324283556E-1	7.752555622E-3
9.070000000E0	4.373297830E-1	7.307528383E-3
9.080000000E0	4.419895409E-1	7.134639416E-3
9.090000000E0	4.466375651E-1	6.525349639E-3
9.100000000E0	4.513795754E-1	6.517093754E-3
9.110000000E0	4.564462403E-1	6.380915407E-3
9.120000000E0	4.613254030E-1	6.365311544E-3
9.130000000E0	4.662347430E-1	6.234480180E-3
9.140000000E0	4.709369097E-1	6.193105644E-3
9.150000000E0	4.758801853E-1	6.240410326E-3
9.160000000E0	4.805106368E-1	6.049225896E-3
9.170000000E0	4.852421028E-1	5.532743131E-3
9.180000000E0	4.901567548E-1	5.634621136E-3
9.190000000E0	4.949622550E-1	5.472679497E-3
9.200000000E0	4.998746113E-1	5.472133022E-3
9.210000000E0	5.048698841E-1	5.459636800E-3
9.220000000E0	5.096841131E-1	5.357310924E-3
9.230000000E0	5.146086346E-1	5.504851298E-3
9.240000000E0	5.193524319E-1	5.403552051E-3
9.250000000E0	5.244264188E-1	5.467319865E-3
9.260000000E0	5.292023669E-1	5.457918853E-3
9.270000000E0	5.341323886E-1	5.515359867E-3
9.280000000E0	5.390483858E-1	5.467335297E-3
9.290000000E0	5.437292046E-1	5.435050775E-3
9.300000000E0	5.486531125E-1	5.501587238E-3
9.310000000E0	5.534369347E-1	5.506489543E-3
9.320000000E0	5.581265580E-1	5.471405663E-3
9.330000000E0	5.628364526E-1	5.613967055E-3
9.340000000E0	5.676581052E-1	5.691219813E-3
9.350000000E0	5.722450439E-1	5.657554788E-3
9.360000000E0	5.767787586E-1	5.591058693E-3
9.370000000E0	5.814626762E-1	5.620102355E-3
9.380000000E0	5.863680857E-1	5.667590290E-3
9.390000000E0	5.909474985E-1	5.749386874E-3
9.400000000E0	5.954133005E-1	5.628035653E-3
9.410000000E0	5.999150611E-1	5.735258316E-3
9.420000000E0	6.043821057E-1	5.713481152E-3
9.430000000E0	6.089178402E-1	6.359112592E-3
9.440000000E0	6.134392551E-1	7.536760895E-3
9.450000000E0	6.183246209E-1	7.832705600E-3
9.460000000E0	6.228597357E-1	7.724040895E-3
9.470000000E0	6.272641499E-1	7.540224701E-3
9.480000000E0	6.317940050E-1	7.540088366E-3
9.490000000E0	6.362542563E-1	7.642782684E-3
9.500000000E0	6.408149607E-1	7.756426936E-3
9.510000000E0	6.452206279E-1	7.878784371E-3
9.520000000E0	6.496265027E-1	8.372367770E-3
9.530000000E0	6.538455578E-1	8.845539491E-3
9.540000000E0	6.581675052E-1	9.076392504E-3
9.550000000E0	6.624936816E-1	9.592647365E-3
9.560000000E0	6.666285735E-1	9.994154707E-3
9.570000000E0	6.705805622E-1	1.028829261E-2
9.580000000E0	6.747153571E-1	1.075511894E-2
9.590000000E0	6.784810531E-1	1.119068511E-2
9.600000000E0	6.823651625E-1	1.192081740E-2
9.610000000E0	6.858611149E-1	1.217758178E-2
9.620000000E0	6.897457336E-1	1.290010604E-2
9.630000000E0	6.934118329E-1	1.327267366E-2
9.640000000E0	6.968398735E-1	1.387422563E-2
9.650000000E0	7.001620236E-1	1.433886184E-2
9.660000000E0	7.034423760E-1	1.475686035E-2
9.670000000E0	7.066837339E-1	1.534461511E-2
9.680000000E0	7.098632691E-1	1.595833702E-2
9.690000000E0	7.129894579E-1	1.638616903E-2
9.700000000E0	7.157952723E-1	1.672000270E-2
9.710000000E0	7.187947110E-1	1.736731939E-2
9.720000000E0	7.213725765E-1	1.771682399E-2
9.730000000E0	7.242859953E-1	1.853094712E-2
9.740000000E0	7.266078243E-1	1.878412981E-2
9.750000000E0	7.289866981E-1	1.917725253E-2
9.760000000E0	7.313317749E-1	1.977253451E-2
9.770000000E0	7.334956701E-1	2.016984077E-2
9.780000000E0	7.355544255E-1	2.069203955E-2
9.790000000E0	7.376052105E-1	2.097701141E-2
9.800000000E0	7.397456687E-1	2.167626175E-2
9.810000000E0	7.415627294E-1	2.203998260E-2
9.820000000E0	7.432654006E-1	2.227984291E-2
9.830000000E0	7.451596822E-1	2.276800280E-2
9.840000000E0	7.464837053E-1	2.308433910E-2
9.850000000E0	7.477782147E-1	2.325842420E-2
9.860000000E0	7.493933587E-1	2.387503264E-2
9.870000000E0	7.506456686E-1	2.415412292E-2
9.880000000E0	7.517725872E-1	2.434892859E-2
9.890000000E0	7.527988074E-1	2.457435629E-2
9.900000000E0	7.534441751E-1	2.453901146E-2
9.910000000E0	7.541915849E-1	2.467249114E-2
9.920000000E0	7.550047955E-1	2.467534920E-2
