mass_A
t	x	y
0.000000000E0	-9.509112077E-4	1.354886525E-1
1.000000000E-2	-7.084607198E-4	1.354930342E-1
2.000000000E-2	-1.985758971E-5	1.354220425E-1
3.000000000E-2	3.593456497E-4	1.346352474E-1
4.000000000E-2	1.712566791E-3	1.339777505E-1
5.000000000E-2	2.812553711E-3	1.331920758E-1
6.000000000E-2	4.354498432E-3	1.322597125E-1
7.000000000E-2	6.347231910E-3	1.310501815E-1
8.000000000E-2	8.760181392E-3	1.297511376E-1
9.000000000E-2	1.108991033E-2	1.278517660E-1
1.000000000E-1	1.367762936E-2	1.258140836E-1
1.100000000E-1	1.694472929E-2	1.241792885E-1
1.200000000E-1	2.012726090E-2	1.219289087E-1
1.300000000E-1	2.373381047E-2	1.198357961E-1
1.400000000E-1	2.769420554E-2	1.174587697E-1
1.500000000E-1	3.183695129E-2	1.148051612E-1
1.600000000E-1	3.623529875E-2	1.121602669E-1
1.700000000E-1	4.088351719E-2	1.092796568E-1
1.800000000E-1	4.598883225E-2	1.066784675E-1
1.900000000E-1	5.173398345E-2	1.038226271E-1
2.000000000E-1	5.706469177E-2	1.002249045E-1
2.100000000E-1	6.283107721E-2	9.686961636E-2
2.200000000E-1	6.897804265E-2	9.361412630E-2
2.300000000E-1	7.515160184E-2	9.039713808E-2
2.400000000E-1	8.174515149E-2	8.702285005E-2
2.500000000E-1	8.854904352E-2	8.363486974E-2
2.600000000E-1	9.575884648E-2	8.040430141E-2
2.700000000E-1	1.028603776E-1	7.700766483E-2
2.800000000E-1	1.103437188E-1	7.369332782E-2
2.900000000E-1	1.180074999E-1	7.043707355E-2
3.000000000E-1	1.258062979E-1	6.702681313E-2
3.100000000E-1	1.338513656E-1	6.383227021E-2
3.200000000E-1	1.420946017E-1	6.082920601E-2
3.300000000E-1	1.503039453E-1	5.788891747E-2
3.400000000E-1	1.587861527E-1	5.489757017E-2
3.500000000E-1	1.674493892E-1	5.189624061E-2
3.600000000E-1	1.763413934E-1	4.913029317E-2
3.700000000E-1	1.852513616E-1	4.626165728E-2
3.800000000E-1	1.944858676E-1	4.365984803E-2
3.900000000E-1	2.037736130E-1	4.104527679E-2
4.000000000E-1	2.132442973E-1	3.817530345E-2
4.100000000E-1	2.227557687E-1	3.606319082E-2
4.200000000E-1	2.326990157E-1	3.439280923E-2
4.300000000E-1	2.425264811E-1	3.155399159E-2
4.400000000E-1	2.526297573E-1	2.849228431E-2
4.500000000E-1	2.629963184E-1	2.620483916E-2
4.600000000E-1	2.735139537E-1	2.403864433E-2
4.700000000E-1	2.838132751E-1	2.194005277E-2
4.800000000E-1	2.942093661E-1	1.978133554E-2
4.900000000E-1	3.048070080E-1	1.779025341E-2
5.000000000E-1	3.154083756E-1	1.616328544E-2
5.100000000E-1	3.263662034E-1	1.435505050E-2
5.200000000E-1	3.373246519E-1	1.289782464E-2
5.300000000E-1	3.483928211E-1	1.111011005E-2
5.400000000E-1	3.593613520E-1	9.726049965E-3
5.500000000E-1	3.703956704E-1	8.609040773E-3
5.600000000E-1	3.814934995E-1	7.567258684E-3
5.700000000E-1	3.924715629E-1	6.583584857E-3
5.800000000E-1	4.035068877E-1	5.621658611E-3
5.900000000E-1	4.144082713E-1	5.458593798E-3
6.000000000E-1	4.255201404E-1	5.512259835E-3
6.100000000E-1	4.368351205E-1	3.876228658E-3
6.200000000E-1	4.483264362E-1	3.228981821E-3
6.300000000E-1	4.599111106E-1	2.833437670E-3
6.400000000E-1	4.710098909E-1	2.421830719E-3
6.500000000E-1	4.822703183E-1	2.121926785E-3
6.600000000E-1	4.935668350E-1	2.071597279E-3
6.700000000E-1	5.047493770E-1	2.116471970E-3
6.800000000E-1	5.158008638E-1	2.052306484E-3
6.900000000E-1	5.269091809E-1	2.055689807E-3
7.000000000E-1	5.380111697E-1	2.175195372E-3
7.100000000E-1	5.490750143E-1	2.197235671E-3
7.200000000E-1	5.602365757E-1	2.339070063E-3
7.300000000E-1	5.712513596E-1	2.447707292E-3
7.400000000E-1	5.821786103E-1	2.296199747E-3
7.500000000E-1	5.929570715E-1	2.477458582E-3
7.600000000E-1	6.035603191E-1	3.341723258E-3
7.700000000E-1	6.138210014E-1	5.275248554E-3
7.800000000E-1	6.248312290E-1	3.986663131E-3
7.900000000E-1	6.357505606E-1	4.383190755E-3
8.000000000E-1	6.467394014E-1	5.265198293E-3
8.100000000E-1	6.574358131E-1	6.336812027E-3
8.200000000E-1	6.680022765E-1	7.458281394E-3
8.300000000E-1	6.786203691E-1	8.739810836E-3
8.400000000E-1	6.889654056E-1	1.018268097E-2
8.500000000E-1	6.990594120E-1	1.179272782E-2
8.600000000E-1	7.090598866E-1	1.339772925E-2
8.700000000E-1	7.188486351E-1	1.524127764E-2
8.800000000E-1	7.284993426E-1	1.727081372E-2
8.900000000E-1	7.382565911E-1	1.942452134E-2
9.000000000E-1	7.475532685E-1	2.141416403E-2
9.100000000E-1	7.568595652E-1	2.328649462E-2
9.200000000E-1	7.659860395E-1	2.554224371E-2
9.300000000E-1	7.748755342E-1	2.766518096E-2
9.400000000E-1	7.837178273E-1	3.015550278E-2
9.500000000E-1	7.922404233E-1	3.301031773E-2
9.600000000E-1	8.007318227E-1	3.536402296E-2
9.700000000E-1	8.090216579E-1	3.720323811E-2
9.800000000E-1	8.172707053E-1	3.928051749E-2
9.900000000E-1	8.254575867E-1	4.169118463E-2
1.000000000E0	8.333975651E-1	4.404814301E-2
1.010000000E0	8.409141193E-1	4.626333222E-2
1.020000000E0	8.484101594E-1	4.848784396E-2
1.030000000E0	8.555211745E-1	5.081443972E-2
1.040000000E0	8.625688210E-1	5.304933701E-2
1.050000000E0	8.694416893E-1	5.559801878E-2
1.060000000E0	8.759554315E-1	5.783284003E-2
1.070000000E0	8.823616278E-1	6.025995887E-2
1.080000000E0	8.885267776E-1	6.259826423E-2
1.090000000E0	8.946704448E-1	6.493873904E-2
1.100000000E0	9.004126300E-1	6.719425595E-2
1.110000000E0	9.060525259E-1	6.939828245E-2
1.120000000E0	9.113984738E-1	7.154882457E-2
1.130000000E0	9.166681420E-1	7.376306148E-2
1.140000000E0	9.214843734E-1	7.598361334E-2
1.150000000E0	9.260429507E-1	7.815227636E-2
1.160000000E0	9.303483219E-1	8.024455820E-2
1.170000000E0	9.345707216E-1	8.230466654E-2
1.180000000E0	9.385663131E-1	8.430297278E-2
1.190000000E0	9.422139225E-1	8.612960435E-2
1.200000000E0	9.456316130E-1	8.793237719E-2
1.210000000E0	9.488143478E-1	8.961189985E-2
1.220000000E0	9.519027531E-1	9.106317243E-2
1.230000000E0	9.544336332E-1	9.252268865E-2
1.240000000E0	9.567045921E-1	9.367752262E-2
1.250000000E0	9.589007194E-1	9.480642466E-2
1.260000000E0	9.609302284E-1	9.581035799E-2
1.270000000E0	9.624878150E-1	9.679095319E-2
1.280000000E0	9.639670012E-1	9.734993895E-2
1.290000000E0	9.652114857E-1	9.800353566E-2
1.300000000E0	9.663218662E-1	9.843760440E-2
1.310000000E0	9.667919582E-1	9.901528647E-2
1.320000000E0	9.674804863E-1	9.914062047E-2
1.330000000E0	9.676882399E-1	9.918816711E-2
1.340000000E0	9.676760422E-1	9.918670278E-2
1.350000000E0	9.675656200E-1	9.912655058E-2
1.360000000E0	9.669854000E-1	9.904276415E-2
1.370000000E0	9.664035265E-1	9.863552354E-2
1.380000000E0	9.654734158E-1	9.806894540E-2
1.390000000E0	9.644262895E-1	9.739658239E-2
1.400000000E0	9.631108624E-1	9.667690399E-2
1.410000000E0	9.613519380E-1	9.577899874E-2
1.420000000E0	9.596846739E-1	9.467580426E-2
1.430000000E0	9.576631124E-1	9.359400878E-2
1.440000000E0	9.554510035E-1	9.240169568E-2
1.450000000E0	9.531107376E-1	9.106044650E-2
1.460000000E0	9.503396063E-1	8.962492580E-2
1.470000000E0	9.475605525E-1	8.812013083E-2
1.480000000E0	9.444316527E-1	8.656978309E-2
1.490000000E0	9.411908423E-1	8.487965123E-2
1.500000000E0	9.377613033E-1	8.329535806E-2
1.510000000E0	9.340796518E-1	8.146015566E-2
1.520000000E0	9.302036526E-1	7.962146075E-2
1.530000000E0	9.259068061E-1	7.779461488E-2
1.540000000E0	9.214768281E-1	7.590742166E-2
1.550000000E0	9.169272793E-1	7.378262448E-2
1.560000000E0	9.122100946E-1	7.166544103E-2
1.570000000E0	9.070656950E-1	6.948825856E-2
1.580000000E0	9.017140669E-1	6.742075412E-2
1.590000000E0	8.961749351E-1	6.516064146E-2
1.600000000E0	8.904979897E-1	6.286935582E-2
1.610000000E0	8.847869344E-1	6.062695033E-2
1.620000000E0	8.786076534E-1	5.838434951E-2
1.630000000E0	8.726007648E-1	5.610814872E-2
1.640000000E0	8.662114249E-1	5.379813500E-2
1.650000000E0	8.596517680E-1	5.168996150E-2
1.660000000E0	8.530148581E-1	4.946054386E-2
1.670000000E0	8.462896670E-1	4.725649721E-2
1.680000000E0	8.393547972E-1	4.504846852E-2
1.690000000E0	8.322489992E-1	4.294795264E-2
1.700000000E0	8.247020786E-1	4.070069853E-2
1.710000000E0	8.173690246E-1	3.858828158E-2
1.720000000E0	8.097401267E-1	3.632846085E-2
1.730000000E0	8.019397822E-1	3.524634132E-2
1.740000000E0	7.938236946E-1	3.310928376E-2
1.750000000E0	7.859881360E-1	3.052101424E-2
1.760000000E0	7.779159034E-1	2.849097598E-2
1.770000000E0	7.694075381E-1	2.633471064E-2
1.780000000E0	7.608519370E-1	2.411816137E-2
1.790000000E0	7.524135729E-1	2.213623887E-2
1.800000000E0	7.438386920E-1	1.999557141E-2
1.810000000E0	7.350829608E-1	1.816444094E-2
1.820000000E0	7.262698243E-1	1.644789286E-2
1.830000000E0	7.173437454E-1	1.474628915E-2
1.840000000E0	7.084201658E-1	1.311763699E-2
1.850000000E0	6.993101978E-1	1.174728444E-2
1.860000000E0	6.899837062E-1	1.020842491E-2
1.870000000E0	6.807738874E-1	8.848274212E-3
1.880000000E0	6.712541044E-1	7.683660498E-3
1.890000000E0	6.616716942E-1	6.686868688E-3
1.900000000E0	6.522223296E-1	5.731800089E-3
1.910000000E0	6.425228898E-1	4.819371068E-3
1.920000000E0	6.327275124E-1	4.019509546E-3
1.930000000E0	6.230442835E-1	4.156563563E-3
1.940000000E0	6.134953623E-1	5.438660466E-3
1.950000000E0	6.039700328E-1	3.751147405E-3
1.960000000E0	5.946640853E-1	3.376910284E-3
1.970000000E0	5.852653023E-1	3.102114284E-3
1.980000000E0	5.755646875E-1	2.920051017E-3
1.990000000E0	5.661521098E-1	3.005751062E-3
2.000000000E0	5.565851674E-1	2.961824685E-3
2.010000000E0	5.467695795E-1	2.987965951E-3
2.020000000E0	5.370996839E-1	2.777123753E-3
2.030000000E0	5.276933561E-1	2.837390627E-3
2.040000000E0	5.180592529E-1	2.818765081E-3
2.050000000E0	5.086972676E-1	2.960548163E-3
2.060000000E0	4.993422113E-1	2.971616856E-3
2.070000000E0	4.899504961E-1	3.057519379E-3
2.080000000E0	4.805501763E-1	3.173316129E-3
2.090000000E0	4.711940253E-1	3.291448974E-3
2.100000000E0	4.619014779E-1	3.459720299E-3
2.110000000E0	4.525181606E-1	3.645371142E-3
2.120000000E0	4.431541481E-1	4.009082980E-3
2.130000000E0	4.338097224E-1	4.501415504E-3
2.140000000E0	4.246883702E-1	5.688968652E-3
2.150000000E0	4.154913783E-1	5.680353957E-3
2.160000000E0	4.064489746E-1	5.871877258E-3
2.170000000E0	3.977191924E-1	6.491366213E-3
2.180000000E0	3.888712541E-1	7.325561896E-3
2.190000000E0	3.799834480E-1	7.784936994E-3
2.200000000E0	3.713452234E-1	8.656522414E-3
2.210000000E0	3.626051599E-1	9.729946219E-3
2.220000000E0	3.539291384E-1	1.078094313E-2
2.230000000E0	3.452240595E-1	1.189990455E-2
2.240000000E0	3.367516648E-1	1.298926430E-2
2.250000000E0	3.283322737E-1	1.423831504E-2
2.260000000E0	3.198627816E-1	1.546938013E-2
2.270000000E0	3.117352509E-1	1.706344763E-2
2.280000000E0	3.035960653E-1	1.833564459E-2
2.290000000E0	2.955116792E-1	1.972721962E-2
2.300000000E0	2.877260583E-1	2.106137385E-2
2.310000000E0	2.801240039E-1	2.275132588E-2
2.320000000E0	2.725775892E-1	2.415136531E-2
2.330000000E0	2.652265587E-1	2.585134900E-2
2.340000000E0	2.580268105E-1	2.724450305E-2
2.350000000E0	2.507965230E-1	2.870428431E-2
2.360000000E0	2.438652896E-1	3.076506341E-2
2.370000000E0	2.372061819E-1	3.309452100E-2
2.380000000E0	2.305527362E-1	3.465701377E-2
2.390000000E0	2.238806005E-1	3.567269838E-2
2.400000000E0	2.175509242E-1	3.719681920E-2
2.410000000E0	2.113236360E-1	3.905589836E-2
2.420000000E0	2.054185905E-1	4.043118585E-2
2.430000000E0	1.994276525E-1	4.202397472E-2
2.440000000E0	1.940850459E-1	4.373398978E-2
2.450000000E0	1.885184901E-1	4.525309289E-2
2.460000000E0	1.832410868E-1	4.703107540E-2
2.470000000E0	1.779545541E-1	4.843575452E-2
2.480000000E0	1.730342066E-1	5.030210482E-2
2.490000000E0	1.682424415E-1	5.186030628E-2
2.500000000E0	1.641113336E-1	5.349230092E-2
2.510000000E0	1.597907164E-1	5.494781987E-2
2.520000000E0	1.555088753E-1	5.627679997E-2
2.530000000E0	1.513603622E-1	5.758786804E-2
2.540000000E0	1.478174564E-1	5.910626535E-2
2.550000000E0	1.443577256E-1	6.047364816E-2
2.560000000E0	1.410480245E-1	6.163957473E-2
2.570000000E0	1.378049558E-1	6.281744280E-2
2.580000000E0	1.347475878E-1	6.387938871E-2
2.590000000E0	1.321286488E-1	6.499889385E-2
2.600000000E0	1.295945505E-1	6.594590040E-2
2.610000000E0	1.271068997E-1	6.708188355E-2
2.620000000E0	1.248309630E-1	6.804830372E-2
2.630000000E0	1.227269273E-1	6.899417193E-2
2.640000000E0	1.207409484E-1	6.949246680E-2
2.650000000E0	1.191848304E-1	7.041299775E-2
2.660000000E0	1.179702265E-1	7.124837041E-2
2.670000000E0	1.166059616E-1	7.175745337E-2
2.680000000E0	1.158096836E-1	7.232941935E-2
2.690000000E0	1.148597202E-1	7.257560944E-2
2.700000000E0	1.140907118E-1	7.263828975E-2
2.710000000E0	1.136618699E-1	7.293845817E-2
2.720000000E0	1.135662884E-1	7.291452026E-2
2.730000000E0	1.135519509E-1	7.282149142E-2
2.740000000E0	1.136739177E-1	7.270720599E-2
2.750000000E0	1.138484445E-1	7.253882523E-2
2.760000000E0	1.146307698E-1	7.249611114E-2
2.770000000E0	1.155509829E-1	7.236197738E-2
2.780000000E0	1.161197053E-1	7.160724618E-2
2.790000000E0	1.173914967E-1	7.115547776E-2
2.800000000E0	1.184254746E-1	7.042587267E-2
2.810000000E0	1.202612148E-1	7.011184194E-2
2.820000000E0	1.219364077E-1	6.925419461E-2
2.830000000E0	1.238271155E-1	6.821945707E-2
2.840000000E0	1.258970392E-1	6.728075921E-2
2.850000000E0	1.281864488E-1	6.614379477E-2
2.860000000E0	1.305158744E-1	6.512258448E-2
2.870000000E0	1.333578885E-1	6.418914240E-2
2.880000000E0	1.362945518E-1	6.298954135E-2
2.890000000E0	1.394089891E-1	6.158623578E-2
2.900000000E0	1.425089732E-1	6.045731175E-2
2.910000000E0	1.460281191E-1	5.916701017E-2
2.920000000E0	1.498087211E-1	5.813874381E-2
2.930000000E0	1.534808832E-1	5.657263503E-2
2.940000000E0	1.575593240E-1	5.516707679E-2
2.950000000E0	1.617991542E-1	5.383388452E-2
2.960000000E0	1.660373202E-1	5.224881301E-2
2.970000000E0	1.706863565E-1	5.066189067E-2
2.980000000E0	1.754192220E-1	4.925594407E-2
2.990000000E0	1.801159332E-1	4.743353522E-2
3.000000000E0	1.853009486E-1	4.597749464E-2
3.010000000E0	1.905907705E-1	4.457721408E-2
3.020000000E0	1.961599484E-1	4.281982529E-2
3.030000000E0	2.017842842E-1	4.135913815E-2
3.040000000E0	2.074261258E-1	3.968156896E-2
3.050000000E0	2.132603603E-1	3.801319668E-2
3.060000000E0	2.192563393E-1	3.643324375E-2
3.070000000E0	2.253883967E-1	3.519786620E-2
3.080000000E0	2.316998132E-1	3.446574394E-2
3.090000000E0	2.380779863E-1	3.287267086E-2
3.100000000E0	2.446733857E-1	3.066538885E-2
3.110000000E0	2.512153920E-1	2.877897027E-2
3.120000000E0	2.580597537E-1	2.724497081E-2
3.130000000E0	2.647885716E-1	2.564189119E-2
3.140000000E0	2.718932160E-1	2.408686486E-2
3.150000000E0	2.789809729E-1	2.276393872E-2
3.160000000E0	2.861613674E-1	2.118031639E-2
3.170000000E0	2.935307058E-1	1.966270267E-2
3.180000000E0	3.009379040E-1	1.844120226E-2
3.190000000E0	3.085437767E-1	1.711843150E-2
3.200000000E0	3.163294648E-1	1.600355459E-2
3.210000000E0	3.240784670E-1	1.463682012E-2
3.220000000E0	3.319005544E-1	1.332016325E-2
3.230000000E0	3.396927206E-1	1.209730471E-2
3.240000000E0	3.477443439E-1	1.098552015E-2
3.250000000E0	3.556777777E-1	9.954668068E-3
3.260000000E0	3.637762108E-1	8.960372695E-3
3.270000000E0	3.718031089E-1	7.825720843E-3
3.280000000E0	3.799587430E-1	7.261841756E-3
3.290000000E0	3.880650178E-1	6.517709344E-3
3.300000000E0	3.961540602E-1	5.684277307E-3
3.310000000E0	4.043915233E-1	5.275607662E-3
3.320000000E0	4.127369575E-1	4.966681589E-3
3.330000000E0	4.209023103E-1	5.733178528E-3
3.340000000E0	4.295938040E-1	4.516881156E-3
3.350000000E0	4.381914969E-1	3.834733963E-3
3.360000000E0	4.465887988E-1	3.278643184E-3
3.370000000E0	4.553169901E-1	3.099496248E-3
3.380000000E0	4.639121351E-1	2.894074787E-3
3.390000000E0	4.721859795E-1	2.934248014E-3
3.400000000E0	4.805197739E-1	2.848606310E-3
3.410000000E0	4.888769590E-1	2.858443887E-3
3.420000000E0	4.972332350E-1	3.015120051E-3
3.430000000E0	5.056944382E-1	3.013620227E-3
3.440000000E0	5.139776606E-1	3.023415234E-3
3.450000000E0	5.222734599E-1	3.135913577E-3
3.460000000E0	5.305837409E-1	3.168514917E-3
3.470000000E0	5.389088539E-1	3.270806065E-3
3.480000000E0	5.473280687E-1	3.333248828E-3
3.490000000E0	5.556375053E-1	3.448681647E-3
3.500000000E0	5.641366537E-1	3.403345911E-3
3.510000000E0	5.722446902E-1	3.472593210E-3
3.520000000E0	5.804469277E-1	3.608633072E-3
3.530000000E0	5.886081423E-1	3.565840611E-3
3.540000000E0	5.967327954E-1	3.580705833E-3
3.550000000E0	6.046297792E-1	4.104653663E-3
3.560000000E0	6.125627632E-1	5.379902055E-3
3.570000000E0	6.205582797E-1	5.106064443E-3
3.580000000E0	6.287412664E-1	5.207293684E-3
3.590000000E0	6.366713783E-1	5.414400405E-3
3.600000000E0	6.447563491E-1	6.096854878E-3
3.610000000E0	6.527046797E-1	6.901731316E-3
3.620000000E0	6.602696573E-1	7.549705844E-3
3.630000000E0	6.680637872E-1	8.426997579E-3
3.640000000E0	6.757773990E-1	9.468709108E-3
3.650000000E0	6.833950127E-1	1.043879348E-2
3.660000000E0	6.909575084E-1	1.131698524E-2
3.670000000E0	6.984077170E-1	1.223295130E-2
3.680000000E0	7.055766910E-1	1.341611975E-2
3.690000000E0	7.128470298E-1	1.441604423E-2
3.700000000E0	7.197875523E-1	1.571724834E-2
3.710000000E0	7.265262816E-1	1.704052329E-2
3.720000000E0	7.331270281E-1	1.857134952E-2
3.730000000E0	7.396751144E-1	1.975221150E-2
3.740000000E0	7.461514029E-1	2.100654592E-2
3.750000000E0	7.526037041E-1	2.265336673E-2
3.760000000E0	7.588314222E-1	2.403766834E-2
3.770000000E0	7.649224389E-1	2.538153307E-2
3.780000000E0	7.710084149E-1	2.681380478E-2
3.790000000E0	7.769237089E-1	2.826787660E-2
3.800000000E0	7.826160596E-1	2.978774196E-2
3.810000000E0	7.879965022E-1	3.135113087E-2
3.820000000E0	7.933728236E-1	3.310374872E-2
3.830000000E0	7.987582141E-1	3.467994902E-2
3.840000000E0	8.038761264E-1	3.576623008E-2
3.850000000E0	8.088182359E-1	3.669382928E-2
3.860000000E0	8.135062781E-1	3.800227068E-2
3.870000000E0	8.180894514E-1	3.935578693E-2
3.880000000E0	8.224483932E-1	4.058822820E-2
3.890000000E0	8.268220782E-1	4.172997859E-2
3.900000000E0	8.310286812E-1	4.292566392E-2
3.910000000E0	8.351350757E-1	4.409747969E-2
3.920000000E0	8.388210492E-1	4.515722925E-2
3.930000000E0	8.423467900E-1	4.622513918E-2
3.940000000E0	8.455799451E-1	4.733545547E-2
3.950000000E0	8.487449563E-1	4.837570343E-2
3.960000000E0	8.519094852E-1	4.937912133E-2
3.970000000E0	8.550401417E-1	5.045051255E-2
3.980000000E0	8.576666091E-1	5.134600156E-2
3.990000000E0	8.603576112E-1	5.242234945E-2
4.000000000E0	8.628471916E-1	5.312502620E-2
4.010000000E0	8.651171096E-1	5.390990875E-2
4.020000000E0	8.672712539E-1	5.488546339E-2
4.030000000E0	8.693597602E-1	5.568980692E-2
4.040000000E0	8.708817777E-1	5.617880960E-2
4.050000000E0	8.726681005E-1	5.703051165E-2
4.060000000E0	8.739626349E-1	5.737591072E-2
4.070000000E0	8.751463093E-1	5.806963561E-2
4.080000000E0	8.761930241E-1	5.833393459E-2
4.090000000E0	8.771875606E-1	5.880890626E-2
4.100000000E0	8.780201925E-1	5.918046898E-2
4.110000000E0	8.784357196E-1	5.941185401E-2
4.120000000E0	8.786990922E-1	5.949340005E-2
4.130000000E0	8.790208245E-1	5.972472744E-2
4.140000000E0	8.791692774E-1	5.971417506E-2
4.150000000E0	8.791316171E-1	5.988027966E-2
4.160000000E0	8.787131898E-1	5.960862535E-2
4.170000000E0	8.783505855E-1	5.949835288E-2
4.180000000E0	8.777400032E-1	5.928275223E-2
4.190000000E0	8.771025195E-1	5.900804644E-2
4.200000000E0	8.761294586E-1	5.842242161E-2
4.210000000E0	8.750641131E-1	5.811217316E-2
4.220000000E0	8.739300496E-1	5.743905158E-2
4.230000000E0	8.726481340E-1	5.701408440E-2
4.240000000E0	8.709924530E-1	5.624309976E-2
4.250000000E0	8.693640844E-1	5.574299627E-2
4.260000000E0	8.673780083E-1	5.500443976E-2
4.270000000E0	8.652744461E-1	5.413365439E-2
4.280000000E0	8.630413708E-1	5.337866029E-2
4.290000000E0	8.606879537E-1	5.256194761E-2
4.300000000E0	8.582694700E-1	5.161505421E-2
4.310000000E0	8.553881131E-1	5.064788405E-2
4.320000000E0	8.526246445E-1	4.964249253E-2
4.330000000E0	8.496686069E-1	4.857514106E-2
4.340000000E0	8.465359781E-1	4.749305350E-2
4.350000000E0	8.431565143E-1	4.632426971E-2
4.360000000E0	8.397492405E-1	4.526169805E-2
4.370000000E0	8.362417925E-1	4.416421865E-2
4.380000000E0	8.322741721E-1	4.300412333E-2
4.390000000E0	8.284120809E-1	4.181887530E-2
4.400000000E0	8.243659190E-1	4.070114169E-2
4.410000000E0	8.200504674E-1	3.958509107E-2
4.420000000E0	8.156165060E-1	3.835390256E-2
4.430000000E0	8.110960855E-1	3.724804301E-2
4.440000000E0	8.065489021E-1	3.613167099E-2
4.450000000E0	8.016007384E-1	3.525977769E-2
4.460000000E0	7.965668016E-1	3.412566126E-2
4.470000000E0	7.914064877E-1	3.256993017E-2
4.480000000E0	7.861856655E-1	3.104412492E-2
4.490000000E0	7.807748948E-1	2.964509324E-2
4.500000000E0	7.752712496E-1	2.811352869E-2
4.510000000E0	7.694623998E-1	2.660882390E-2
4.520000000E0	7.637993460E-1	2.523682577E-2
4.530000000E0	7.580810650E-1	2.378472280E-2
4.540000000E0	7.520225394E-1	2.225048070E-2
4.550000000E0	7.460938292E-1	2.082603342E-2
4.560000000E0	7.399576192E-1	1.951572950E-2
4.570000000E0	7.338585703E-1	1.834264375E-2
4.580000000E0	7.274105158E-1	1.692293575E-2
4.590000000E0	7.208739568E-1	1.547372022E-2
4.600000000E0	7.143202919E-1	1.425915373E-2
4.610000000E0	7.076185831E-1	1.313870730E-2
4.620000000E0	7.009563999E-1	1.203669600E-2
4.630000000E0	6.942133750E-1	1.088744201E-2
4.640000000E0	6.872879150E-1	9.782194666E-3
4.650000000E0	6.801544738E-1	8.793167775E-3
4.660000000E0	6.731046698E-1	7.796478001E-3
4.670000000E0	6.658137759E-1	7.074078144E-3
4.680000000E0	6.587816417E-1	6.234473750E-3
4.690000000E0	6.513888212E-1	5.426291185E-3
4.700000000E0	6.439738428E-1	4.554473344E-3
4.710000000E0	6.366245865E-1	4.098623325E-3
4.720000000E0	6.292970943E-1	3.657459228E-3
4.730000000E0	6.220482332E-1	4.017885471E-3
4.740000000E0	6.148253344E-1	4.909582501E-3
4.750000000E0	6.074017926E-1	4.252197463E-3
4.760000000E0	6.003618998E-1	3.537840395E-3
4.770000000E0	5.930556147E-1	3.235126189E-3
4.780000000E0	5.857895220E-1	3.203150303E-3
4.790000000E0	5.785489513E-1	3.113114134E-3
4.800000000E0	5.709923666E-1	3.146451199E-3
4.810000000E0	5.637207443E-1	3.036404358E-3
4.820000000E0	5.562292841E-1	3.153476111E-3
4.830000000E0	5.488460282E-1	3.099726420E-3
4.840000000E0	5.412628937E-1	3.128351803E-3
4.850000000E0	5.340131039E-1	3.122732495E-3
4.860000000E0	5.267997637E-1	3.086730367E-3
4.870000000E0	5.193468548E-1	3.075184998E-3
4.880000000E0	5.122599908E-1	3.094068650E-3
4.890000000E0	5.049366453E-1	3.128222032E-3
4.900000000E0	4.979451867E-1	3.155685104E-3
4.910000000E0	4.906967808E-1	3.137342348E-3
4.920000000E0	4.836804916E-1	3.202105997E-3
4.930000000E0	4.763250099E-1	3.248440744E-3
4.940000000E0	4.693579322E-1	3.359892967E-3
4.950000000E0	4.620667058E-1	3.401797566E-3
4.960000000E0	4.550697355E-1	3.456773014E-3
4.970000000E0	4.477252432E-1	3.511709313E-3
4.980000000E0	4.407690129E-1	3.907682062E-3
4.990000000E0	4.336463756E-1	4.209981987E-3
5.000000000E0	4.265624413E-1	5.430953709E-3
5.010000000E0	4.195077122E-1	5.841958909E-3
5.020000000E0	4.127162947E-1	5.359224869E-3
5.030000000E0	4.057331201E-1	5.499081733E-3
5.040000000E0	3.990230434E-1	5.793004616E-3
5.050000000E0	3.924314935E-1	6.301244804E-3
5.060000000E0	3.857443208E-1	6.720586444E-3
5.070000000E0	3.792372332E-1	7.424332707E-3
5.080000000E0	3.725941852E-1	7.837336537E-3
5.090000000E0	3.662039010E-1	8.531937172E-3
5.100000000E0	3.596587760E-1	9.141229464E-3
5.110000000E0	3.535860128E-1	9.959602931E-3
5.120000000E0	3.474683115E-1	1.071337974E-2
5.130000000E0	3.413631016E-1	1.177454710E-2
5.140000000E0	3.351708505E-1	1.258570892E-2
5.150000000E0	3.292505824E-1	1.352229274E-2
5.160000000E0	3.232932004E-1	1.417256364E-2
5.170000000E0	3.175246306E-1	1.528714249E-2
5.180000000E0	3.118596101E-1	1.628951694E-2
5.190000000E0	3.064205933E-1	1.733710542E-2
5.200000000E0	3.009444678E-1	1.828537724E-2
5.210000000E0	2.954799361E-1	1.923296514E-2
5.220000000E0	2.901952614E-1	1.988917183E-2
5.230000000E0	2.853083470E-1	2.099732914E-2
5.240000000E0	2.803531071E-1	2.179349770E-2
5.250000000E0	2.755911399E-1	2.297715478E-2
5.260000000E0	2.710564862E-1	2.406009812E-2
5.270000000E0	2.666273027E-1	2.511183157E-2
5.280000000E0	2.621838175E-1	2.615736889E-2
5.290000000E0	2.579854982E-1	2.729449853E-2
5.300000000E0	2.537274025E-1	2.822863345E-2
5.310000000E0	2.493588820E-1	2.914558989E-2
5.320000000E0	2.457786983E-1	3.010090658E-2
5.330000000E0	2.422947496E-1	3.142955426E-2
5.340000000E0	2.386859673E-1	3.286717468E-2
5.350000000E0	2.350011610E-1	3.404797886E-2
5.360000000E0	2.316477293E-1	3.466221962E-2
5.370000000E0	2.283180601E-1	3.525465688E-2
5.380000000E0	2.250262517E-1	3.564896393E-2
5.390000000E0	2.219524405E-1	3.621865523E-2
5.400000000E0	2.193415331E-1	3.736211516E-2
5.410000000E0	2.162807181E-1	3.767861864E-2
5.420000000E0	2.138954760E-1	3.852592021E-2
5.430000000E0	2.116976351E-1	3.945364537E-2
5.440000000E0	2.093480370E-1	4.001111834E-2
5.450000000E0	2.073155536E-1	4.059140692E-2
5.460000000E0	2.051658460E-1	4.083317953E-2
5.470000000E0	2.034760095E-1	4.166078826E-2
5.480000000E0	2.018614894E-1	4.180720458E-2
5.490000000E0	2.006537009E-1	4.244397309E-2
5.500000000E0	1.991758299E-1	4.292137012E-2
5.510000000E0	1.976688814E-1	4.286816997E-2
5.520000000E0	1.965185185E-1	4.302272078E-2
5.530000000E0	1.960986238E-1	4.379203333E-2
5.540000000E0	1.952221637E-1	4.387585114E-2
5.550000000E0	1.945057056E-1	4.382030270E-2
5.560000000E0	1.940653039E-1	4.402272891E-2
5.570000000E0	1.938869012E-1	4.415751210E-2
5.580000000E0	1.939520052E-1	4.409021262E-2
5.590000000E0	1.940135983E-1	4.402280406E-2
5.600000000E0	1.941286483E-1	4.392089967E-2
5.610000000E0	1.943474410E-1	4.374483596E-2
5.620000000E0	1.951293733E-1	4.388877601E-2
5.630000000E0	1.958902233E-1	4.384613222E-2
5.640000000E0	1.964375669E-1	4.306656657E-2
5.650000000E0	1.974846314E-1	4.283162711E-2
5.660000000E0	1.986587878E-1	4.259621696E-2
5.670000000E0	1.997684918E-1	4.203022082E-2
5.680000000E0	2.015398150E-1	4.190384984E-2
5.690000000E0	2.029555120E-1	4.124946257E-2
5.700000000E0	2.050464888E-1	4.067373731E-2
5.710000000E0	2.071770334E-1	4.039197663E-2
5.720000000E0	2.090395247E-1	3.980729700E-2
5.730000000E0	2.116354781E-1	3.923259925E-2
5.740000000E0	2.139038034E-1	3.844049112E-2
5.750000000E0	2.162145807E-1	3.757023539E-2
5.760000000E0	2.191873222E-1	3.721737988E-2
5.770000000E0	2.217307894E-1	3.620841202E-2
5.780000000E0	2.247386345E-1	3.567028287E-2
5.790000000E0	2.278667716E-1	3.526123016E-2
5.800000000E0	2.313146436E-1	3.461885789E-2
5.810000000E0	2.346642747E-1	3.390522890E-2
5.820000000E0	2.381632922E-1	3.301135568E-2
5.830000000E0	2.415867101E-1	3.191546500E-2
5.840000000E0	2.453826860E-1	3.071767721E-2
5.850000000E0	2.491833333E-1	2.973226649E-2
5.860000000E0	2.530749812E-1	2.866185126E-2
5.870000000E0	2.571542295E-1	2.757748167E-2
5.880000000E0	2.612327053E-1	2.652396572E-2
5.890000000E0	2.656058569E-1	2.548996990E-2
5.900000000E0	2.699837436E-1	2.469098274E-2
5.910000000E0	2.744796313E-1	2.372329745E-2
5.920000000E0	2.789865943E-1	2.281731206E-2
5.930000000E0	2.835201265E-1	2.188880488E-2
5.940000000E0	2.884193894E-1	2.080581617E-2
5.950000000E0	2.933839447E-1	1.974330619E-2
5.960000000E0	2.985311950E-1	1.880424444E-2
5.970000000E0	3.035358174E-1	1.771771796E-2
5.980000000E0	3.087460083E-1	1.695662852E-2
5.990000000E0	3.141658748E-1	1.608243248E-2
6.000000000E0	3.196821898E-1	1.523687578E-2
6.010000000E0	3.251952118E-1	1.422419758E-2
6.020000000E0	3.307745648E-1	1.323247667E-2
6.030000000E0	3.364417746E-1	1.228247984E-2
6.040000000E0	3.423745916E-1	1.161473421E-2
6.050000000E0	3.482564544E-1	1.079879387E-2
6.060000000E0	3.540379318E-1	9.948734400E-3
6.070000000E0	3.601468162E-1	9.469822638E-3
6.080000000E0	3.660069132E-1	8.687086875E-3
6.090000000E0	3.721252494E-1	7.990988463E-3
6.100000000E0	3.782256236E-1	7.372053118E-3
6.110000000E0	3.844418938E-1	6.780494835E-3
6.120000000E0	3.904586414E-1	6.258085404E-3
6.130000000E0	3.966956573E-1	5.647171916E-3
6.140000000E0	4.027924041E-1	5.288611711E-3
6.150000000E0	4.090671510E-1	4.864558373E-3
6.160000000E0	4.153355447E-1	5.204135988E-3
6.170000000E0	4.218451476E-1	5.586446925E-3
6.180000000E0	4.285398681E-1	4.586352533E-3
6.190000000E0	4.349920283E-1	3.915314875E-3
6.200000000E0	4.417384626E-1	3.414268214E-3
6.210000000E0	4.482801734E-1	3.148258563E-3
6.220000000E0	4.550489420E-1	3.057809909E-3
6.230000000E0	4.615962156E-1	2.961091813E-3
6.240000000E0	4.681436759E-1	2.778306817E-3
6.250000000E0	4.747519266E-1	2.778095120E-3
6.260000000E0	4.813691610E-1	2.835416755E-3
6.270000000E0	4.878082658E-1	2.832188889E-3
6.280000000E0	4.942383400E-1	3.005768386E-3
6.290000000E0	5.005469561E-1	3.067057312E-3
6.300000000E0	5.070273913E-1	3.130435655E-3
6.310000000E0	5.135536324E-1	3.124390588E-3
6.320000000E0	5.200434016E-1	3.138817744E-3
6.330000000E0	5.265543560E-1	3.138390150E-3
6.340000000E0	5.330183236E-1	3.225925598E-3
6.350000000E0	5.395157251E-1	3.259559242E-3
6.360000000E0	5.461212694E-1	3.327775862E-3
6.370000000E0	5.526695297E-1	3.548867711E-3
6.380000000E0	5.589420539E-1	3.463148020E-3
6.390000000E0	5.654714229E-1	3.510967434E-3
6.400000000E0	5.718828294E-1	3.468372011E-3
6.410000000E0	5.783252309E-1	3.483421264E-3
6.420000000E0	5.844802774E-1	3.628823747E-3
6.430000000E0	5.907580174E-1	3.451726406E-3
6.440000000E0	5.969453479E-1	3.529203738E-3
6.450000000E0	6.030133187E-1	3.677697684E-3
6.460000000E0	6.090454722E-1	4.630245801E-3
6.470000000E0	6.150912606E-1	5.140826091E-3
6.480000000E0	6.215676528E-1	4.683260741E-3
6.490000000E0	6.277760971E-1	4.639927660E-3
6.500000000E0	6.337501708E-1	5.112821980E-3
6.510000000E0	6.398631959E-1	5.389123999E-3
6.520000000E0	6.458286762E-1	6.055307734E-3
6.530000000E0	6.515496547E-1	6.504534331E-3
6.540000000E0	6.575780944E-1	6.690104097E-3
6.550000000E0	6.634934943E-1	7.461347449E-3
6.560000000E0	6.692259350E-1	8.004028088E-3
6.570000000E0	6.750067331E-1	8.578923290E-3
6.580000000E0	6.807569317E-1	8.964043870E-3
6.590000000E0	6.864071961E-1	9.661962007E-3
6.600000000E0	6.918346651E-1	1.043093221E-2
6.610000000E0	6.974681263E-1	1.112224814E-2
6.620000000E0	7.027008216E-1	1.196725328E-2
6.630000000E0	7.078328145E-1	1.299132057E-2
6.640000000E0	7.130055862E-1	1.352843977E-2
6.650000000E0	7.179020186E-1	1.437126520E-2
6.660000000E0	7.227270517E-1	1.515514166E-2
6.670000000E0	7.274097147E-1	1.621228004E-2
6.680000000E0	7.319030284E-1	1.717076467E-2
6.690000000E0	7.364413878E-1	1.811611680E-2
6.700000000E0	7.406428227E-1	1.872782750E-2
6.710000000E0	7.448528060E-1	1.966040144E-2
6.720000000E0	7.487343134E-1	2.069842563E-2
6.730000000E0	7.526422592E-1	2.171725591E-2
6.740000000E0	7.563588900E-1	2.283268268E-2
6.750000000E0	7.601511581E-1	2.365791107E-2
6.760000000E0	7.638251048E-1	2.455378857E-2
6.770000000E0	7.671802098E-1	2.538495851E-2
6.780000000E0	7.705746112E-1	2.624817584E-2
6.790000000E0	7.737073859E-1	2.715703630E-2
6.800000000E0	7.769997310E-1	2.795790879E-2
6.810000000E0	7.799662038E-1	2.839488418E-2
6.820000000E0	7.826160190E-1	2.945643861E-2
6.830000000E0	7.855148602E-1	2.987439244E-2
6.840000000E0	7.879488376E-1	3.084430645E-2
6.850000000E0	7.902353479E-1	3.181660436E-2
6.860000000E0	7.924506054E-1	3.266326280E-2
6.870000000E0	7.945295661E-1	3.334076329E-2
6.880000000E0	7.966315359E-1	3.405562643E-2
6.890000000E0	7.983815080E-1	3.443038472E-2
6.900000000E0	8.000202977E-1	3.500386870E-2
6.910000000E0	8.017068993E-1	3.540291659E-2
6.920000000E0	8.032471866E-1	3.560039562E-2
6.930000000E0	8.044053250E-1	3.603132968E-2
6.940000000E0	8.056104813E-1	3.639021671E-2
6.950000000E0	8.066851984E-1	3.647875983E-2
6.960000000E0	8.076556824E-1	3.656284924E-2
6.970000000E0	8.079592192E-1	3.711633489E-2
6.980000000E0	8.087409810E-1	3.726920368E-2
6.990000000E0	8.090920223E-1	3.741481217E-2
7.000000000E0	8.094440114E-1	3.751402998E-2
7.010000000E0	8.095823710E-1	3.735246189E-2
7.020000000E0	8.097143846E-1	3.737001314E-2
7.030000000E0	8.096025321E-1	3.735814485E-2
7.040000000E0	8.092016093E-1	3.749942940E-2
7.050000000E0	8.087611660E-1	3.734797238E-2
7.060000000E0	8.079172617E-1	3.737115391E-2
7.070000000E0	8.073146781E-1	3.723123714E-2
7.080000000E0	8.065028489E-1	3.696226196E-2
7.090000000E0	8.056736787E-1	3.662225974E-2
7.100000000E0	8.044733984E-1	3.632671620E-2
7.110000000E0	8.031992469E-1	3.597047921E-2
7.120000000E0	8.019214678E-1	3.552879332E-2
7.130000000E0	8.001650641E-1	3.527320641E-2
7.140000000E0	7.985235640E-1	3.488763751E-2
7.150000000E0	7.967623178E-1	3.431572410E-2
7.160000000E0	7.946672106E-1	3.392730151E-2
7.170000000E0	7.926111435E-1	3.322168378E-2
7.180000000E0	7.902821064E-1	3.267851389E-2
7.190000000E0	7.879912800E-1	3.191956210E-2
7.200000000E0	7.856320845E-1	3.128790909E-2
7.210000000E0	7.828574326E-1	3.055918521E-2
7.220000000E0	7.801515026E-1	2.967914849E-2
7.230000000E0	7.770903839E-1	2.874082695E-2
7.240000000E0	7.741445337E-1	2.800194372E-2
7.250000000E0	7.710788798E-1	2.700345928E-2
7.260000000E0	7.678810594E-1	2.618922474E-2
7.270000000E0	7.645103278E-1	2.523989442E-2
7.280000000E0	7.611540589E-1	2.423364633E-2
7.290000000E0	7.575091059E-1	2.344455843E-2
7.300000000E0	7.537457020E-1	2.228639246E-2
7.310000000E0	7.501135336E-1	2.120627245E-2
7.320000000E0	7.461299542E-1	2.049674112E-2
7.330000000E0	7.418930170E-1	1.965197063E-2
7.340000000E0	7.378293215E-1	1.864033589E-2
7.350000000E0	7.337102789E-1	1.761151453E-2
7.360000000E0	7.294083215E-1	1.656667256E-2
7.370000000E0	7.250552747E-1	1.562060621E-2
7.380000000E0	7.205613322E-1	1.472317727E-2
7.390000000E0	7.158402688E-1	1.398369091E-2
7.400000000E0	7.111737179E-1	1.319963227E-2
7.410000000E0	7.063187192E-1	1.223826782E-2
7.420000000E0	7.011744883E-1	1.163380942E-2
7.430000000E0	6.962938024E-1	1.085268544E-2
7.440000000E0	6.910624011E-1	9.965189119E-3
7.450000000E0	6.856884659E-1	9.577338142E-3
7.460000000E0	6.804234320E-1	8.793708998E-3
7.470000000E0	6.749296118E-1	8.339305759E-3
7.480000000E0	6.693862238E-1	7.589082588E-3
7.490000000E0	6.636900711E-1	7.140281706E-3
7.500000000E0	6.581091556E-1	6.548811557E-3
7.510000000E0	6.525316194E-1	6.155217173E-3
7.520000000E0	6.469840808E-1	5.532218803E-3
7.530000000E0	6.413932402E-1	5.166046714E-3
7.540000000E0	6.357713628E-1	4.727717041E-3
7.550000000E0	6.302175978E-1	4.360009092E-3
7.560000000E0	6.246267905E-1	4.269883516E-3
7.570000000E0	6.191382623E-1	4.505101600E-3
7.580000000E0	6.132375245E-1	4.909951032E-3
7.590000000E0	6.074572570E-1	4.340149328E-3
7.600000000E0	6.018845113E-1	4.132990529E-3
7.610000000E0	5.963365443E-1	4.105072867E-3
7.620000000E0	5.907075206E-1	4.062017701E-3
7.630000000E0	5.851049265E-1	4.132729300E-3
7.640000000E0	5.793921092E-1	3.986658229E-3
7.650000000E0	5.738223042E-1	3.994689419E-3
7.660000000E0	5.681043399E-1	4.058705920E-3
7.670000000E0	5.621853117E-1	4.066222283E-3
7.680000000E0	5.564697123E-1	4.084221710E-3
7.690000000E0	5.507213785E-1	4.020878327E-3
7.700000000E0	5.449316104E-1	4.117745595E-3
7.710000000E0	5.390559919E-1	4.135020392E-3
7.720000000E0	5.334336612E-1	4.163158806E-3
7.730000000E0	5.278098489E-1	4.125104832E-3
7.740000000E0	5.222030045E-1	4.097563872E-3
7.750000000E0	5.165928567E-1	4.182913102E-3
7.760000000E0	5.110389587E-1	4.218493820E-3
7.770000000E0	5.055214900E-1	4.237605917E-3
7.780000000E0	5.000562869E-1	4.254589364E-3
7.790000000E0	4.946587961E-1	4.298280293E-3
7.800000000E0	4.891531261E-1	4.347716937E-3
7.810000000E0	4.837144443E-1	4.384831035E-3
7.820000000E0	4.781931731E-1	4.438611289E-3
7.830000000E0	4.727399855E-1	4.522527917E-3
7.840000000E0	4.672858512E-1	4.523222019E-3
7.850000000E0	4.618203625E-1	4.663263252E-3
7.860000000E0	4.564505041E-1	4.624607263E-3
7.870000000E0	4.509668532E-1	4.675986288E-3
7.880000000E0	4.455121729E-1	4.826799997E-3
7.890000000E0	4.400123378E-1	4.890282057E-3
7.900000000E0	4.343923343E-1	5.111770349E-3
7.910000000E0	4.289802101E-1	5.494014620E-3
7.920000000E0	4.236684979E-1	5.837055521E-3
7.930000000E0	4.185444759E-1	6.260178109E-3
7.940000000E0	4.134178118E-1	6.255296306E-3
7.950000000E0	4.082695749E-1	6.445364740E-3
7.960000000E0	4.032812587E-1	6.668674111E-3
7.970000000E0	3.980955410E-1	6.866934439E-3
7.980000000E0	3.933754386E-1	7.349418217E-3
7.990000000E0	3.883503862E-1	7.539025756E-3
8.000000000E0	3.835905413E-1	7.776310435E-3
8.010000000E0	3.789041942E-1	8.319388497E-3
8.020000000E0	3.743160287E-1	8.734817176E-3
8.030000000E0	3.700044000E-1	9.091255745E-3
8.040000000E0	3.654102087E-1	9.763132661E-3
8.050000000E0	3.608668154E-1	1.021269521E-2
8.060000000E0	3.562594335E-1	1.082472901E-2
8.070000000E0	3.518682501E-1	1.134430604E-2
8.080000000E0	3.473974336E-1	1.192677052E-2
8.090000000E0	3.432503424E-1	1.251868546E-2
8.100000000E0	3.391454163E-1	1.300178893E-2
8.110000000E0	3.351086190E-1	1.382566960E-2
8.120000000E0	3.310859245E-1	1.435044805E-2
8.130000000E0	3.272222602E-1	1.512910416E-2
8.140000000E0	3.233432893E-1	1.583042163E-2
8.150000000E0	3.196767893E-1	1.632664510E-2
8.160000000E0	3.161591382E-1	1.702483740E-2
8.170000000E0	3.128318218E-1	1.742262794E-2
8.180000000E0	3.094751973E-1	1.786477366E-2
8.190000000E0	3.063299816E-1	1.853376089E-2
8.200000000E0	3.031369715E-1	1.935112580E-2
8.210000000E0	3.001419865E-1	1.973216763E-2
8.220000000E0	2.974520994E-1	2.005397090E-2
8.230000000E0	2.944180122E-1	2.065732020E-2
8.240000000E0	2.918980784E-1	2.095931261E-2
8.250000000E0	2.890969709E-1	2.162262577E-2
8.260000000E0	2.866162279E-1	2.195506636E-2
8.270000000E0	2.843015686E-1	2.238165184E-2
8.280000000E0	2.821028259E-1	2.274746374E-2
8.290000000E0	2.799954280E-1	2.309666937E-2
8.300000000E0	2.778895716E-1	2.349295030E-2
8.310000000E0	2.759301918E-1	2.385168733E-2
8.320000000E0	2.742433525E-1	2.412641341E-2
8.330000000E0	2.725348862E-1	2.436573678E-2
8.340000000E0	2.710142542E-1	2.465801664E-2
8.350000000E0	2.695814320E-1	2.484541060E-2
8.360000000E0	2.684871683E-1	2.522376227E-2
8.370000000E0	2.673607125E-1	2.533703036E-2
8.380000000E0	2.665125192E-1	2.544679835E-2
8.390000000E0	2.655661941E-1	2.551975917E-2
8.400000000E0	2.646152677E-1	2.561239680E-2
8.410000000E0	2.637882651E-1	2.575737547E-2
8.420000000E0	2.632563373E-1	2.559354054E-2
8.430000000E0	2.625103781E-1	2.554416495E-2
8.440000000E0	2.622791977E-1	2.553290633E-2
8.450000000E0	2.621024885E-1	2.554974431E-2
8.460000000E0	2.619448834E-1	2.549860640E-2
8.470000000E0	2.621001423E-1	2.545547002E-2
8.480000000E0	2.622007179E-1	2.542766391E-2
8.490000000E0	2.623571230E-1	2.536682547E-2
8.500000000E0	2.624674611E-1	2.534138289E-2
8.510000000E0	2.630365859E-1	2.529937175E-2
8.520000000E0	2.635391787E-1	2.525608100E-2
8.530000000E0	2.643575215E-1	2.523042970E-2
8.540000000E0	2.649203942E-1	2.506648995E-2
8.550000000E0	2.657029387E-1	2.510244054E-2
8.560000000E0	2.667696653E-1	2.493595097E-2
8.570000000E0	2.678125238E-1	2.460856694E-2
8.580000000E0	2.690170369E-1	2.437300806E-2
8.590000000E0	2.702273819E-1	2.417452444E-2
8.600000000E0	2.717726363E-1	2.397414188E-2
8.610000000E0	2.733638758E-1	2.349436563E-2
8.620000000E0	2.750950029E-1	2.322817088E-2
8.630000000E0	2.768724095E-1	2.288316423E-2
8.640000000E0	2.788168358E-1	2.247698780E-2
8.650000000E0	2.809608614E-1	2.200139782E-2
8.660000000E0	2.831219860E-1	2.174784190E-2
8.670000000E0	2.853581254E-1	2.113737141E-2
8.680000000E0	2.876911391E-1	2.074726483E-2
8.690000000E0	2.899998405E-1	2.021396081E-2
8.700000000E0	2.926400756E-1	1.974976719E-2
8.710000000E0	2.952851568E-1	1.920471083E-2
8.720000000E0	2.980566382E-1	1.855481368E-2
8.730000000E0	3.008914126E-1	1.818326389E-2
8.740000000E0	3.040640623E-1	1.778804743E-2
8.750000000E0	3.072621168E-1	1.738151459E-2
8.760000000E0	3.106227537E-1	1.670820615E-2
8.770000000E0	3.140502206E-1	1.632661173E-2
8.780000000E0	3.173841879E-1	1.580926208E-2
8.790000000E0	3.208344378E-1	1.522481267E-2
8.800000000E0	3.243338796E-1	1.461124593E-2
8.810000000E0	3.282137844E-1	1.412075607E-2
8.820000000E0	3.318564231E-1	1.338416406E-2
8.830000000E0	3.358969216E-1	1.287470462E-2
8.840000000E0	3.396715701E-1	1.222014859E-2
8.850000000E0	3.437809358E-1	1.180039034E-2
8.860000000E0	3.479388238E-1	1.112871164E-2
8.870000000E0	3.519044988E-1	1.056855580E-2
8.880000000E0	3.560882833E-1	9.973802078E-3
8.890000000E0	3.604311591E-1	9.599341952E-3
8.900000000E0	3.647236436E-1	8.919551654E-3
8.910000000E0	3.690426376E-1	8.563063063E-3
8.920000000E0	3.735262217E-1	7.953606859E-3
8.930000000E0	3.780394374E-1	7.612538033E-3
8.940000000E0	3.824113925E-1	7.275479730E-3
8.950000000E0	3.868886665E-1	6.788825616E-3
8.960000000E0	3.914051894E-1	6.485830339E-3
8.970000000E0	3.958848863E-1	6.153514443E-3
8.980000000E0	4.005317111E-1	5.583283715E-3
8.990000000E0	4.050261674E-1	5.341847332E-3
9.000000000E0	4.098011688E-1	5.041097707E-3
9.010000000E0	4.144690896E-1	5.340564489E-3
9.020000000E0	4.193052159E-1	5.732268131E-3
9.030000000E0	4.241868990E-1	5.520850722E-3
9.040000000E0	4.293827495E-1	4.570671762E-3
9.050000000E0	4.342871029E-1	4.185596307E-3
9.060000000E0	4.392994225E-1	3.906152558E-3
9.070000000E0	4.444073417E-1	3.989556146E-3
9.080000000E0	4.495914600E-1	3.678438396E-3
9.090000000E0	4.547243834E-1	3.304362279E-3
9.100000000E0	4.597784555E-1	3.205742275E-3
9.110000000E0	4.650101028E-1	3.011513176E-3
9.120000000E0	4.699212703E-1	2.991330878E-3
9.130000000E0	4.749433558E-1	2.993805660E-3
9.140000000E0	4.798390886E-1	3.014956820E-3
9.150000000E0	4.848824568E-1	3.026217237E-3
9.160000000E0	4.899443131E-1	2.899256214E-3
9.170000000E0	4.949432927E-1	3.071103999E-3
9.180000000E0	5.001261782E-1	3.095514712E-3
9.190000000E0	5.050131382E-1	3.190321243E-3
9.200000000E0	5.101614175E-1	3.184413982E-3
9.210000000E0	5.149109541E-1	3.201101576E-3
9.220000000E0	5.200326785E-1	3.158652237E-3
9.230000000E0	5.248655309E-1	3.202097700E-3
9.240000000E0	5.300027291E-1	3.143799653E-3
9.250000000E0	5.347059711E-1	3.196934328E-3
9.260000000E0	5.399141993E-1	3.200306419E-3
9.270000000E0	5.446919903E-1	3.263478422E-3
9.280000000E0	5.497718551E-1	3.167095717E-3
9.290000000E0	5.547285507E-1	3.268724148E-3
9.300000000E0	5.597944523E-1	3.224412977E-3
9.310000000E0	5.646606811E-1	3.303788735E-3
9.320000000E0	5.696810982E-1	3.231340830E-3
9.330000000E0	5.744821229E-1	3.223396046E-3
9.340000000E0	5.793996405E-1	3.197313314E-3
9.350000000E0	5.841979530E-1	3.219463546E-3
9.360000000E0	5.890563767E-1	3.310667530E-3
9.370000000E0	5.938327781E-1	3.238931209E-3
9.380000000E0	5.985304144E-1	3.339930959E-3
9.390000000E0	6.031307079E-1	3.428403303E-3
9.400000000E0	6.074870750E-1	4.052598458E-3
9.410000000E0	6.119150084E-1	4.752160106E-3
9.420000000E0	6.169089867E-1	4.545176481E-3
9.430000000E0	6.215799394E-1	4.431303135E-3
9.440000000E0	6.261754582E-1	4.511767613E-3
9.450000000E0	6.307789852E-1	4.733762775E-3
9.460000000E0	6.351201231E-1	5.132902887E-3
9.470000000E0	6.397472016E-1	5.340127313E-3
9.480000000E0	6.442578998E-1	5.483523694E-3
9.490000000E0	6.488300198E-1	6.107472208E-3
9.500000000E0	6.533971184E-1	6.501234010E-3
9.510000000E0	6.578065648E-1	6.916350514E-3
9.520000000E0	6.621683385E-1	7.344014200E-3
9.530000000E0	6.666393269E-1	7.722372722E-3
9.540000000E0	6.707900124E-1	8.337087311E-3
9.550000000E0	6.751287416E-1	8.758359333E-3
