mass_B
t	x	y
0.000000000E0	-2.324735166E-3	6.680591570E-1
1.000000000E-2	-1.366649494E-3	6.676370669E-1
2.000000000E-2	1.689146598E-3	6.668881108E-1
3.000000000E-2	5.015731170E-3	6.627876484E-1
4.000000000E-2	9.863939686E-3	6.584455363E-1
5.000000000E-2	1.658030531E-2	6.540419021E-1
6.000000000E-2	2.523042818E-2	6.476064866E-1
7.000000000E-2	3.496515717E-2	6.411414152E-1
8.000000000E-2	4.574685660E-2	6.331577996E-1
9.000000000E-2	5.818729705E-2	6.252111142E-1
1.000000000E-1	7.244925526E-2	6.152938227E-1
1.100000000E-1	8.782667430E-2	6.051415598E-1
1.200000000E-1	1.056959601E-1	5.938003959E-1
1.300000000E-1	1.242244086E-1	5.829269631E-1
1.400000000E-1	1.444232311E-1	5.716116695E-1
1.500000000E-1	1.668926695E-1	5.593103987E-1
1.600000000E-1	1.895467728E-1	5.463710723E-1
1.700000000E-1	2.155676843E-1	5.406873483E-1
1.800000000E-1	2.432971612E-1	5.307814910E-1
1.900000000E-1	2.703546919E-1	5.141851144E-1
2.000000000E-1	2.963429836E-1	4.911551655E-1
2.100000000E-1	3.265873043E-1	4.777023437E-1
2.200000000E-1	3.574411632E-1	4.623021860E-1
2.300000000E-1	3.896445792E-1	4.462311487E-1
2.400000000E-1	4.227659392E-1	4.292640457E-1
2.500000000E-1	4.563229540E-1	4.117290138E-1
2.600000000E-1	4.906850403E-1	3.971638925E-1
2.700000000E-1	5.258886196E-1	3.807559517E-1
2.800000000E-1	5.619421419E-1	3.652765509E-1
2.900000000E-1	5.986003061E-1	3.498274073E-1
3.000000000E-1	6.364302305E-1	3.343357912E-1
3.100000000E-1	6.745216678E-1	3.191070981E-1
3.200000000E-1	7.155270785E-1	3.062069886E-1
3.300000000E-1	7.551836726E-1	2.909927661E-1
3.400000000E-1	7.963374920E-1	2.761231832E-1
3.500000000E-1	8.390954748E-1	2.627321778E-1
3.600000000E-1	8.816970488E-1	2.497487682E-1
3.700000000E-1	9.266205557E-1	2.372058912E-1
3.800000000E-1	9.717816577E-1	2.246813658E-1
3.900000000E-1	1.016004492E0	2.100925763E-1
4.000000000E-1	1.061422264E0	1.979328230E-1
4.100000000E-1	1.107534723E0	1.906958040E-1
4.200000000E-1	1.155102013E0	1.811884455E-1
4.300000000E-1	1.201195631E0	1.637520275E-1
4.400000000E-1	1.252006657E0	1.537097229E-1
4.500000000E-1	1.301622790E0	1.414582771E-1
4.600000000E-1	1.351396667E0	1.306367075E-1
4.700000000E-1	1.401772429E0	1.211675797E-1
4.800000000E-1	1.453085428E0	1.129000751E-1
4.900000000E-1	1.505469016E0	1.025046025E-1
5.000000000E-1	1.556716563E0	9.383441675E-2
5.100000000E-1	1.609233920E0	8.610321756E-2
5.200000000E-1	1.661156876E0	7.804445681E-2
5.300000000E-1	1.714249200E0	7.028759099E-2
5.400000000E-1	1.767830029E0	6.585756675E-2
5.500000000E-1	1.821839639E0	5.982346703E-2
5.600000000E-1	1.874801218E0	5.573851481E-2
5.700000000E-1	1.928998349E0	5.073903363E-2
5.800000000E-1	1.982093911E0	4.660976368E-2
5.900000000E-1	2.036029651E0	4.947365017E-2
6.000000000E-1	2.090399882E0	4.245585861E-2
6.100000000E-1	2.145369058E0	3.860979453E-2
6.200000000E-1	2.200662055E0	3.803789615E-2
6.300000000E-1	2.254126768E0	3.508555409E-2
6.400000000E-1	2.307426115E0	3.458357287E-2
6.500000000E-1	2.360602965E0	3.424956985E-2
6.600000000E-1	2.414517792E0	3.430410766E-2
6.700000000E-1	2.467641623E0	3.434097941E-2
6.800000000E-1	2.522319087E0	3.503983393E-2
6.900000000E-1	2.577227795E0	3.544269381E-2
7.000000000E-1	2.631007279E0	3.507719528E-2
7.100000000E-1	2.684600072E0	3.554893301E-2
7.200000000E-1	2.738005993E0	3.625419759E-2
7.300000000E-1	2.790249604E0	3.660550094E-2
7.400000000E-1	2.843588418E0	3.621229770E-2
7.500000000E-1	2.894628480E0	3.754878553E-2
7.600000000E-1	2.946026365E0	4.602361192E-2
7.700000000E-1	2.998680637E0	4.574382375E-2
7.800000000E-1	3.051808886E0	4.545566359E-2
7.900000000E-1	3.104985480E0	4.832341296E-2
8.000000000E-1	3.157519728E0	5.390982064E-2
8.100000000E-1	3.208167448E0	5.891812303E-2
8.200000000E-1	3.258825850E0	6.503522011E-2
8.300000000E-1	3.308544916E0	7.204052836E-2
8.400000000E-1	3.358655233E0	7.778517741E-2
8.500000000E-1	3.407680384E0	8.622100727E-2
8.600000000E-1	3.455974420E0	9.431095739E-2
8.700000000E-1	3.503742066E0	1.032861396E-1
8.800000000E-1	3.550679661E0	1.126481059E-1
8.900000000E-1	3.596500130E0	1.240826103E-1
9.000000000E-1	3.642849508E0	1.347661975E-1
9.100000000E-1	3.687522709E0	1.457857207E-1
9.200000000E-1	3.732049487E0	1.560554434E-1
9.300000000E-1	3.775363760E0	1.672412501E-1
9.400000000E-1	3.817303259E0	1.782676142E-1
9.500000000E-1	3.857933519E0	1.908405168E-1
9.600000000E-1	3.898983668E0	1.995982468E-1
9.700000000E-1	3.938357352E0	2.097807107E-1
9.800000000E-1	3.978222640E0	2.211479188E-1
9.900000000E-1	4.016907224E0	2.328398024E-1
1.000000000E0	4.053790258E0	2.437902965E-1
1.010000000E0	4.090717347E0	2.541745138E-1
1.020000000E0	4.126756781E0	2.650586720E-1
1.030000000E0	4.160579440E0	2.775489432E-1
1.040000000E0	4.195224819E0	2.892139954E-1
1.050000000E0	4.228409333E0	3.010516594E-1
1.060000000E0	4.260368354E0	3.122144383E-1
1.070000000E0	4.292168429E0	3.237606466E-1
1.080000000E0	4.322504134E0	3.344546939E-1
1.090000000E0	4.350348648E0	3.461344819E-1
1.100000000E0	4.377517988E0	3.583231665E-1
1.110000000E0	4.403842798E0	3.697243896E-1
1.120000000E0	4.429388665E0	3.802158383E-1
1.130000000E0	4.452745478E0	3.910532903E-1
1.140000000E0	4.474556439E0	4.021265001E-1
1.150000000E0	4.495450837E0	4.125206158E-1
1.160000000E0	4.515973871E0	4.227736698E-1
1.170000000E0	4.536053273E0	4.326799622E-1
1.180000000E0	4.554176177E0	4.429163660E-1
1.190000000E0	4.570645245E0	4.508197154E-1
1.200000000E0	4.585783729E0	4.591717553E-1
1.210000000E0	4.600481108E0	4.673961685E-1
1.220000000E0	4.612701424E0	4.747455632E-1
1.230000000E0	4.624983194E0	4.810753094E-1
1.240000000E0	4.636221232E0	4.865720196E-1
1.250000000E0	4.646656242E0	4.911733156E-1
1.260000000E0	4.655773596E0	4.965239167E-1
1.270000000E0	4.663998729E0	4.994102734E-1
1.280000000E0	4.670377533E0	5.034174979E-1
1.290000000E0	4.675522972E0	5.057610518E-1
1.300000000E0	4.680411401E0	5.085331385E-1
1.310000000E0	4.684548814E0	5.090380039E-1
1.320000000E0	4.687126890E0	5.108830915E-1
1.330000000E0	4.688109096E0	5.100596319E-1
1.340000000E0	4.687328456E0	5.091259568E-1
1.350000000E0	4.686499440E0	5.084659334E-1
1.360000000E0	4.685166677E0	5.074932975E-1
1.370000000E0	4.681786963E0	5.066527854E-1
1.380000000E0	4.677356927E0	5.034483403E-1
1.390000000E0	4.672249899E0	4.995681627E-1
1.400000000E0	4.664751208E0	4.960118688E-1
1.410000000E0	4.656486326E0	4.918781418E-1
1.420000000E0	4.648208448E0	4.871079339E-1
1.430000000E0	4.638393745E0	4.818916514E-1
1.440000000E0	4.627497684E0	4.757488535E-1
1.450000000E0	4.615058323E0	4.684295402E-1
1.460000000E0	4.601381208E0	4.611206303E-1
1.470000000E0	4.586082170E0	4.542972950E-1
1.480000000E0	4.571258962E0	4.461211088E-1
1.490000000E0	4.553987333E0	4.383912908E-1
1.500000000E0	4.536919013E0	4.300188112E-1
1.510000000E0	4.518610451E0	4.209609192E-1
1.520000000E0	4.499667825E0	4.121686437E-1
1.530000000E0	4.478744770E0	4.025486362E-1
1.540000000E0	4.457297354E0	3.922725668E-1
1.550000000E0	4.435111546E0	3.822996469E-1
1.560000000E0	4.412394804E0	3.724299947E-1
1.570000000E0	4.388002783E0	3.625369444E-1
1.580000000E0	4.362068052E0	3.524080493E-1
1.590000000E0	4.335485045E0	3.425211300E-1
1.600000000E0	4.308167126E0	3.326228847E-1
1.610000000E0	4.280189338E0	3.220342542E-1
1.620000000E0	4.250203298E0	3.116325737E-1
1.630000000E0	4.219901924E0	3.009539159E-1
1.640000000E0	4.188340212E0	2.904984532E-1
1.650000000E0	4.156920533E0	2.799632461E-1
1.660000000E0	4.123843347E0	2.700189858E-1
1.670000000E0	4.090161749E0	2.591418442E-1
1.680000000E0	4.056328683E0	2.475633047E-1
1.690000000E0	4.021514862E0	2.365108625E-1
1.700000000E0	3.986881928E0	2.253912939E-1
1.710000000E0	3.951133085E0	2.148113688E-1
1.720000000E0	3.914350685E0	2.042194114E-1
1.730000000E0	3.877796781E0	1.946288022E-1
1.740000000E0	3.839634012E0	1.858788752E-1
1.750000000E0	3.802607482E0	1.730099944E-1
1.760000000E0	3.764126215E0	1.623340162E-1
1.770000000E0	3.724745907E0	1.513739181E-1
1.780000000E0	3.684450978E0	1.413901328E-1
1.790000000E0	3.643372171E0	1.311936878E-1
1.800000000E0	3.601311535E0	1.213336453E-1
1.810000000E0	3.558556012E0	1.121162847E-1
1.820000000E0	3.515232720E0	1.035108127E-1
1.830000000E0	3.471973459E0	9.524880112E-2
1.840000000E0	3.428848338E0	8.759422578E-2
1.850000000E0	3.384653107E0	8.094182332E-2
1.860000000E0	3.339683109E0	7.462885861E-2
1.870000000E0	3.295279423E0	6.747868925E-2
1.880000000E0	3.249895836E0	6.206314730E-2
1.890000000E0	3.205235843E0	5.693761902E-2
1.900000000E0	3.159116819E0	5.237760225E-2
1.910000000E0	3.112914614E0	4.786196952E-2
1.920000000E0	3.065995211E0	4.548648766E-2
1.930000000E0	3.019809793E0	4.447781340E-2
1.940000000E0	2.972528311E0	4.639446346E-2
1.950000000E0	2.927576270E0	4.502462649E-2
1.960000000E0	2.881733137E0	4.318552204E-2
1.970000000E0	2.836660587E0	4.334661279E-2
1.980000000E0	2.790967532E0	4.256199284E-2
1.990000000E0	2.744452828E0	4.050733902E-2
2.000000000E0	2.700119508E0	4.042156539E-2
2.010000000E0	2.654253291E0	4.045350531E-2
2.020000000E0	2.609148474E0	4.045624255E-2
2.030000000E0	2.563421619E0	3.995792139E-2
2.040000000E0	2.518788879E0	3.887224901E-2
2.050000000E0	2.474150990E0	3.816869672E-2
2.060000000E0	2.429027748E0	3.835747253E-2
2.070000000E0	2.383402405E0	3.834416451E-2
2.080000000E0	2.338286368E0	3.905737961E-2
2.090000000E0	2.293378505E0	3.960335453E-2
2.100000000E0	2.248587520E0	4.000275774E-2
2.110000000E0	2.204637742E0	4.031006021E-2
2.120000000E0	2.158781946E0	4.072042285E-2
2.130000000E0	2.115031937E0	4.190856364E-2
2.140000000E0	2.071552214E0	4.667050159E-2
2.150000000E0	2.027945805E0	5.033653122E-2
2.160000000E0	1.984857299E0	5.003784433E-2
2.170000000E0	1.941424588E0	5.223988840E-2
2.180000000E0	1.898093232E0	5.628937718E-2
2.190000000E0	1.856465713E0	5.946993794E-2
2.200000000E0	1.813211344E0	6.322172389E-2
2.210000000E0	1.770707367E0	6.761254206E-2
2.220000000E0	1.729334971E0	7.228975399E-2
2.230000000E0	1.688829815E0	7.829743954E-2
2.240000000E0	1.647907225E0	8.297252569E-2
2.250000000E0	1.608638418E0	8.919359954E-2
2.260000000E0	1.568991300E0	9.431152478E-2
2.270000000E0	1.530271479E0	1.012158751E-1
2.280000000E0	1.492606815E0	1.082381187E-1
2.290000000E0	1.454750585E0	1.149326574E-1
2.300000000E0	1.418069820E0	1.225110161E-1
2.310000000E0	1.381257630E0	1.299330780E-1
2.320000000E0	1.345032298E0	1.369363948E-1
2.330000000E0	1.310754727E0	1.436740806E-1
2.340000000E0	1.276368126E0	1.510693896E-1
2.350000000E0	1.242138875E0	1.585107013E-1
2.360000000E0	1.209520516E0	1.664150523E-1
2.370000000E0	1.178634261E0	1.757224402E-1
2.380000000E0	1.146861453E0	1.850851630E-1
2.390000000E0	1.115785743E0	1.915421658E-1
2.400000000E0	1.086775984E0	1.984188350E-1
2.410000000E0	1.059878074E0	2.057639390E-1
2.420000000E0	1.031537285E0	2.118360140E-1
2.430000000E0	1.004485440E0	2.192947687E-1
2.440000000E0	9.770662353E-1	2.266932603E-1
2.450000000E0	9.514810277E-1	2.344968329E-1
2.460000000E0	9.250001619E-1	2.417959543E-1
2.470000000E0	8.994508503E-1	2.484718834E-1
2.480000000E0	8.758608321E-1	2.560877649E-1
2.490000000E0	8.524598568E-1	2.644376947E-1
2.500000000E0	8.316684953E-1	2.704499234E-1
2.510000000E0	8.107086928E-1	2.780930317E-1
2.520000000E0	7.899095123E-1	2.842617168E-1
2.530000000E0	7.702188047E-1	2.905496963E-1
2.540000000E0	7.510932968E-1	2.968567610E-1
2.550000000E0	7.344094311E-1	3.027233360E-1
2.560000000E0	7.168990267E-1	3.075250413E-1
2.570000000E0	7.005753606E-1	3.123498515E-1
2.580000000E0	6.860890163E-1	3.178642660E-1
2.590000000E0	6.717561401E-1	3.231368099E-1
2.600000000E0	6.588304056E-1	3.273717212E-1
2.610000000E0	6.470857540E-1	3.328161988E-1
2.620000000E0	6.358563817E-1	3.370967661E-1
2.630000000E0	6.261580869E-1	3.412541665E-1
2.640000000E0	6.170340309E-1	3.442897897E-1
2.650000000E0	6.090873502E-1	3.480148326E-1
2.660000000E0	6.012321720E-1	3.494755979E-1
2.670000000E0	5.946656335E-1	3.530348011E-1
2.680000000E0	5.883780374E-1	3.549360825E-1
2.690000000E0	5.845336804E-1	3.569835224E-1
2.700000000E0	5.814384023E-1	3.592359168E-1
2.710000000E0	5.784929061E-1	3.595567531E-1
2.720000000E0	5.769803540E-1	3.602106597E-1
2.730000000E0	5.769366383E-1	3.601883917E-1
2.740000000E0	5.774424981E-1	3.598976263E-1
2.750000000E0	5.788800026E-1	3.594807052E-1
2.760000000E0	5.815966040E-1	3.596205586E-1
2.770000000E0	5.852346478E-1	3.577360558E-1
2.780000000E0	5.883525349E-1	3.552463515E-1
2.790000000E0	5.942599261E-1	3.531820921E-1
2.800000000E0	5.997981273E-1	3.498360274E-1
2.810000000E0	6.085451372E-1	3.482609502E-1
2.820000000E0	6.160679115E-1	3.444031591E-1
2.830000000E0	6.258390360E-1	3.408537466E-1
2.840000000E0	6.359057931E-1	3.383349926E-1
2.850000000E0	6.468821850E-1	3.328672308E-1
2.860000000E0	6.581633278E-1	3.283557494E-1
2.870000000E0	6.720627367E-1	3.231526821E-1
2.880000000E0	6.855468804E-1	3.175944770E-1
2.890000000E0	7.005165279E-1	3.121087177E-1
2.900000000E0	7.165530871E-1	3.064420323E-1
2.910000000E0	7.327057911E-1	3.005868062E-1
2.920000000E0	7.505463845E-1	2.946107666E-1
2.930000000E0	7.691481475E-1	2.886600122E-1
2.940000000E0	7.896294689E-1	2.831606559E-1
2.950000000E0	8.098788588E-1	2.763858741E-1
2.960000000E0	8.306304265E-1	2.691261598E-1
2.970000000E0	8.530988535E-1	2.623655519E-1
2.980000000E0	8.752954555E-1	2.546431525E-1
2.990000000E0	8.976939680E-1	2.470302542E-1
3.000000000E0	9.219838750E-1	2.414651104E-1
3.010000000E0	9.456116008E-1	2.330473577E-1
3.020000000E0	9.708741188E-1	2.256260240E-1
3.030000000E0	9.964234254E-1	2.188497724E-1
3.040000000E0	1.023247542E0	2.115247886E-1
3.050000000E0	1.050720620E0	2.041555905E-1
3.060000000E0	1.077660487E0	1.968273887E-1
3.070000000E0	1.105955536E0	1.907497816E-1
3.080000000E0	1.135856304E0	1.864735702E-1
3.090000000E0	1.165238704E0	1.788824055E-1
3.100000000E0	1.194887380E0	1.676565010E-1
3.110000000E0	1.226406270E0	1.598592635E-1
3.120000000E0	1.258388374E0	1.519248724E-1
3.130000000E0	1.290733289E0	1.453083340E-1
3.140000000E0	1.323534188E0	1.381818537E-1
3.150000000E0	1.357166319E0	1.310472127E-1
3.160000000E0	1.390701884E0	1.244343746E-1
3.170000000E0	1.425277199E0	1.190419838E-1
3.180000000E0	1.460316870E0	1.112236642E-1
3.190000000E0	1.495386964E0	1.041979239E-1
3.200000000E0	1.530431027E0	9.850220774E-2
3.210000000E0	1.566808356E0	9.312361679E-2
3.220000000E0	1.602896545E0	8.700792653E-2
3.230000000E0	1.640358100E0	8.246986322E-2
3.240000000E0	1.677116242E0	7.730936246E-2
3.250000000E0	1.715485607E0	7.256160769E-2
3.260000000E0	1.753193857E0	6.742272838E-2
3.270000000E0	1.791329260E0	6.266930998E-2
3.280000000E0	1.829303774E0	5.899347272E-2
3.290000000E0	1.867227180E0	5.596238362E-2
3.300000000E0	1.907146536E0	5.257004847E-2
3.310000000E0	1.945598994E0	4.954250379E-2
3.320000000E0	1.984051088E0	4.859639246E-2
3.330000000E0	2.023455876E0	4.992351723E-2
3.340000000E0	2.063030836E0	4.701060288E-2
3.350000000E0	2.101878546E0	4.162181143E-2
3.360000000E0	2.141401213E0	4.017528779E-2
3.370000000E0	2.180249642E0	3.910540855E-2
3.380000000E0	2.220610563E0	3.844829155E-2
3.390000000E0	2.259601806E0	3.800770516E-2
3.400000000E0	2.299399888E0	3.678589498E-2
3.410000000E0	2.339230417E0	3.598061223E-2
3.420000000E0	2.378323934E0	3.532893357E-2
3.430000000E0	2.418003268E0	3.482680948E-2
3.440000000E0	2.457026783E0	3.515637731E-2
3.450000000E0	2.497755063E0	3.491408592E-2
3.460000000E0	2.536434965E0	3.563969052E-2
3.470000000E0	2.575296638E0	3.620614672E-2
3.480000000E0	2.613789018E0	3.601791729E-2
3.490000000E0	2.652938717E0	3.583560918E-2
3.500000000E0	2.691316748E0	3.626787845E-2
3.510000000E0	2.729076816E0	3.727919727E-2
3.520000000E0	2.766879346E0	3.726423590E-2
3.530000000E0	2.805528395E0	3.709941876E-2
3.540000000E0	2.843724064E0	3.643662812E-2
3.550000000E0	2.881493291E0	3.788252174E-2
3.560000000E0	2.919016905E0	4.099889266E-2
3.570000000E0	2.956931172E0	4.617963831E-2
3.580000000E0	2.994417280E0	4.608558316E-2
3.590000000E0	3.032877063E0	4.547671659E-2
3.600000000E0	3.070427111E0	4.744242893E-2
3.610000000E0	3.107815263E0	4.992355376E-2
3.620000000E0	3.143606116E0	5.391856957E-2
3.630000000E0	3.180075701E0	5.659611677E-2
3.640000000E0	3.216136023E0	6.072739878E-2
3.650000000E0	3.251518387E0	6.592991092E-2
3.660000000E0	3.286329491E0	7.096560797E-2
3.670000000E0	3.320683825E0	7.646805827E-2
3.680000000E0	3.354418565E0	8.067129739E-2
3.690000000E0	3.387740520E0	8.634661114E-2
3.700000000E0	3.420969516E0	9.228163913E-2
3.710000000E0	3.453763051E0	9.766332036E-2
3.720000000E0	3.485601930E0	1.033375978E-1
3.730000000E0	3.516743898E0	1.095031795E-1
3.740000000E0	3.547952290E0	1.154221395E-1
3.750000000E0	3.579126153E0	1.218633091E-1
3.760000000E0	3.610114779E0	1.294091083E-1
3.770000000E0	3.638804097E0	1.353648423E-1
3.780000000E0	3.668041147E0	1.416014339E-1
3.790000000E0	3.696017508E0	1.478682880E-1
3.800000000E0	3.722943069E0	1.541781208E-1
3.810000000E0	3.749358520E0	1.605402121E-1
3.820000000E0	3.775721785E0	1.675168364E-1
3.830000000E0	3.800537839E0	1.734942462E-1
3.840000000E0	3.824547058E0	1.810770700E-1
3.850000000E0	3.848606056E0	1.892131337E-1
3.860000000E0	3.872103010E0	1.945051606E-1
3.870000000E0	3.893933545E0	1.991900959E-1
3.880000000E0	3.915136714E0	2.052214103E-1
3.890000000E0	3.936034372E0	2.107101197E-1
3.900000000E0	3.956888964E0	2.162839474E-1
3.910000000E0	3.977572810E0	2.217722200E-1
3.920000000E0	3.996176601E0	2.275297888E-1
3.930000000E0	4.015083358E0	2.323484434E-1
3.940000000E0	4.032120718E0	2.377468867E-1
3.950000000E0	4.048344518E0	2.425537607E-1
3.960000000E0	4.063927276E0	2.477319828E-1
3.970000000E0	4.079358279E0	2.526941641E-1
3.980000000E0	4.094100454E0	2.573665730E-1
3.990000000E0	4.106765162E0	2.623569515E-1
4.000000000E0	4.120585430E0	2.669667884E-1
4.010000000E0	4.132690592E0	2.705675721E-1
4.020000000E0	4.143444946E0	2.744010469E-1
4.030000000E0	4.153955739E0	2.787651443E-1
4.040000000E0	4.163747499E0	2.810305855E-1
4.050000000E0	4.171561537E0	2.843709063E-1
4.060000000E0	4.180185220E0	2.863439830E-1
4.070000000E0	4.186215327E0	2.898601878E-1
4.080000000E0	4.192191309E0	2.915397822E-1
4.090000000E0	4.197083987E0	2.947456153E-1
4.100000000E0	4.201963864E0	2.960787727E-1
4.110000000E0	4.206378352E0	2.970267757E-1
4.120000000E0	4.208584509E0	2.979170706E-1
4.130000000E0	4.212179312E0	2.976009840E-1
4.140000000E0	4.213340318E0	2.975733857E-1
4.150000000E0	4.213644290E0	2.972157315E-1
4.160000000E0	4.213143137E0	2.967918982E-1
4.170000000E0	4.212516904E0	2.957950696E-1
4.180000000E0	4.211633201E0	2.953928711E-1
4.190000000E0	4.207891468E0	2.949216696E-1
4.200000000E0	4.203483992E0	2.939881473E-1
4.210000000E0	4.200835471E0	2.919861564E-1
4.220000000E0	4.195433419E0	2.902160485E-1
4.230000000E0	4.190246812E0	2.875363401E-1
4.240000000E0	4.181490699E0	2.850013721E-1
4.250000000E0	4.175038345E0	2.818401211E-1
4.260000000E0	4.165040659E0	2.793654813E-1
4.270000000E0	4.156024514E0	2.761237514E-1
4.280000000E0	4.147080114E0	2.708370397E-1
4.290000000E0	4.135662392E0	2.671039070E-1
4.300000000E0	4.125406769E0	2.635714230E-1
4.310000000E0	4.113580978E0	2.595302422E-1
4.320000000E0	4.100953008E0	2.548176481E-1
4.330000000E0	4.085578142E0	2.512288311E-1
4.340000000E0	4.070523249E0	2.470282592E-1
4.350000000E0	4.055520990E0	2.410616178E-1
4.360000000E0	4.040918288E0	2.364851437E-1
4.370000000E0	4.024896623E0	2.315692942E-1
4.380000000E0	4.007225569E0	2.265754789E-1
4.390000000E0	3.989158722E0	2.214921827E-1
4.400000000E0	3.970046094E0	2.160978985E-1
4.410000000E0	3.951308944E0	2.096906197E-1
4.420000000E0	3.931011943E0	2.042595050E-1
4.430000000E0	3.910138793E0	1.989227095E-1
4.440000000E0	3.888854387E0	1.946202546E-1
4.450000000E0	3.866930189E0	1.907124213E-1
4.460000000E0	3.844145139E0	1.855416863E-1
4.470000000E0	3.822421591E0	1.787731027E-1
4.480000000E0	3.798379701E0	1.699876858E-1
4.490000000E0	3.773909817E0	1.623574804E-1
4.500000000E0	3.749240343E0	1.565670091E-1
4.510000000E0	3.723569010E0	1.503516599E-1
4.520000000E0	3.696803531E0	1.457584380E-1
4.530000000E0	3.670236841E0	1.377835175E-1
4.540000000E0	3.643050914E0	1.309175912E-1
4.550000000E0	3.615398179E0	1.256717734E-1
4.560000000E0	3.586013858E0	1.191352743E-1
4.570000000E0	3.557200003E0	1.121344026E-1
4.580000000E0	3.526760297E0	1.068734653E-1
4.590000000E0	3.496277326E0	1.014020447E-1
4.600000000E0	3.466198839E0	9.665165751E-2
4.610000000E0	3.435230070E0	9.174162791E-2
4.620000000E0	3.403750478E0	8.674995464E-2
4.630000000E0	3.371715446E0	8.163203709E-2
4.640000000E0	3.339836331E0	7.679289659E-2
4.650000000E0	3.307604421E0	7.209796299E-2
4.660000000E0	3.275380834E0	6.729393630E-2
4.670000000E0	3.242541062E0	6.356446979E-2
4.680000000E0	3.208327172E0	5.902583924E-2
4.690000000E0	3.174799519E0	5.617563483E-2
4.700000000E0	3.142008521E0	5.398682561E-2
4.710000000E0	3.107049868E0	5.042171888E-2
4.720000000E0	3.072690542E0	4.905719035E-2
4.730000000E0	3.037713746E0	4.689583182E-2
4.740000000E0	3.003123598E0	4.673778192E-2
4.750000000E0	2.968331372E0	4.630873018E-2
4.760000000E0	2.934230067E0	4.547472317E-2
4.770000000E0	2.899416556E0	4.275367749E-2
4.780000000E0	2.865409004E0	4.193162617E-2
4.790000000E0	2.831165650E0	4.067897309E-2
4.800000000E0	2.796389428E0	3.996436087E-2
4.810000000E0	2.761435613E0	3.964661402E-2
4.820000000E0	2.727589626E0	3.965699083E-2
4.830000000E0	2.694003549E0	3.926562985E-2
4.840000000E0	2.659435278E0	3.917280289E-2
4.850000000E0	2.626255748E0	3.913394283E-2
4.860000000E0	2.591056027E0	3.830403814E-2
4.870000000E0	2.557282601E0	3.787286649E-2
4.880000000E0	2.522243253E0	3.848236189E-2
4.890000000E0	2.488323880E0	3.966697533E-2
4.900000000E0	2.454840473E0	3.935439070E-2
4.910000000E0	2.419684589E0	3.949813064E-2
4.920000000E0	2.386376174E0	3.966763104E-2
4.930000000E0	2.352098192E0	3.994294843E-2
4.940000000E0	2.317985901E0	4.047444401E-2
4.950000000E0	2.285111917E0	4.077683573E-2
4.960000000E0	2.252392439E0	4.124573585E-2
4.970000000E0	2.218687236E0	4.124560951E-2
4.980000000E0	2.185438806E0	4.197289401E-2
4.990000000E0	2.152596825E0	4.366222596E-2
5.000000000E0	2.120534226E0	4.532048176E-2
5.010000000E0	2.088584509E0	4.650742918E-2
5.020000000E0	2.057130360E0	5.016177541E-2
5.030000000E0	2.025631419E0	5.171818239E-2
5.040000000E0	1.993450600E0	5.091272246E-2
5.050000000E0	1.961393762E0	5.183853572E-2
5.060000000E0	1.930106417E0	5.556867287E-2
5.070000000E0	1.898490632E0	5.689844052E-2
5.080000000E0	1.867210453E0	5.796921612E-2
5.090000000E0	1.836786134E0	6.107465349E-2
5.100000000E0	1.806611034E0	6.332538866E-2
5.110000000E0	1.777001455E0	6.623426996E-2
5.120000000E0	1.747967322E0	6.968812099E-2
5.130000000E0	1.718024033E0	7.299465853E-2
5.140000000E0	1.689748874E0	7.717286145E-2
5.150000000E0	1.661982545E0	8.084885978E-2
5.160000000E0	1.633552599E0	8.311999068E-2
5.170000000E0	1.605602789E0	8.724309612E-2
5.180000000E0	1.578985183E0	9.191890782E-2
5.190000000E0	1.552147024E0	9.556267023E-2
5.200000000E0	1.525983663E0	9.908418357E-2
5.210000000E0	1.500367892E0	1.033177867E-1
5.220000000E0	1.475635877E0	1.087339003E-1
5.230000000E0	1.450857058E0	1.115035811E-1
5.240000000E0	1.427623135E0	1.156083345E-1
5.250000000E0	1.403344014E0	1.198125546E-1
5.260000000E0	1.381123165E0	1.246832354E-1
5.270000000E0	1.359709356E0	1.290694197E-1
5.280000000E0	1.338442027E0	1.342232040E-1
5.290000000E0	1.317375286E0	1.391160041E-1
5.300000000E0	1.296201151E0	1.427416255E-1
5.310000000E0	1.275432784E0	1.462581920E-1
5.320000000E0	1.257562510E0	1.512090202E-1
5.330000000E0	1.238691296E0	1.558617096E-1
5.340000000E0	1.221108366E0	1.605031646E-1
5.350000000E0	1.202514883E0	1.634137380E-1
5.360000000E0	1.186033800E0	1.682774631E-1
5.370000000E0	1.171996859E0	1.745758545E-1
5.380000000E0	1.158226786E0	1.798579642E-1
5.390000000E0	1.142788643E0	1.842033474E-1
5.400000000E0	1.128044202E0	1.879524330E-1
5.410000000E0	1.114878439E0	1.903955600E-1
5.420000000E0	1.100900563E0	1.911535544E-1
5.430000000E0	1.089128235E0	1.944071039E-1
5.440000000E0	1.078439831E0	1.976102917E-1
5.450000000E0	1.067763694E0	2.000612276E-1
5.460000000E0	1.057860322E0	2.025832452E-1
5.470000000E0	1.047704409E0	2.046333159E-1
5.480000000E0	1.040391750E0	2.089421396E-1
5.490000000E0	1.031066749E0	2.095491858E-1
5.500000000E0	1.024670996E0	2.127166903E-1
5.510000000E0	1.019224816E0	2.144520076E-1
5.520000000E0	1.013403266E0	2.164595513E-1
5.530000000E0	1.008540431E0	2.180503000E-1
5.540000000E0	1.003815145E0	2.178923734E-1
5.550000000E0	9.993047139E-1	2.173182779E-1
5.560000000E0	9.978555526E-1	2.201464762E-1
5.570000000E0	9.941704063E-1	2.200700877E-1
5.580000000E0	9.930092824E-1	2.212054580E-1
5.590000000E0	9.924497189E-1	2.214981761E-1
5.600000000E0	9.924788278E-1	2.215479355E-1
5.610000000E0	9.928205374E-1	2.213231256E-1
5.620000000E0	9.934098439E-1	2.211090377E-1
5.630000000E0	9.949081618E-1	2.203858219E-1
5.640000000E0	9.981086749E-1	2.205593751E-1
5.650000000E0	1.001134090E0	2.211654769E-1
5.660000000E0	1.005127603E0	2.188077645E-1
5.670000000E0	1.009644287E0	2.185046934E-1
5.680000000E0	1.014500552E0	2.170924770E-1
5.690000000E0	1.020272960E0	2.153299209E-1
5.700000000E0	1.026992492E0	2.134761749E-1
5.710000000E0	1.035189942E0	2.139615306E-1
5.720000000E0	1.041682603E0	2.103653328E-1
5.730000000E0	1.051256242E0	2.094330376E-1
5.740000000E0	1.059400641E0	2.077594802E-1
5.750000000E0	1.070511994E0	2.046081479E-1
5.760000000E0	1.081193936E0	2.013285360E-1
5.770000000E0	1.093627081E0	1.990385133E-1
5.780000000E0	1.104738562E0	1.950973816E-1
5.790000000E0	1.116634127E0	1.919212699E-1
5.800000000E0	1.129921835E0	1.905664570E-1
5.810000000E0	1.144512968E0	1.878217206E-1
5.820000000E0	1.158541767E0	1.841843072E-1
5.830000000E0	1.173523130E0	1.794268103E-1
5.840000000E0	1.189077278E0	1.745145684E-1
5.850000000E0	1.205180194E0	1.698177100E-1
5.860000000E0	1.222216719E0	1.665303629E-1
5.870000000E0	1.239504801E0	1.618746260E-1
5.880000000E0	1.257535996E0	1.583481735E-1
5.890000000E0	1.275717797E0	1.537942119E-1
5.900000000E0	1.295649633E0	1.495137629E-1
5.910000000E0	1.315100535E0	1.462337335E-1
5.920000000E0	1.335458087E0	1.411679067E-1
5.930000000E0	1.355995120E0	1.374846037E-1
5.940000000E0	1.376798880E0	1.324189856E-1
5.950000000E0	1.398268996E0	1.274121902E-1
5.960000000E0	1.420316468E0	1.228253884E-1
5.970000000E0	1.443246033E0	1.196841117E-1
5.980000000E0	1.466695853E0	1.150317376E-1
5.990000000E0	1.489798735E0	1.102761561E-1
6.000000000E0	1.514297479E0	1.080116596E-1
6.010000000E0	1.538140012E0	1.027681534E-1
6.020000000E0	1.562659256E0	9.895899641E-2
6.030000000E0	1.588231326E0	9.549159138E-2
6.040000000E0	1.614089833E0	9.194435104E-2
6.050000000E0	1.639268194E0	8.759016529E-2
6.060000000E0	1.664939127E0	8.316223524E-2
6.070000000E0	1.691204937E0	8.075027714E-2
6.080000000E0	1.717305862E0	7.755890666E-2
6.090000000E0	1.744483367E0	7.515420516E-2
6.100000000E0	1.771183701E0	7.185987459E-2
6.110000000E0	1.799109608E0	6.928931857E-2
6.120000000E0	1.827988000E0	6.600497509E-2
6.130000000E0	1.856037284E0	6.240501413E-2
6.140000000E0	1.883946890E0	6.006186781E-2
6.150000000E0	1.912378795E0	5.732534229E-2
6.160000000E0	1.940856531E0	5.549789544E-2
6.170000000E0	1.969993155E0	5.329621491E-2
6.180000000E0	1.999036567E0	5.103170301E-2
6.190000000E0	2.028425044E0	5.151318557E-2
6.200000000E0	2.058211327E0	4.995213296E-2
6.210000000E0	2.087635740E0	4.592703834E-2
6.220000000E0	2.116958906E0	4.454852508E-2
6.230000000E0	2.146860180E0	4.409985102E-2
6.240000000E0	2.175976367E0	4.267317385E-2
6.250000000E0	2.206021251E0	4.053938344E-2
6.260000000E0	2.236615872E0	3.998153463E-2
6.270000000E0	2.265992484E0	3.939868113E-2
6.280000000E0	2.296128043E0	3.900471452E-2
6.290000000E0	2.326506267E0	3.886724878E-2
6.300000000E0	2.355852652E0	3.846572694E-2
6.310000000E0	2.386289851E0	3.908921622E-2
6.320000000E0	2.415375545E0	3.912684139E-2
6.330000000E0	2.445364870E0	3.921609923E-2
6.340000000E0	2.475505358E0	3.946264462E-2
6.350000000E0	2.505137530E0	3.938855329E-2
6.360000000E0	2.535748707E0	3.963519228E-2
6.370000000E0	2.565396222E0	3.986425948E-2
6.380000000E0	2.595366458E0	3.986286653E-2
6.390000000E0	2.625129666E0	4.058063858E-2
6.400000000E0	2.654361430E0	4.015468553E-2
6.410000000E0	2.684080783E0	4.052095243E-2
6.420000000E0	2.712543115E0	4.065425253E-2
6.430000000E0	2.742489152E0	4.129171122E-2
6.440000000E0	2.770777231E0	4.087372307E-2
6.450000000E0	2.800165116E0	4.162929567E-2
6.460000000E0	2.828904689E0	4.137296689E-2
6.470000000E0	2.858291788E0	4.100736696E-2
6.480000000E0	2.887209328E0	4.256865603E-2
6.490000000E0	2.915144224E0	4.227974891E-2
6.500000000E0	2.943304060E0	4.591370401E-2
6.510000000E0	2.972349579E0	4.639491946E-2
6.520000000E0	3.000199504E0	4.614957795E-2
6.530000000E0	3.029036499E0	4.587655081E-2
6.540000000E0	3.057541255E0	4.701144306E-2
6.550000000E0	3.085138467E0	4.981435261E-2
6.560000000E0	3.114224710E0	5.113362755E-2
6.570000000E0	3.142006361E0	5.212580569E-2
6.580000000E0	3.168576138E0	5.498949057E-2
6.590000000E0	3.195430857E0	5.807140657E-2
6.600000000E0	3.221870288E0	6.080189522E-2
6.610000000E0	3.248195625E0	6.298453343E-2
6.620000000E0	3.274338625E0	6.635214274E-2
6.630000000E0	3.299288963E0	7.055935974E-2
6.640000000E0	3.323976333E0	7.405970510E-2
6.650000000E0	3.348373749E0	7.710536192E-2
6.660000000E0	3.371898497E0	8.173889037E-2
6.670000000E0	3.395695858E0	8.373700133E-2
6.680000000E0	3.419329462E0	8.846011121E-2
6.690000000E0	3.441396214E0	9.317406087E-2
6.700000000E0	3.462928394E0	9.755596837E-2
6.710000000E0	3.483940312E0	1.017120986E-1
6.720000000E0	3.505496718E0	1.063454720E-1
6.730000000E0	3.525773215E0	1.094769625E-1
6.740000000E0	3.546241518E0	1.141456915E-1
6.750000000E0	3.565199447E0	1.188967618E-1
6.760000000E0	3.583934206E0	1.226355115E-1
6.770000000E0	3.601830049E0	1.264174560E-1
6.780000000E0	3.619569322E0	1.301582039E-1
6.790000000E0	3.636936313E0	1.348549308E-1
6.800000000E0	3.653816887E0	1.382414736E-1
6.810000000E0	3.669770806E0	1.411099156E-1
6.820000000E0	3.685420023E0	1.450373277E-1
6.830000000E0	3.700649890E0	1.477548390E-1
6.840000000E0	3.713760648E0	1.517896974E-1
6.850000000E0	3.726891510E0	1.549698500E-1
6.860000000E0	3.740035112E0	1.580157552E-1
6.870000000E0	3.751666070E0	1.611718309E-1
6.880000000E0	3.762690071E0	1.630480801E-1
6.890000000E0	3.774411214E0	1.659910606E-1
6.900000000E0	3.784878230E0	1.683454059E-1
6.910000000E0	3.794135194E0	1.721989815E-1
6.920000000E0	3.803078347E0	1.735307125E-1
6.930000000E0	3.811279724E0	1.766781888E-1
6.940000000E0	3.819201750E0	1.792150729E-1
6.950000000E0	3.824910440E0	1.806581824E-1
6.960000000E0	3.831700129E0	1.833195654E-1
6.970000000E0	3.835602198E0	1.846070243E-1
6.980000000E0	3.840552040E0	1.856032661E-1
6.990000000E0	3.845677688E0	1.865389877E-1
7.000000000E0	3.849750904E0	1.892903860E-1
7.010000000E0	3.851761854E0	1.895842126E-1
7.020000000E0	3.854802910E0	1.901242454E-1
7.030000000E0	3.856201581E0	1.901772744E-1
7.040000000E0	3.856972104E0	1.901688286E-1
7.050000000E0	3.856999682E0	1.900626771E-1
7.060000000E0	3.856610471E0	1.899659525E-1
7.070000000E0	3.855833088E0	1.896957183E-1
7.080000000E0	3.854760471E0	1.897859576E-1
7.090000000E0	3.852604994E0	1.894111366E-1
7.100000000E0	3.849938085E0	1.892405177E-1
7.110000000E0	3.845954263E0	1.887394798E-1
7.120000000E0	3.841580546E0	1.878268001E-1
7.130000000E0	3.835790095E0	1.863982783E-1
7.140000000E0	3.830717964E0	1.844498501E-1
7.150000000E0	3.824273721E0	1.833421366E-1
7.160000000E0	3.818141512E0	1.817750622E-1
7.170000000E0	3.809605219E0	1.795991086E-1
7.180000000E0	3.802292482E0	1.779140727E-1
7.190000000E0	3.793116419E0	1.759680438E-1
7.200000000E0	3.783238064E0	1.726463381E-1
7.210000000E0	3.773813209E0	1.706909858E-1
7.220000000E0	3.764155712E0	1.681687651E-1
7.230000000E0	3.753472153E0	1.653306376E-1
7.240000000E0	3.741976888E0	1.621606835E-1
7.250000000E0	3.729871072E0	1.579395383E-1
7.260000000E0	3.716865041E0	1.554760018E-1
7.270000000E0	3.702688044E0	1.515573950E-1
7.280000000E0	3.688906564E0	1.475733630E-1
7.290000000E0	3.674444099E0	1.449836814E-1
7.300000000E0	3.659439785E0	1.412881091E-1
7.310000000E0	3.643366457E0	1.372329970E-1
7.320000000E0	3.627108135E0	1.335402215E-1
7.330000000E0	3.610332677E0	1.300467876E-1
7.340000000E0	3.592890009E0	1.253910018E-1
7.350000000E0	3.575279931E0	1.207511321E-1
7.360000000E0	3.556766190E0	1.167434883E-1
7.370000000E0	3.537370742E0	1.128547270E-1
7.380000000E0	3.518146794E0	1.090678716E-1
7.390000000E0	3.499137571E0	1.045905171E-1
7.400000000E0	3.478719698E0	1.012527099E-1
7.410000000E0	3.457365648E0	9.705329810E-2
7.420000000E0	3.435984914E0	9.316798261E-2
7.430000000E0	3.414512969E0	8.856012831E-2
7.440000000E0	3.392700542E0	8.599908298E-2
7.450000000E0	3.370591580E0	8.193900557E-2
7.460000000E0	3.348026145E0	7.740208075E-2
7.470000000E0	3.324626834E0	7.459320369E-2
7.480000000E0	3.301564965E0	7.053876365E-2
7.490000000E0	3.276882507E0	6.714655240E-2
7.500000000E0	3.253514374E0	6.501777856E-2
7.510000000E0	3.228471583E0	6.161010501E-2
7.520000000E0	3.204087839E0	5.898021433E-2
7.530000000E0	3.179448962E0	5.634762431E-2
7.540000000E0	3.153721728E0	5.410632915E-2
7.550000000E0	3.128168977E0	5.187063909E-2
7.560000000E0	3.102249600E0	5.005326257E-2
7.570000000E0	3.075517828E0	4.988436359E-2
7.580000000E0	3.050238520E0	4.759499436E-2
7.590000000E0	3.024799396E0	4.566738566E-2
7.600000000E0	2.998527651E0	4.595735535E-2
7.610000000E0	2.971941231E0	4.626736662E-2
7.620000000E0	2.945963961E0	4.594200896E-2
7.630000000E0	2.919925738E0	4.513176499E-2
7.640000000E0	2.893773405E0	4.521296808E-2
7.650000000E0	2.867381877E0	4.451858859E-2
7.660000000E0	2.841313685E0	4.470922496E-2
7.670000000E0	2.814929263E0	4.430912846E-2
7.680000000E0	2.788737209E0	4.497908224E-2
7.690000000E0	2.763903477E0	4.457078351E-2
7.700000000E0	2.738204721E0	4.473472680E-2
7.710000000E0	2.712179324E0	4.487642723E-2
7.720000000E0	2.686412122E0	4.488678379E-2
7.730000000E0	2.660791969E0	4.458204481E-2
7.740000000E0	2.635511917E0	4.465499371E-2
7.750000000E0	2.610273949E0	4.430040796E-2
7.760000000E0	2.584140619E0	4.377546765E-2
7.770000000E0	2.557986689E0	4.354298857E-2
7.780000000E0	2.531779136E0	4.339142814E-2
7.790000000E0	2.505933851E0	4.296265831E-2
7.800000000E0	2.480609021E0	4.396124667E-2
7.810000000E0	2.455044539E0	4.407144150E-2
7.820000000E0	2.429567226E0	4.441560411E-2
7.830000000E0	2.403394634E0	4.478286459E-2
7.840000000E0	2.377440053E0	4.482374948E-2
7.850000000E0	2.351519559E0	4.488332865E-2
7.860000000E0	2.326364236E0	4.519016748E-2
7.870000000E0	2.301768553E0	4.547027040E-2
7.880000000E0	2.275958614E0	4.553520025E-2
7.890000000E0	2.250737085E0	4.540759205E-2
7.900000000E0	2.225875606E0	4.638370518E-2
7.910000000E0	2.201183977E0	4.621343502E-2
7.920000000E0	2.175740889E0	4.619853110E-2
7.930000000E0	2.151004881E0	4.762128323E-2
7.940000000E0	2.127167222E0	4.729484940E-2
7.950000000E0	2.103460079E0	4.883286156E-2
7.960000000E0	2.079169778E0	5.036014637E-2
7.970000000E0	2.055357312E0	5.249703837E-2
7.980000000E0	2.031745306E0	5.258304357E-2
7.990000000E0	2.008705211E0	5.409737966E-2
8.000000000E0	1.984801502E0	5.565753191E-2
8.010000000E0	1.961424451E0	5.725015900E-2
8.020000000E0	1.939672413E0	5.917859684E-2
8.030000000E0	1.917087924E0	6.137098091E-2
8.040000000E0	1.894618254E0	6.175646243E-2
8.050000000E0	1.872265491E0	6.446270462E-2
8.060000000E0	1.850135544E0	6.693225084E-2
8.070000000E0	1.828560762E0	6.849494771E-2
8.080000000E0	1.807584334E0	7.116846743E-2
8.090000000E0	1.786498471E0	7.221646530E-2
8.100000000E0	1.766468972E0	7.476101044E-2
8.110000000E0	1.745274916E0	7.718606061E-2
8.120000000E0	1.726514240E0	8.092000324E-2
8.130000000E0	1.706614101E0	8.236573872E-2
8.140000000E0	1.686208409E0	8.325207297E-2
8.150000000E0	1.668784728E0	8.682716398E-2
8.160000000E0	1.649153134E0	8.801786719E-2
8.170000000E0	1.631970937E0	9.114343728E-2
8.180000000E0	1.614714108E0	9.380788116E-2
8.190000000E0	1.598424869E0	9.758292315E-2
8.200000000E0	1.581357778E0	9.989443075E-2
8.210000000E0	1.566774945E0	1.026725547E-1
8.220000000E0	1.551213803E0	1.043440274E-1
8.230000000E0	1.536065250E0	1.072319514E-1
8.240000000E0	1.520542268E0	1.092731149E-1
8.250000000E0	1.506955291E0	1.127707125E-1
8.260000000E0	1.493425964E0	1.147722676E-1
8.270000000E0	1.481380366E0	1.174440549E-1
8.280000000E0	1.468112782E0	1.193936873E-1
8.290000000E0	1.455776482E0	1.218038007E-1
8.300000000E0	1.444451465E0	1.240674376E-1
8.310000000E0	1.433168841E0	1.261009896E-1
8.320000000E0	1.423036909E0	1.284210039E-1
8.330000000E0	1.412735802E0	1.301473734E-1
8.340000000E0	1.402593029E0	1.319286638E-1
8.350000000E0	1.393002601E0	1.335913303E-1
8.360000000E0	1.383799065E0	1.352531975E-1
8.370000000E0	1.375841071E0	1.363925869E-1
8.380000000E0	1.368540367E0	1.379410742E-1
8.390000000E0	1.360811412E0	1.397594129E-1
8.400000000E0	1.354495340E0	1.412274941E-1
8.410000000E0	1.348482415E0	1.418586753E-1
8.420000000E0	1.342251383E0	1.426797199E-1
8.430000000E0	1.338204839E0	1.438822379E-1
8.440000000E0	1.333613081E0	1.443617296E-1
8.450000000E0	1.329038471E0	1.456188099E-1
8.460000000E0	1.326464960E0	1.465087064E-1
8.470000000E0	1.323161750E0	1.470179712E-1
8.480000000E0	1.321231474E0	1.474906256E-1
8.490000000E0	1.318904939E0	1.468551823E-1
8.500000000E0	1.317371542E0	1.470183700E-1
8.510000000E0	1.317049670E0	1.469753958E-1
8.520000000E0	1.316891932E0	1.466652890E-1
8.530000000E0	1.317125166E0	1.465839078E-1
8.540000000E0	1.317990472E0	1.464514041E-1
8.550000000E0	1.318962731E0	1.462265875E-1
8.560000000E0	1.321350526E0	1.463088589E-1
8.570000000E0	1.323545149E0	1.458583496E-1
8.580000000E0	1.326917840E0	1.450799440E-1
8.590000000E0	1.330195226E0	1.450066754E-1
8.600000000E0	1.334494170E0	1.446388128E-1
8.610000000E0	1.339160948E0	1.433549504E-1
8.620000000E0	1.344287294E0	1.413045550E-1
8.630000000E0	1.349892969E0	1.407173363E-1
8.640000000E0	1.356590415E0	1.396724918E-1
8.650000000E0	1.363510930E0	1.381540322E-1
8.660000000E0	1.371200263E0	1.362397483E-1
8.670000000E0	1.379073858E0	1.346322753E-1
8.680000000E0	1.387468968E0	1.327655179E-1
8.690000000E0	1.396985370E0	1.302438880E-1
8.700000000E0	1.406622016E0	1.294417435E-1
8.710000000E0	1.416694401E0	1.267863254E-1
8.720000000E0	1.427607151E0	1.246944032E-1
8.730000000E0	1.439064329E0	1.231290419E-1
8.740000000E0	1.449998740E0	1.210806348E-1
8.750000000E0	1.461683620E0	1.193968541E-1
8.760000000E0	1.473668207E0	1.164203829E-1
8.770000000E0	1.486635103E0	1.140180876E-1
8.780000000E0	1.499604693E0	1.115127450E-1
8.790000000E0	1.512991972E0	1.085573618E-1
8.800000000E0	1.526768891E0	1.056280422E-1
8.810000000E0	1.541206104E0	1.037964514E-1
8.820000000E0	1.556178003E0	1.013063091E-1
8.830000000E0	1.571777193E0	9.809384715E-2
8.840000000E0	1.587662330E0	9.555924197E-2
8.850000000E0	1.603820939E0	9.269137832E-2
8.860000000E0	1.620189478E0	9.091378794E-2
8.870000000E0	1.637008630E0	8.809156004E-2
8.880000000E0	1.653687393E0	8.506141537E-2
8.890000000E0	1.671791481E0	8.249131545E-2
8.900000000E0	1.689676477E0	8.060600617E-2
8.910000000E0	1.707908880E0	7.838352523E-2
8.920000000E0	1.726475026E0	7.641298516E-2
8.930000000E0	1.744824061E0	7.348857323E-2
8.940000000E0	1.763986108E0	7.154562923E-2
8.950000000E0	1.783603934E0	6.876223789E-2
8.960000000E0	1.803508631E0	6.660473763E-2
8.970000000E0	1.823177174E0	6.505426221E-2
8.980000000E0	1.844005195E0	6.236507724E-2
8.990000000E0	1.864213434E0	6.116280892E-2
9.000000000E0	1.885482814E0	5.988288561E-2
9.010000000E0	1.906725644E0	5.748688770E-2
9.020000000E0	1.928669881E0	5.590880135E-2
9.030000000E0	1.949823505E0	5.466643042E-2
9.040000000E0	1.971480210E0	5.451306902E-2
9.050000000E0	1.992945323E0	5.211498023E-2
9.060000000E0	2.014403488E0	5.135188613E-2
9.070000000E0	2.035835369E0	5.115592212E-2
9.080000000E0	2.057845045E0	5.045250927E-2
9.090000000E0	2.079733063E0	4.900283333E-2
9.100000000E0	2.102692171E0	4.716638822E-2
9.110000000E0	2.125377551E0	4.565318825E-2
9.120000000E0	2.147500551E0	4.540614470E-2
9.130000000E0	2.169432362E0	4.448819109E-2
9.140000000E0	2.191983093E0	4.412575329E-2
9.150000000E0	2.214183951E0	4.353502105E-2
9.160000000E0	2.237792055E0	4.357310088E-2
9.170000000E0	2.259817529E0	4.374317271E-2
9.180000000E0	2.282278962E0	4.350943726E-2
9.190000000E0	2.304477621E0	4.355899770E-2
9.200000000E0	2.327268080E0	4.375973235E-2
9.210000000E0	2.349821670E0	4.417743940E-2
9.220000000E0	2.372155082E0	4.467971012E-2
9.230000000E0	2.394911978E0	4.435824064E-2
9.240000000E0	2.417629172E0	4.445429141E-2
9.250000000E0	2.440324365E0	4.490533597E-2
9.260000000E0	2.462636119E0	4.493938955E-2
9.270000000E0	2.485277098E0	4.464722851E-2
9.280000000E0	2.508313800E0	4.504712984E-2
9.290000000E0	2.530865482E0	4.548374163E-2
9.300000000E0	2.552831147E0	4.533357999E-2
9.310000000E0	2.575143109E0	4.506805968E-2
9.320000000E0	2.598118438E0	4.494066992E-2
9.330000000E0	2.620751578E0	4.491762834E-2
9.340000000E0	2.642456769E0	4.521277700E-2
9.350000000E0	2.664486175E0	4.514525295E-2
9.360000000E0	2.686593416E0	4.500150896E-2
9.370000000E0	2.707646408E0	4.522888158E-2
9.380000000E0	2.728872892E0	4.539347450E-2
9.390000000E0	2.750796837E0	4.535509586E-2
9.400000000E0	2.771691212E0	4.530912470E-2
9.410000000E0	2.793048934E0	4.513384726E-2
9.420000000E0	2.813956196E0	4.547687360E-2
9.430000000E0	2.834911012E0	4.562638690E-2
9.440000000E0	2.856173385E0	4.547636186E-2
9.450000000E0	2.877510984E0	4.604591383E-2
9.460000000E0	2.898486837E0	4.587052265E-2
9.470000000E0	2.919603288E0	4.629081262E-2
9.480000000E0	2.941045779E0	4.711379992E-2
9.490000000E0	2.961920987E0	4.707198721E-2
9.500000000E0	2.983275955E0	4.721225487E-2
9.510000000E0	3.004450197E0	4.681336573E-2
9.520000000E0	3.025440996E0	4.708745620E-2
9.530000000E0	3.046977942E0	4.757190129E-2
9.540000000E0	3.068035266E0	4.865842490E-2
9.550000000E0	3.089267264E0	5.101270879E-2
9.560000000E0	3.110361348E0	5.150026740E-2
9.570000000E0	3.130830524E0	5.268573978E-2
9.580000000E0	3.149840194E0	5.491011165E-2
9.590000000E0	3.169190941E0	5.607222987E-2
9.600000000E0	3.188103767E0	5.696310875E-2
9.610000000E0	3.207187053E0	6.045012595E-2
9.620000000E0	3.226454528E0	6.181415997E-2
9.630000000E0	3.244595060E0	6.329260505E-2
9.640000000E0	3.261712271E0	6.550852565E-2
9.650000000E0	3.279894771E0	6.755892092E-2
9.660000000E0	3.296857924E0	7.059459522E-2
9.670000000E0	3.313412779E0	7.222516723E-2
9.680000000E0	3.329883879E0	7.435151911E-2
9.690000000E0	3.345357925E0	7.665027532E-2
9.700000000E0	3.361079379E0	7.834919433E-2
9.710000000E0	3.376301927E0	8.126936716E-2
9.720000000E0	3.390953872E0	8.321077789E-2
9.730000000E0	3.404863344E0	8.575699990E-2
9.740000000E0	3.419198734E0	8.784198018E-2
9.750000000E0	3.431682292E0	8.989477954E-2
9.760000000E0	3.445461673E0	9.273901609E-2
9.770000000E0	3.457489987E0	9.420420597E-2
9.780000000E0	3.468899563E0	9.727196596E-2
9.790000000E0	3.479966051E0	9.907071094E-2
9.800000000E0	3.490230033E0	1.015212637E-1
9.810000000E0	3.500260346E0	1.038783544E-1
9.820000000E0	3.510853063E0	1.056021987E-1
9.830000000E0	3.520597801E0	1.075765532E-1
