mass_A
t	x	y
0.000000000E0	-5.750891864E-4	1.378209717E-1
1.000000000E-2	-5.329170848E-4	1.379143618E-1
2.000000000E-2	-1.749579262E-4	1.377261606E-1
3.000000000E-2	2.542101726E-4	1.371535141E-1
4.000000000E-2	1.356698684E-3	1.364061152E-1
5.000000000E-2	2.667615372E-3	1.355658175E-1
6.000000000E-2	4.014437134E-3	1.344385052E-1
7.000000000E-2	5.852876667E-3	1.332934019E-1
8.000000000E-2	8.095615099E-3	1.321021645E-1
9.000000000E-2	1.052961092E-2	1.303806793E-1
1.000000000E-1	1.310934265E-2	1.284907189E-1
1.100000000E-1	1.607605847E-2	1.267875172E-1
1.200000000E-1	1.940329354E-2	1.244909252E-1
1.300000000E-1	2.277872860E-2	1.222716230E-1
1.400000000E-1	2.639917160E-2	1.197987698E-1
1.500000000E-1	3.031196422E-2	1.174200362E-1
1.600000000E-1	3.461926223E-2	1.145288010E-1
1.700000000E-1	3.920826811E-2	1.115542513E-1
1.800000000E-1	4.426917852E-2	1.088431362E-1
1.900000000E-1	4.955937891E-2	1.059248560E-1
2.000000000E-1	5.528377150E-2	1.026212336E-1
2.100000000E-1	6.109270258E-2	9.928731204E-2
2.200000000E-1	6.752547961E-2	9.590976242E-2
2.300000000E-1	7.423725855E-2	9.256310350E-2
2.400000000E-1	8.092653164E-2	8.924755233E-2
2.500000000E-1	8.778726156E-2	8.578335424E-2
2.600000000E-1	9.520580663E-2	8.242507395E-2
2.700000000E-1	1.025300593E-1	7.922113532E-2
2.800000000E-1	1.100150410E-1	7.583691828E-2
2.900000000E-1	1.175519317E-1	7.236885168E-2
3.000000000E-1	1.255011756E-1	6.927428754E-2
3.100000000E-1	1.336067060E-1	6.619982867E-2
3.200000000E-1	1.416355982E-1	6.305331957E-2
3.300000000E-1	1.500769416E-1	6.027779097E-2
3.400000000E-1	1.584672673E-1	5.724143185E-2
3.500000000E-1	1.670543947E-1	5.417522937E-2
3.600000000E-1	1.759154307E-1	5.125637152E-2
3.700000000E-1	1.854005443E-1	4.849680444E-2
3.800000000E-1	1.945998157E-1	4.554763516E-2
3.900000000E-1	2.041988783E-1	4.302652919E-2
4.000000000E-1	2.135072506E-1	3.989244038E-2
4.100000000E-1	2.231084200E-1	3.750399236E-2
4.200000000E-1	2.329349966E-1	3.527582194E-2
4.300000000E-1	2.428840724E-1	3.267307565E-2
4.400000000E-1	2.534375731E-1	3.046174785E-2
4.500000000E-1	2.636981720E-1	2.795780969E-2
4.600000000E-1	2.740889319E-1	2.551429796E-2
4.700000000E-1	2.845833425E-1	2.340115571E-2
4.800000000E-1	2.952698932E-1	2.126940238E-2
4.900000000E-1	3.061196764E-1	1.938223755E-2
5.000000000E-1	3.169271867E-1	1.766601502E-2
5.100000000E-1	3.279064687E-1	1.596202965E-2
5.200000000E-1	3.388495707E-1	1.423321655E-2
5.300000000E-1	3.498814134E-1	1.265325135E-2
5.400000000E-1	3.609707441E-1	1.122233308E-2
5.500000000E-1	3.720367576E-1	1.003498218E-2
5.600000000E-1	3.829506751E-1	8.982590217E-3
5.700000000E-1	3.940230854E-1	7.799460988E-3
5.800000000E-1	4.051176879E-1	7.056088253E-3
5.900000000E-1	4.163103892E-1	6.998507827E-3
6.000000000E-1	4.276781739E-1	6.012721566E-3
6.100000000E-1	4.394148115E-1	5.281350399E-3
6.200000000E-1	4.509771606E-1	4.716406772E-3
6.300000000E-1	4.622690602E-1	4.388411468E-3
6.400000000E-1	4.734195403E-1	4.093754817E-3
6.500000000E-1	4.845846129E-1	4.340448249E-3
6.600000000E-1	4.956895807E-1	4.241230390E-3
6.700000000E-1	5.069026199E-1	4.196051224E-3
6.800000000E-1	5.182314117E-1	4.333679441E-3
6.900000000E-1	5.294345832E-1	4.492085949E-3
7.000000000E-1	5.406292381E-1	4.675328262E-3
7.100000000E-1	5.519512655E-1	4.712185466E-3
7.200000000E-1	5.631438289E-1	4.630125516E-3
7.300000000E-1	5.743813622E-1	4.776637690E-3
7.400000000E-1	5.854138658E-1	4.701853956E-3
7.500000000E-1	5.962820637E-1	5.171650089E-3
7.600000000E-1	6.070830031E-1	5.770083878E-3
7.700000000E-1	6.176345607E-1	5.837371569E-3
7.800000000E-1	6.286893246E-1	6.076121763E-3
7.900000000E-1	6.396466449E-1	6.579018868E-3
8.000000000E-1	6.506082025E-1	7.718641012E-3
8.100000000E-1	6.613689109E-1	8.599072157E-3
8.200000000E-1	6.719793224E-1	9.941544906E-3
8.300000000E-1	6.825030892E-1	1.113895295E-2
8.400000000E-1	6.927683240E-1	1.254444873E-2
8.500000000E-1	7.029549123E-1	1.388296555E-2
8.600000000E-1	7.132403365E-1	1.573787113E-2
8.700000000E-1	7.231876127E-1	1.770274689E-2
8.800000000E-1	7.328957925E-1	1.957309605E-2
8.900000000E-1	7.424993852E-1	2.166563460E-2
9.000000000E-1	7.519351960E-1	2.361505875E-2
9.100000000E-1	7.610595919E-1	2.615024020E-2
9.200000000E-1	7.704029030E-1	2.835963343E-2
9.300000000E-1	7.793095572E-1	3.060233568E-2
9.400000000E-1	7.881054142E-1	3.300889991E-2
9.500000000E-1	7.965390853E-1	3.539515087E-2
9.600000000E-1	8.049569427E-1	3.749956440E-2
9.700000000E-1	8.132657174E-1	3.973733692E-2
9.800000000E-1	8.214583011E-1	4.219051319E-2
9.900000000E-1	8.296242642E-1	4.464246816E-2
1.000000000E0	8.369814475E-1	4.687897639E-2
1.010000000E0	8.445439353E-1	4.895951557E-2
1.020000000E0	8.518745320E-1	5.115099888E-2
1.030000000E0	8.589972657E-1	5.344913417E-2
1.040000000E0	8.658874780E-1	5.592193272E-2
1.050000000E0	8.724221113E-1	5.853745527E-2
1.060000000E0	8.789447903E-1	6.088585206E-2
1.070000000E0	8.853387024E-1	6.307510048E-2
1.080000000E0	8.915845754E-1	6.554839806E-2
1.090000000E0	8.975512615E-1	6.770271141E-2
1.100000000E0	9.030980914E-1	7.001770461E-2
1.110000000E0	9.085428875E-1	7.220459687E-2
1.120000000E0	9.138464885E-1	7.439158871E-2
1.130000000E0	9.186014260E-1	7.632177403E-2
1.140000000E0	9.232409827E-1	7.855680325E-2
1.150000000E0	9.274697725E-1	8.072666870E-2
1.160000000E0	9.315588312E-1	8.280762393E-2
1.170000000E0	9.350761669E-1	8.494140210E-2
1.180000000E0	9.386661958E-1	8.680137578E-2
1.190000000E0	9.417538578E-1	8.823324611E-2
1.200000000E0	9.448566625E-1	8.958367642E-2
1.210000000E0	9.477398361E-1	9.065810370E-2
1.220000000E0	9.503026087E-1	9.181173800E-2
1.230000000E0	9.525552147E-1	9.281730801E-2
1.240000000E0	9.547147666E-1	9.383135785E-2
1.250000000E0	9.567346340E-1	9.481627840E-2
1.260000000E0	9.581982795E-1	9.586251975E-2
1.270000000E0	9.599166723E-1	9.619238137E-2
1.280000000E0	9.612700834E-1	9.704273731E-2
1.290000000E0	9.624190902E-1	9.738339527E-2
1.300000000E0	9.630228556E-1	9.789810918E-2
1.310000000E0	9.636343686E-1	9.818850422E-2
1.320000000E0	9.642421225E-1	9.820127685E-2
1.330000000E0	9.645943076E-1	9.823118868E-2
1.340000000E0	9.645690145E-1	9.818059358E-2
1.350000000E0	9.644031833E-1	9.811203593E-2
1.360000000E0	9.636326800E-1	9.806478000E-2
1.370000000E0	9.631554324E-1	9.719179545E-2
1.380000000E0	9.622406900E-1	9.686678493E-2
1.390000000E0	9.611379298E-1	9.600554693E-2
1.400000000E0	9.598016654E-1	9.506549085E-2
1.410000000E0	9.580666022E-1	9.437215327E-2
1.420000000E0	9.560320310E-1	9.351347816E-2
1.430000000E0	9.538302190E-1	9.240521166E-2
1.440000000E0	9.514924308E-1	9.127990574E-2
1.450000000E0	9.491011359E-1	9.012527635E-2
1.460000000E0	9.462553655E-1	8.887891684E-2
1.470000000E0	9.434933958E-1	8.721412423E-2
1.480000000E0	9.403496035E-1	8.581431993E-2
1.490000000E0	9.370372448E-1	8.404367292E-2
1.500000000E0	9.335993380E-1	8.255453940E-2
1.510000000E0	9.296557144E-1	8.068800925E-2
1.520000000E0	9.258522893E-1	7.889965280E-2
1.530000000E0	9.216791222E-1	7.716017608E-2
1.540000000E0	9.172886342E-1	7.516885712E-2
1.550000000E0	9.127708423E-1	7.321691567E-2
1.560000000E0	9.081775233E-1	7.086667650E-2
1.570000000E0	9.029911249E-1	6.882783391E-2
1.580000000E0	8.976292089E-1	6.657420291E-2
1.590000000E0	8.920940158E-1	6.445634092E-2
1.600000000E0	8.863935200E-1	6.242437134E-2
1.610000000E0	8.804411543E-1	6.035901842E-2
1.620000000E0	8.743590013E-1	5.835532049E-2
1.630000000E0	8.678730153E-1	5.622347155E-2
1.640000000E0	8.612301516E-1	5.409352341E-2
1.650000000E0	8.545273778E-1	5.191432559E-2
1.660000000E0	8.477922852E-1	4.962923956E-2
1.670000000E0	8.408939719E-1	4.753737910E-2
1.680000000E0	8.337086773E-1	4.544343943E-2
1.690000000E0	8.264377102E-1	4.328828190E-2
1.700000000E0	8.192224914E-1	4.114265789E-2
1.710000000E0	8.118740536E-1	3.872225122E-2
1.720000000E0	8.042065165E-1	3.677548908E-2
1.730000000E0	7.963400884E-1	3.528822560E-2
1.740000000E0	7.884004707E-1	3.253172057E-2
1.750000000E0	7.805455257E-1	2.998749796E-2
1.760000000E0	7.725855000E-1	2.791167642E-2
1.770000000E0	7.641608576E-1	2.570288140E-2
1.780000000E0	7.555407470E-1	2.375271292E-2
1.790000000E0	7.472103348E-1	2.171801437E-2
1.800000000E0	7.385280259E-1	1.979036347E-2
1.810000000E0	7.298086902E-1	1.784676448E-2
1.820000000E0	7.209892172E-1	1.605644652E-2
1.830000000E0	7.121460280E-1	1.439445382E-2
1.840000000E0	7.031838371E-1	1.274342900E-2
1.850000000E0	6.939713345E-1	1.124641139E-2
1.860000000E0	6.848311676E-1	9.899141677E-3
1.870000000E0	6.756907709E-1	8.656951119E-3
1.880000000E0	6.661910344E-1	7.369704459E-3
1.890000000E0	6.568390743E-1	6.612792057E-3
1.900000000E0	6.473157236E-1	5.616670767E-3
1.910000000E0	6.375186040E-1	4.667834267E-3
1.920000000E0	6.277502217E-1	4.332254578E-3
1.930000000E0	6.181735396E-1	5.407609561E-3
1.940000000E0	6.087524594E-1	5.570959751E-3
1.950000000E0	5.997190422E-1	4.994350105E-3
1.960000000E0	5.907345051E-1	4.405193145E-3
1.970000000E0	5.813476014E-1	4.345346989E-3
1.980000000E0	5.720661322E-1	4.312084775E-3
1.990000000E0	5.626555810E-1	3.674217010E-3
2.000000000E0	5.532934052E-1	3.517732661E-3
2.010000000E0	5.437773846E-1	3.458973549E-3
2.020000000E0	5.341963126E-1	3.427629022E-3
2.030000000E0	5.248597567E-1	3.425985768E-3
2.040000000E0	5.151287634E-1	3.466718119E-3
2.050000000E0	5.056713404E-1	3.394834434E-3
2.060000000E0	4.963196629E-1	3.410193577E-3
2.070000000E0	4.871870945E-1	3.483478443E-3
2.080000000E0	4.779640381E-1	3.499215992E-3
2.090000000E0	4.688351319E-1	3.665634153E-3
2.100000000E0	4.597902954E-1	3.819325373E-3
2.110000000E0	4.504537666E-1	3.796151133E-3
2.120000000E0	4.412713508E-1	4.176351364E-3
2.130000000E0	4.320872184E-1	4.737924404E-3
2.140000000E0	4.232035817E-1	5.968027819E-3
2.150000000E0	4.140198305E-1	6.005586909E-3
2.160000000E0	4.049986621E-1	6.424529648E-3
2.170000000E0	3.961039521E-1	6.958758660E-3
2.180000000E0	3.871248610E-1	7.643828666E-3
2.190000000E0	3.784690686E-1	8.296658758E-3
2.200000000E0	3.697105557E-1	9.132072389E-3
2.210000000E0	3.611185131E-1	1.006034736E-2
2.220000000E0	3.527113403E-1	1.122479596E-2
2.230000000E0	3.444375966E-1	1.221049425E-2
2.240000000E0	3.361891964E-1	1.329130316E-2
2.250000000E0	3.279154347E-1	1.446155386E-2
2.260000000E0	3.200178900E-1	1.560230000E-2
2.270000000E0	3.120672740E-1	1.700138678E-2
2.280000000E0	3.041984399E-1	1.848398192E-2
2.290000000E0	2.965381881E-1	1.997297928E-2
2.300000000E0	2.888839961E-1	2.136132157E-2
2.310000000E0	2.814476042E-1	2.299608402E-2
2.320000000E0	2.738910605E-1	2.436962781E-2
2.330000000E0	2.667160124E-1	2.590516444E-2
2.340000000E0	2.596622265E-1	2.716184717E-2
2.350000000E0	2.527537701E-1	2.896803617E-2
2.360000000E0	2.460422668E-1	3.071584748E-2
2.370000000E0	2.395377868E-1	3.315691978E-2
2.380000000E0	2.333414016E-1	3.468109922E-2
2.390000000E0	2.267761348E-1	3.578345061E-2
2.400000000E0	2.208076353E-1	3.718942940E-2
2.410000000E0	2.148860325E-1	3.868534460E-2
2.420000000E0	2.088900598E-1	4.001388325E-2
2.430000000E0	2.032824743E-1	4.175392346E-2
2.440000000E0	1.977576380E-1	4.332184855E-2
2.450000000E0	1.923951293E-1	4.493201862E-2
2.460000000E0	1.870091152E-1	4.655419398E-2
2.470000000E0	1.820670218E-1	4.820900569E-2
2.480000000E0	1.770401004E-1	4.966497561E-2
2.490000000E0	1.723861934E-1	5.118094129E-2
2.500000000E0	1.679878334E-1	5.264401943E-2
2.510000000E0	1.635941499E-1	5.408774375E-2
2.520000000E0	1.593000614E-1	5.529316732E-2
2.530000000E0	1.555512064E-1	5.657346170E-2
2.540000000E0	1.517042902E-1	5.773573811E-2
2.550000000E0	1.482602651E-1	5.907692294E-2
2.560000000E0	1.449528482E-1	6.034979454E-2
2.570000000E0	1.417509082E-1	6.156307394E-2
2.580000000E0	1.390588346E-1	6.290984407E-2
2.590000000E0	1.362526545E-1	6.376408370E-2
2.600000000E0	1.338176284E-1	6.479976068E-2
2.610000000E0	1.315815152E-1	6.583450158E-2
2.620000000E0	1.294381482E-1	6.668434528E-2
2.630000000E0	1.274439454E-1	6.724383957E-2
2.640000000E0	1.259207593E-1	6.815421777E-2
2.650000000E0	1.243252269E-1	6.850154903E-2
2.660000000E0	1.229866913E-1	6.904629193E-2
2.670000000E0	1.218175076E-1	6.954172641E-2
2.680000000E0	1.208144191E-1	6.986208705E-2
2.690000000E0	1.204332977E-1	7.026371871E-2
2.700000000E0	1.196932443E-1	7.047803585E-2
2.710000000E0	1.194982798E-1	7.054246118E-2
2.720000000E0	1.194725036E-1	7.057201653E-2
2.730000000E0	1.195345609E-1	7.056520457E-2
2.740000000E0	1.197499448E-1	7.042367207E-2
2.750000000E0	1.204883310E-1	7.048369720E-2
2.760000000E0	1.209226505E-1	6.983378201E-2
2.770000000E0	1.218151744E-1	6.947398141E-2
2.780000000E0	1.229254946E-1	6.889998242E-2
2.790000000E0	1.242564918E-1	6.832400608E-2
2.800000000E0	1.258636324E-1	6.763460370E-2
2.810000000E0	1.275720224E-1	6.699803808E-2
2.820000000E0	1.294720212E-1	6.619469780E-2
2.830000000E0	1.316535612E-1	6.527913018E-2
2.840000000E0	1.339144801E-1	6.429646386E-2
2.850000000E0	1.363432620E-1	6.305374026E-2
2.860000000E0	1.392780359E-1	6.206910526E-2
2.870000000E0	1.421441914E-1	6.089430540E-2
2.880000000E0	1.453100817E-1	5.969407381E-2
2.890000000E0	1.487409964E-1	5.861938782E-2
2.900000000E0	1.524996922E-1	5.729308918E-2
2.910000000E0	1.560965865E-1	5.601124578E-2
2.920000000E0	1.602033628E-1	5.484343779E-2
2.930000000E0	1.643232184E-1	5.357740880E-2
2.940000000E0	1.687990653E-1	5.227487651E-2
2.950000000E0	1.733824610E-1	5.074388785E-2
2.960000000E0	1.779511884E-1	4.927757315E-2
2.970000000E0	1.826774760E-1	4.755933870E-2
2.980000000E0	1.877453696E-1	4.621954839E-2
2.990000000E0	1.927143988E-1	4.452134163E-2
3.000000000E0	1.979126357E-1	4.285287995E-2
3.010000000E0	2.032645475E-1	4.128761449E-2
3.020000000E0	2.088169685E-1	3.968487719E-2
3.030000000E0	2.144784054E-1	3.837285480E-2
3.040000000E0	2.200419081E-1	3.680076917E-2
3.050000000E0	2.260564716E-1	3.563027533E-2
3.060000000E0	2.321519241E-1	3.469778505E-2
3.070000000E0	2.384597527E-1	3.322112931E-2
3.080000000E0	2.447724083E-1	3.118310700E-2
3.090000000E0	2.512909587E-1	2.941684653E-2
3.100000000E0	2.581428467E-1	2.791343996E-2
3.110000000E0	2.649007722E-1	2.635097751E-2
3.120000000E0	2.717008916E-1	2.506588659E-2
3.130000000E0	2.788491097E-1	2.367414293E-2
3.140000000E0	2.859929657E-1	2.220777862E-2
3.150000000E0	2.934616283E-1	2.084541276E-2
3.160000000E0	3.008948433E-1	1.943618797E-2
3.170000000E0	3.082231973E-1	1.821800309E-2
3.180000000E0	3.157045029E-1	1.684251277E-2
3.190000000E0	3.233361735E-1	1.559501549E-2
3.200000000E0	3.310264277E-1	1.438600588E-2
3.210000000E0	3.387543233E-1	1.332578936E-2
3.220000000E0	3.464835044E-1	1.230173876E-2
3.230000000E0	3.541973850E-1	1.135288330E-2
3.240000000E0	3.619885794E-1	1.049246621E-2
3.250000000E0	3.699304105E-1	9.423065586E-3
3.260000000E0	3.780427562E-1	8.644574454E-3
3.270000000E0	3.861094534E-1	7.857070108E-3
3.280000000E0	3.941847246E-1	6.933962924E-3
3.290000000E0	4.025403382E-1	6.486603368E-3
3.300000000E0	4.105753979E-1	6.057984932E-3
3.310000000E0	4.189021739E-1	6.262371909E-3
3.320000000E0	4.271565481E-1	5.807401738E-3
3.330000000E0	4.355691230E-1	4.783173533E-3
3.340000000E0	4.438872412E-1	4.480697014E-3
3.350000000E0	4.522120849E-1	4.260707641E-3
3.360000000E0	4.604909424E-1	4.346728866E-3
3.370000000E0	4.686877440E-1	4.173810070E-3
3.380000000E0	4.766328708E-1	4.164340216E-3
3.390000000E0	4.850573463E-1	4.088202228E-3
3.400000000E0	4.931830732E-1	4.084545046E-3
3.410000000E0	5.016113669E-1	4.248895492E-3
3.420000000E0	5.097287901E-1	4.325340446E-3
3.430000000E0	5.181866464E-1	4.399149595E-3
3.440000000E0	5.263638243E-1	4.490389989E-3
3.450000000E0	5.348112129E-1	4.542254172E-3
3.460000000E0	5.429298571E-1	4.595942322E-3
3.470000000E0	5.512704146E-1	4.600682058E-3
3.480000000E0	5.592323814E-1	4.605067334E-3
3.490000000E0	5.672866966E-1	4.870233027E-3
3.500000000E0	5.753340541E-1	4.978384194E-3
3.510000000E0	5.832727983E-1	5.254578246E-3
3.520000000E0	5.911629011E-1	5.451043207E-3
3.530000000E0	5.990038975E-1	5.675604787E-3
3.540000000E0	6.068587985E-1	5.854002600E-3
3.550000000E0	6.146399982E-1	5.966669733E-3
3.560000000E0	6.227828890E-1	5.942580785E-3
3.570000000E0	6.307661643E-1	6.504361917E-3
3.580000000E0	6.387134280E-1	6.843223955E-3
3.590000000E0	6.466073462E-1	7.573239919E-3
3.600000000E0	6.542575183E-1	8.365360740E-3
3.610000000E0	6.618572603E-1	9.108892653E-3
3.620000000E0	6.694430152E-1	9.981656009E-3
3.630000000E0	6.769767958E-1	1.096252570E-2
3.640000000E0	6.844637661E-1	1.185163391E-2
3.650000000E0	6.915082502E-1	1.307281146E-2
3.660000000E0	6.987485215E-1	1.425553956E-2
3.670000000E0	7.057142964E-1	1.544471958E-2
3.680000000E0	7.125028067E-1	1.659060923E-2
3.690000000E0	7.194727408E-1	1.780945274E-2
3.700000000E0	7.259296175E-1	1.901290409E-2
3.710000000E0	7.325107403E-1	2.034155081E-2
3.720000000E0	7.389058881E-1	2.162096537E-2
3.730000000E0	7.453648789E-1	2.317575881E-2
3.740000000E0	7.518052116E-1	2.451244599E-2
3.750000000E0	7.578957644E-1	2.581627162E-2
3.760000000E0	7.639301155E-1	2.733749239E-2
3.770000000E0	7.696994143E-1	2.868667746E-2
3.780000000E0	7.752243874E-1	2.999926654E-2
3.790000000E0	7.807772618E-1	3.139666460E-2
3.800000000E0	7.861040215E-1	3.274778577E-2
3.810000000E0	7.913851242E-1	3.423707375E-2
3.820000000E0	7.963064023E-1	3.563495596E-2
3.830000000E0	8.012936111E-1	3.678551400E-2
3.840000000E0	8.059882202E-1	3.796996283E-2
3.850000000E0	8.104288744E-1	3.938825956E-2
3.860000000E0	8.148307319E-1	4.062848367E-2
3.870000000E0	8.191659268E-1	4.188120790E-2
3.880000000E0	8.234550573E-1	4.303162033E-2
3.890000000E0	8.272541421E-1	4.418718804E-2
3.900000000E0	8.312622178E-1	4.525518828E-2
3.910000000E0	8.347528330E-1	4.632611581E-2
3.920000000E0	8.381314171E-1	4.741721569E-2
3.930000000E0	8.414261025E-1	4.850881204E-2
3.940000000E0	8.446492171E-1	4.954481376E-2
3.950000000E0	8.477828845E-1	5.051251892E-2
3.960000000E0	8.508024675E-1	5.122060329E-2
3.970000000E0	8.534269666E-1	5.203168041E-2
3.980000000E0	8.558346719E-1	5.302525909E-2
3.990000000E0	8.581613304E-1	5.392987193E-2
4.000000000E0	8.602680610E-1	5.477005540E-2
4.010000000E0	8.622337321E-1	5.532680824E-2
4.020000000E0	8.643131853E-1	5.609442001E-2
4.030000000E0	8.658628761E-1	5.661568293E-2
4.040000000E0	8.675232009E-1	5.722938758E-2
4.050000000E0	8.688063391E-1	5.751043541E-2
4.060000000E0	8.699328187E-1	5.824962406E-2
4.070000000E0	8.709950564E-1	5.850827493E-2
4.080000000E0	8.719919701E-1	5.871329678E-2
4.090000000E0	8.724287657E-1	5.906638688E-2
4.100000000E0	8.730040984E-1	5.949917938E-2
4.110000000E0	8.732261316E-1	5.956836713E-2
4.120000000E0	8.732758177E-1	5.962767691E-2
4.130000000E0	8.732513020E-1	5.962498262E-2
4.140000000E0	8.731237388E-1	5.958024049E-2
4.150000000E0	8.726360331E-1	5.953717078E-2
4.160000000E0	8.721174751E-1	5.952821493E-2
4.170000000E0	8.711962561E-1	5.940767668E-2
4.180000000E0	8.702145645E-1	5.922667229E-2
4.190000000E0	8.690034923E-1	5.880658677E-2
4.200000000E0	8.677404198E-1	5.847431818E-2
4.210000000E0	8.664575459E-1	5.791047460E-2
4.220000000E0	8.647296268E-1	5.717124393E-2
4.230000000E0	8.631654984E-1	5.642369464E-2
4.240000000E0	8.611648339E-1	5.566607231E-2
4.250000000E0	8.590312957E-1	5.502830742E-2
4.260000000E0	8.568210456E-1	5.413413286E-2
4.270000000E0	8.544936697E-1	5.322325470E-2
4.280000000E0	8.521678276E-1	5.252307528E-2
4.290000000E0	8.494257581E-1	5.161453495E-2
4.300000000E0	8.466689845E-1	5.076725471E-2
4.310000000E0	8.435157539E-1	4.975156295E-2
4.320000000E0	8.403709527E-1	4.875423136E-2
4.330000000E0	8.370541727E-1	4.763006507E-2
4.340000000E0	8.336190993E-1	4.659515563E-2
4.350000000E0	8.302301189E-1	4.547801104E-2
4.360000000E0	8.264075302E-1	4.429019964E-2
4.370000000E0	8.226121879E-1	4.314099962E-2
4.380000000E0	8.189054125E-1	4.194646298E-2
4.390000000E0	8.147848908E-1	4.087872992E-2
4.400000000E0	8.105150691E-1	3.972168055E-2
4.410000000E0	8.061875912E-1	3.858103252E-2
4.420000000E0	8.016816772E-1	3.733546485E-2
4.430000000E0	7.970823719E-1	3.611749158E-2
4.440000000E0	7.924739860E-1	3.483958851E-2
4.450000000E0	7.874526293E-1	3.365401453E-2
4.460000000E0	7.825395901E-1	3.194991597E-2
4.470000000E0	7.772857350E-1	3.081441914E-2
4.480000000E0	7.719249540E-1	2.945872769E-2
4.490000000E0	7.663654390E-1	2.787441916E-2
4.500000000E0	7.607612850E-1	2.657886606E-2
4.510000000E0	7.550978543E-1	2.531158511E-2
4.520000000E0	7.491770896E-1	2.391987321E-2
4.530000000E0	7.430573490E-1	2.267080138E-2
4.540000000E0	7.368410097E-1	2.104384522E-2
4.550000000E0	7.308503734E-1	1.982092403E-2
4.560000000E0	7.244583350E-1	1.854469526E-2
4.570000000E0	7.179918533E-1	1.743731691E-2
4.580000000E0	7.114181000E-1	1.626145701E-2
4.590000000E0	7.049835689E-1	1.526767276E-2
4.600000000E0	6.982123655E-1	1.420935842E-2
4.610000000E0	6.914920727E-1	1.322153096E-2
4.620000000E0	6.847988698E-1	1.219006503E-2
4.630000000E0	6.780274577E-1	1.109125607E-2
4.640000000E0	6.710710217E-1	1.012454056E-2
4.650000000E0	6.640142006E-1	9.023808441E-3
4.660000000E0	6.570270010E-1	8.542366255E-3
4.670000000E0	6.497801587E-1	7.853735645E-3
4.680000000E0	6.427985321E-1	7.337608370E-3
4.690000000E0	6.351762871E-1	6.713300532E-3
4.700000000E0	6.277288086E-1	6.498003834E-3
4.710000000E0	6.205632034E-1	6.324969766E-3
4.720000000E0	6.131774205E-1	6.086228961E-3
4.730000000E0	6.057068182E-1	6.048144964E-3
4.740000000E0	5.987014022E-1	5.678393748E-3
4.750000000E0	5.915104950E-1	5.581879316E-3
4.760000000E0	5.843509815E-1	5.544035617E-3
4.770000000E0	5.772288021E-1	5.419513156E-3
4.780000000E0	5.699484710E-1	5.411339782E-3
4.790000000E0	5.626357640E-1	5.276710805E-3
4.800000000E0	5.555537228E-1	5.289041671E-3
4.810000000E0	5.482307337E-1	5.136188420E-3
4.820000000E0	5.410444419E-1	5.251347507E-3
4.830000000E0	5.338406089E-1	5.315230524E-3
4.840000000E0	5.264682770E-1	5.418126835E-3
4.850000000E0	5.192225786E-1	5.420634266E-3
4.860000000E0	5.118678320E-1	5.379847306E-3
4.870000000E0	5.046350793E-1	5.432085414E-3
4.880000000E0	4.975111405E-1	5.467412747E-3
4.890000000E0	4.904299809E-1	5.535319229E-3
4.900000000E0	4.832245631E-1	5.570994322E-3
4.910000000E0	4.763080865E-1	5.730122491E-3
4.920000000E0	4.691911310E-1	5.622635594E-3
4.930000000E0	4.622032667E-1	5.779150766E-3
4.940000000E0	4.553291641E-1	5.951718885E-3
4.950000000E0	4.480100303E-1	5.931734454E-3
4.960000000E0	4.411832556E-1	6.388329313E-3
4.970000000E0	4.343343107E-1	6.496488003E-3
4.980000000E0	4.272786203E-1	6.758702026E-3
4.990000000E0	4.203771450E-1	7.285519928E-3
5.000000000E0	4.135922678E-1	7.874372144E-3
5.010000000E0	4.068803212E-1	8.439381272E-3
5.020000000E0	4.001763727E-1	8.950942884E-3
5.030000000E0	3.934947434E-1	9.261050456E-3
5.040000000E0	3.869342416E-1	9.945309028E-3
5.050000000E0	3.804357166E-1	1.043476097E-2
5.060000000E0	3.739767311E-1	1.105828632E-2
5.070000000E0	3.675476214E-1	1.167784159E-2
5.080000000E0	3.611025141E-1	1.229280852E-2
5.090000000E0	3.550815486E-1	1.329580527E-2
5.100000000E0	3.489015518E-1	1.405553817E-2
5.110000000E0	3.430490602E-1	1.508422846E-2
5.120000000E0	3.368348316E-1	1.559279839E-2
5.130000000E0	3.310622886E-1	1.658300348E-2
5.140000000E0	3.253963576E-1	1.754988224E-2
5.150000000E0	3.198185310E-1	1.843028406E-2
5.160000000E0	3.142769722E-1	1.949620062E-2
5.170000000E0	3.087026660E-1	2.043896941E-2
5.180000000E0	3.033929110E-1	2.112139898E-2
5.190000000E0	2.980268174E-1	2.215901975E-2
5.200000000E0	2.927052180E-1	2.308139331E-2
5.210000000E0	2.877509870E-1	2.430480936E-2
5.220000000E0	2.827239753E-1	2.508596184E-2
5.230000000E0	2.779820062E-1	2.629393106E-2
5.240000000E0	2.730370844E-1	2.685926468E-2
5.250000000E0	2.683215767E-1	2.777461517E-2
5.260000000E0	2.638768074E-1	2.879140539E-2
5.270000000E0	2.595015002E-1	2.980763399E-2
5.280000000E0	2.553307219E-1	3.079176212E-2
5.290000000E0	2.513756353E-1	3.185027528E-2
5.300000000E0	2.474911496E-1	3.276367003E-2
5.310000000E0	2.437949669E-1	3.388270085E-2
5.320000000E0	2.403869941E-1	3.455209690E-2
5.330000000E0	2.370694747E-1	3.547901966E-2
5.340000000E0	2.338892476E-1	3.637821290E-2
5.350000000E0	2.307205598E-1	3.716401108E-2
5.360000000E0	2.275174334E-1	3.768226418E-2
5.370000000E0	2.249325577E-1	3.864030301E-2
5.380000000E0	2.220606264E-1	3.930236203E-2
5.390000000E0	2.194779642E-1	4.014799872E-2
5.400000000E0	2.167699668E-1	4.025626723E-2
5.410000000E0	2.143294425E-1	4.083831994E-2
5.420000000E0	2.122979247E-1	4.142206840E-2
5.430000000E0	2.100031742E-1	4.200784828E-2
5.440000000E0	2.079029550E-1	4.216455709E-2
5.450000000E0	2.063658962E-1	4.301028194E-2
5.460000000E0	2.044454767E-1	4.311744871E-2
5.470000000E0	2.031463575E-1	4.379992248E-2
5.480000000E0	2.016721070E-1	4.428514441E-2
5.490000000E0	2.003293402E-1	4.411108107E-2
5.500000000E0	1.990505912E-1	4.433730827E-2
5.510000000E0	1.980612013E-1	4.448667349E-2
5.520000000E0	1.975882003E-1	4.509888160E-2
5.530000000E0	1.967407896E-1	4.510956855E-2
5.540000000E0	1.964293460E-1	4.538517020E-2
5.550000000E0	1.958868460E-1	4.521805299E-2
5.560000000E0	1.955927376E-1	4.532593301E-2
5.570000000E0	1.956106432E-1	4.532704394E-2
5.580000000E0	1.956265576E-1	4.525394086E-2
5.590000000E0	1.957916166E-1	4.518142890E-2
5.600000000E0	1.963786987E-1	4.530622112E-2
5.610000000E0	1.968031439E-1	4.499276345E-2
5.620000000E0	1.977173593E-1	4.496279467E-2
5.630000000E0	1.987076432E-1	4.510532996E-2
5.640000000E0	1.997720159E-1	4.481319713E-2
5.650000000E0	2.008857112E-1	4.441508533E-2
5.660000000E0	2.021244832E-1	4.406122120E-2
5.670000000E0	2.033776525E-1	4.322092782E-2
5.680000000E0	2.051277324E-1	4.313820930E-2
5.690000000E0	2.066737352E-1	4.224548422E-2
5.700000000E0	2.087436259E-1	4.192601750E-2
5.710000000E0	2.108756397E-1	4.156812871E-2
5.720000000E0	2.128585740E-1	4.104161809E-2
5.730000000E0	2.153038512E-1	4.041721632E-2
5.740000000E0	2.176075675E-1	3.972353635E-2
5.750000000E0	2.198716403E-1	3.884456487E-2
5.760000000E0	2.228856615E-1	3.847907110E-2
5.770000000E0	2.254184094E-1	3.762129221E-2
5.780000000E0	2.285559854E-1	3.714238016E-2
5.790000000E0	2.316168965E-1	3.640373734E-2
5.800000000E0	2.348577227E-1	3.558604940E-2
5.810000000E0	2.383189194E-1	3.461696650E-2
5.820000000E0	2.417876376E-1	3.379577625E-2
5.830000000E0	2.451644801E-1	3.301490252E-2
5.840000000E0	2.487328246E-1	3.197997869E-2
5.850000000E0	2.527588161E-1	3.112843733E-2
5.860000000E0	2.567820323E-1	3.015842713E-2
5.870000000E0	2.607398857E-1	2.890114797E-2
5.880000000E0	2.649969284E-1	2.818017531E-2
5.890000000E0	2.693841159E-1	2.691433070E-2
5.900000000E0	2.738653834E-1	2.603016292E-2
5.910000000E0	2.783902953E-1	2.520875283E-2
5.920000000E0	2.830365504E-1	2.433608557E-2
5.930000000E0	2.878875403E-1	2.348947461E-2
5.940000000E0	2.926701277E-1	2.235273801E-2
5.950000000E0	2.979267215E-1	2.173795107E-2
5.960000000E0	3.029640483E-1	2.067431544E-2
5.970000000E0	3.080353538E-1	1.983490280E-2
5.980000000E0	3.134139550E-1	1.893692390E-2
5.990000000E0	3.188108192E-1	1.799915177E-2
6.000000000E0	3.243358540E-1	1.720179896E-2
6.010000000E0	3.298861137E-1	1.654232571E-2
6.020000000E0	3.354126476E-1	1.566273360E-2
6.030000000E0	3.409964846E-1	1.501449454E-2
6.040000000E0	3.466453509E-1	1.435130819E-2
6.050000000E0	3.523250442E-1	1.362979868E-2
6.060000000E0	3.582494112E-1	1.297453644E-2
6.070000000E0	3.641342232E-1	1.218931699E-2
6.080000000E0	3.699228722E-1	1.143523129E-2
6.090000000E0	3.761351225E-1	1.091340635E-2
6.100000000E0	3.819810047E-1	1.019073094E-2
6.110000000E0	3.882783568E-1	9.753650048E-3
6.120000000E0	3.943816922E-1	9.067880765E-3
6.130000000E0	4.005485362E-1	8.654613205E-3
6.140000000E0	4.068626042E-1	8.226836528E-3
6.150000000E0	4.133815715E-1	7.843587854E-3
6.160000000E0	4.196566026E-1	7.611974123E-3
6.170000000E0	4.259034221E-1	7.138892883E-3
6.180000000E0	4.323673535E-1	6.771840249E-3
6.190000000E0	4.389091992E-1	6.571881703E-3
6.200000000E0	4.452398426E-1	6.420932684E-3
6.210000000E0	4.516327557E-1	6.220815002E-3
6.220000000E0	4.578362291E-1	6.273533065E-3
6.230000000E0	4.642640245E-1	6.156022082E-3
6.240000000E0	4.706887656E-1	6.216365614E-3
6.250000000E0	4.768719820E-1	5.981803705E-3
6.260000000E0	4.831654441E-1	5.827229409E-3
6.270000000E0	4.896097352E-1	5.509994879E-3
6.280000000E0	4.960628771E-1	5.445953349E-3
6.290000000E0	5.024776901E-1	5.445033368E-3
6.300000000E0	5.088856014E-1	5.516991077E-3
6.310000000E0	5.151312037E-1	5.478541870E-3
6.320000000E0	5.216306610E-1	5.480173971E-3
6.330000000E0	5.281285903E-1	5.541313490E-3
6.340000000E0	5.346064039E-1	5.544411928E-3
6.350000000E0	5.408505604E-1	5.525901962E-3
6.360000000E0	5.470908177E-1	5.536793907E-3
6.370000000E0	5.535482168E-1	5.525503929E-3
6.380000000E0	5.597488819E-1	5.666416991E-3
6.390000000E0	5.659393957E-1	5.705444706E-3
6.400000000E0	5.722382088E-1	5.666328460E-3
6.410000000E0	5.782935929E-1	5.725063200E-3
6.420000000E0	5.843329711E-1	5.796449241E-3
6.430000000E0	5.901465677E-1	5.707425007E-3
6.440000000E0	5.962773673E-1	5.780536278E-3
6.450000000E0	6.022379791E-1	5.958952625E-3
6.460000000E0	6.084331141E-1	5.911260158E-3
6.470000000E0	6.143774578E-1	5.885919829E-3
6.480000000E0	6.206560926E-1	6.551153697E-3
6.490000000E0	6.264946074E-1	6.696770418E-3
6.500000000E0	6.326798757E-1	6.841692554E-3
6.510000000E0	6.386500414E-1	7.085000645E-3
6.520000000E0	6.447747281E-1	7.548875491E-3
6.530000000E0	6.506130621E-1	8.031476020E-3
6.540000000E0	6.562386956E-1	8.690686338E-3
6.550000000E0	6.618803281E-1	9.234579727E-3
6.560000000E0	6.673883454E-1	9.688804368E-3
6.570000000E0	6.728214905E-1	1.034607586E-2
6.580000000E0	6.782185959E-1	1.109774341E-2
6.590000000E0	6.836352501E-1	1.188688079E-2
6.600000000E0	6.889440614E-1	1.269988547E-2
6.610000000E0	6.939668508E-1	1.332646044E-2
6.620000000E0	6.990519904E-1	1.422958174E-2
6.630000000E0	7.038380462E-1	1.493624446E-2
6.640000000E0	7.087768371E-1	1.551249175E-2
6.650000000E0	7.134268329E-1	1.649459163E-2
6.660000000E0	7.180135086E-1	1.727223103E-2
6.670000000E0	7.226226986E-1	1.794752782E-2
6.680000000E0	7.268777832E-1	1.880432861E-2
6.690000000E0	7.312179991E-1	1.978201184E-2
6.700000000E0	7.354829387E-1	2.057591459E-2
6.710000000E0	7.398012559E-1	2.150924871E-2
6.720000000E0	7.435966077E-1	2.231555570E-2
6.730000000E0	7.474476877E-1	2.318872992E-2
6.740000000E0	7.510420747E-1	2.418798812E-2
6.750000000E0	7.546459773E-1	2.509148030E-2
6.760000000E0	7.582600741E-1	2.593311375E-2
6.770000000E0	7.617242487E-1	2.659054530E-2
6.780000000E0	7.650450195E-1	2.737295256E-2
6.790000000E0	7.680894870E-1	2.815985430E-2
6.800000000E0	7.708877610E-1	2.875971471E-2
6.810000000E0	7.738645846E-1	2.955990930E-2
6.820000000E0	7.764273875E-1	3.009208461E-2
6.830000000E0	7.790045571E-1	3.076774013E-2
6.840000000E0	7.815387469E-1	3.142307856E-2
6.850000000E0	7.838224712E-1	3.197157086E-2
6.860000000E0	7.859968482E-1	3.243432628E-2
6.870000000E0	7.878650819E-1	3.311929778E-2
6.880000000E0	7.896909145E-1	3.365754821E-2
6.890000000E0	7.914100343E-1	3.404720315E-2
6.900000000E0	7.928461952E-1	3.444898740E-2
6.910000000E0	7.941288137E-1	3.483182757E-2
6.920000000E0	7.953032775E-1	3.534412989E-2
6.930000000E0	7.963196121E-1	3.558320475E-2
6.940000000E0	7.972652967E-1	3.576758879E-2
6.950000000E0	7.981052987E-1	3.593939120E-2
6.960000000E0	7.987963284E-1	3.637001524E-2
6.970000000E0	7.993045899E-1	3.646297184E-2
6.980000000E0	7.995256606E-1	3.649620330E-2
6.990000000E0	7.998276791E-1	3.653002789E-2
7.000000000E0	7.999315578E-1	3.651316310E-2
7.010000000E0	8.002496391E-1	3.649221021E-2
7.020000000E0	8.001339880E-1	3.647484978E-2
7.030000000E0	7.997742778E-1	3.653815824E-2
7.040000000E0	7.993602519E-1	3.645085898E-2
7.050000000E0	7.988977811E-1	3.631631350E-2
7.060000000E0	7.982668829E-1	3.621293784E-2
7.070000000E0	7.973342019E-1	3.615891295E-2
7.080000000E0	7.962754998E-1	3.600964917E-2
7.090000000E0	7.952974762E-1	3.561224004E-2
7.100000000E0	7.939959650E-1	3.531457626E-2
7.110000000E0	7.926805140E-1	3.501226350E-2
7.120000000E0	7.913317122E-1	3.431993505E-2
7.130000000E0	7.895487016E-1	3.412558167E-2
7.140000000E0	7.877869324E-1	3.338628650E-2
7.150000000E0	7.857333132E-1	3.297551919E-2
7.160000000E0	7.838587399E-1	3.224459766E-2
7.170000000E0	7.816937549E-1	3.181411965E-2
7.180000000E0	7.794104160E-1	3.106056421E-2
7.190000000E0	7.769339930E-1	3.052512437E-2
7.200000000E0	7.741811425E-1	2.985659368E-2
7.210000000E0	7.715661420E-1	2.915677293E-2
7.220000000E0	7.685845196E-1	2.848412226E-2
7.230000000E0	7.654081916E-1	2.767297297E-2
7.240000000E0	7.621123746E-1	2.681100604E-2
7.250000000E0	7.588213129E-1	2.601049192E-2
7.260000000E0	7.553602344E-1	2.541083975E-2
7.270000000E0	7.519213592E-1	2.448360035E-2
7.280000000E0	7.483417608E-1	2.372979661E-2
7.290000000E0	7.444221072E-1	2.270755963E-2
7.300000000E0	7.406906119E-1	2.199223233E-2
7.310000000E0	7.366620664E-1	2.106980653E-2
7.320000000E0	7.325153880E-1	2.011122767E-2
7.330000000E0	7.283040277E-1	1.925527931E-2
7.340000000E0	7.243315023E-1	1.849390153E-2
7.350000000E0	7.199414413E-1	1.770704207E-2
7.360000000E0	7.155538353E-1	1.679248856E-2
7.370000000E0	7.111175235E-1	1.608416265E-2
7.380000000E0	7.066591835E-1	1.546682123E-2
7.390000000E0	7.020709092E-1	1.450540902E-2
7.400000000E0	6.972458713E-1	1.375005286E-2
7.410000000E0	6.924331633E-1	1.303622036E-2
7.420000000E0	6.874923077E-1	1.222815326E-2
7.430000000E0	6.825286320E-1	1.145403530E-2
7.440000000E0	6.773327564E-1	1.081281118E-2
7.450000000E0	6.723119553E-1	1.000726421E-2
7.460000000E0	6.671568036E-1	9.253088005E-3
7.470000000E0	6.617496504E-1	8.864387057E-3
7.480000000E0	6.563284906E-1	8.330815829E-3
7.490000000E0	6.508703299E-1	7.755119453E-3
7.500000000E0	6.454018808E-1	7.287905518E-3
7.510000000E0	6.396947036E-1	6.829456186E-3
7.520000000E0	6.340931594E-1	6.551390494E-3
7.530000000E0	6.286087867E-1	6.342539702E-3
7.540000000E0	6.229916948E-1	6.177166474E-3
7.550000000E0	6.175457271E-1	6.213051999E-3
7.560000000E0	6.119473421E-1	6.149548713E-3
7.570000000E0	6.064619221E-1	5.958432242E-3
7.580000000E0	6.009315781E-1	5.737840101E-3
7.590000000E0	5.955016428E-1	5.778774327E-3
7.600000000E0	5.900173733E-1	5.588991057E-3
7.610000000E0	5.845299190E-1	5.546507917E-3
7.620000000E0	5.790432917E-1	5.507959652E-3
7.630000000E0	5.735113070E-1	5.446764061E-3
7.640000000E0	5.680550728E-1	5.410206266E-3
7.650000000E0	5.625416288E-1	5.365751628E-3
7.660000000E0	5.570019474E-1	5.124686834E-3
7.670000000E0	5.514629272E-1	5.098831085E-3
7.680000000E0	5.459676365E-1	5.295027223E-3
7.690000000E0	5.404053997E-1	5.379008188E-3
7.700000000E0	5.349041518E-1	5.419532677E-3
7.710000000E0	5.293717954E-1	5.391528750E-3
7.720000000E0	5.237827532E-1	5.404217045E-3
7.730000000E0	5.182364604E-1	5.271949276E-3
7.740000000E0	5.127438995E-1	5.300009772E-3
7.750000000E0	5.072358707E-1	5.358965006E-3
7.760000000E0	5.017725064E-1	5.479289356E-3
7.770000000E0	4.962808528E-1	5.485297661E-3
7.780000000E0	4.908136697E-1	5.531765805E-3
7.790000000E0	4.853053721E-1	5.553271808E-3
7.800000000E0	4.798794740E-1	5.577551178E-3
7.810000000E0	4.744106934E-1	5.653577939E-3
7.820000000E0	4.690332242E-1	5.673275130E-3
7.830000000E0	4.636751048E-1	5.686709182E-3
7.840000000E0	4.584877260E-1	5.885085130E-3
7.850000000E0	4.533069854E-1	5.797567071E-3
7.860000000E0	4.478347880E-1	5.928504700E-3
7.870000000E0	4.425526937E-1	5.898566221E-3
7.880000000E0	4.372183663E-1	5.942100347E-3
7.890000000E0	4.321251093E-1	6.193164989E-3
7.900000000E0	4.269234995E-1	6.595634859E-3
7.910000000E0	4.216113248E-1	6.935801908E-3
7.920000000E0	4.166004585E-1	7.187516714E-3
7.930000000E0	4.115045550E-1	7.507048485E-3
7.940000000E0	4.062680388E-1	7.674947479E-3
7.950000000E0	4.014378685E-1	8.026178806E-3
7.960000000E0	3.962534040E-1	8.181404158E-3
7.970000000E0	3.914850292E-1	8.707244413E-3
7.980000000E0	3.864531980E-1	8.954491890E-3
7.990000000E0	3.818078177E-1	9.656323739E-3
8.000000000E0	3.772673019E-1	1.000932978E-2
8.010000000E0	3.726368854E-1	1.035047768E-2
8.020000000E0	3.683049498E-1	1.105415884E-2
8.030000000E0	3.639040169E-1	1.157726785E-2
8.040000000E0	3.596350263E-1	1.196393454E-2
8.050000000E0	3.553137604E-1	1.234385608E-2
8.060000000E0	3.510524136E-1	1.304418710E-2
8.070000000E0	3.467346650E-1	1.349800804E-2
8.080000000E0	3.429405192E-1	1.423350897E-2
8.090000000E0	3.388712339E-1	1.454642393E-2
8.100000000E0	3.351134421E-1	1.522162020E-2
8.110000000E0	3.311720793E-1	1.560112323E-2
8.120000000E0	3.276769307E-1	1.620484754E-2
8.130000000E0	3.239066597E-1	1.665013643E-2
8.140000000E0	3.202638102E-1	1.731219421E-2
8.150000000E0	3.168890028E-1	1.787068351E-2
8.160000000E0	3.135038642E-1	1.857473992E-2
8.170000000E0	3.102068680E-1	1.897614462E-2
8.180000000E0	3.070084795E-1	1.964170041E-2
8.190000000E0	3.038714174E-1	2.007258247E-2
8.200000000E0	3.010568352E-1	2.087557988E-2
8.210000000E0	2.980639319E-1	2.127716913E-2
8.220000000E0	2.954496393E-1	2.211518365E-2
8.230000000E0	2.926652263E-1	2.231131816E-2
8.240000000E0	2.902739662E-1	2.297102828E-2
8.250000000E0	2.878964640E-1	2.348681117E-2
8.260000000E0	2.856472666E-1	2.406117947E-2
8.270000000E0	2.835696104E-1	2.446354933E-2
8.280000000E0	2.814231502E-1	2.477526203E-2
8.290000000E0	2.793613701E-1	2.523912970E-2
8.300000000E0	2.774939766E-1	2.547021474E-2
8.310000000E0	2.758451776E-1	2.610834981E-2
8.320000000E0	2.740151250E-1	2.644350213E-2
8.330000000E0	2.726259235E-1	2.671245295E-2
8.340000000E0	2.711334107E-1	2.707559764E-2
8.350000000E0	2.699857792E-1	2.749917208E-2
8.360000000E0	2.691024735E-1	2.767568483E-2
8.370000000E0	2.681475966E-1	2.771423896E-2
8.380000000E0	2.671416106E-1	2.787802686E-2
8.390000000E0	2.662015297E-1	2.790219915E-2
8.400000000E0	2.656605476E-1	2.817346747E-2
8.410000000E0	2.650528816E-1	2.793235746E-2
8.420000000E0	2.647212223E-1	2.795103023E-2
8.430000000E0	2.644302668E-1	2.792381484E-2
8.440000000E0	2.642199221E-1	2.770189782E-2
8.450000000E0	2.639984456E-1	2.766153433E-2
8.460000000E0	2.639887546E-1	2.768322303E-2
8.470000000E0	2.640637295E-1	2.759753495E-2
8.480000000E0	2.643687952E-1	2.748509729E-2
8.490000000E0	2.648510592E-1	2.750068888E-2
8.500000000E0	2.651494888E-1	2.738466131E-2
8.510000000E0	2.659508875E-1	2.714670614E-2
8.520000000E0	2.668465966E-1	2.722767946E-2
8.530000000E0	2.675727064E-1	2.664450189E-2
8.540000000E0	2.684487353E-1	2.643584734E-2
8.550000000E0	2.695422521E-1	2.617330601E-2
8.560000000E0	2.706728401E-1	2.572837497E-2
8.570000000E0	2.721477454E-1	2.555311985E-2
8.580000000E0	2.738304669E-1	2.523849444E-2
8.590000000E0	2.756458155E-1	2.512374458E-2
8.600000000E0	2.771993839E-1	2.454967863E-2
8.610000000E0	2.792304388E-1	2.425348449E-2
8.620000000E0	2.814057337E-1	2.397030832E-2
8.630000000E0	2.834984470E-1	2.345372241E-2
8.640000000E0	2.857403686E-1	2.311102975E-2
8.650000000E0	2.880118891E-1	2.281334248E-2
8.660000000E0	2.903564968E-1	2.224707048E-2
8.670000000E0	2.927739745E-1	2.194990873E-2
8.680000000E0	2.955372121E-1	2.156185131E-2
8.690000000E0	2.981272950E-1	2.091844894E-2
8.700000000E0	3.011707029E-1	2.053392583E-2
8.710000000E0	3.038864622E-1	1.986597559E-2
8.720000000E0	3.068625772E-1	1.954413218E-2
8.730000000E0	3.100504065E-1	1.896574710E-2
8.740000000E0	3.133454711E-1	1.859587732E-2
8.750000000E0	3.166337051E-1	1.797708124E-2
8.760000000E0	3.199311722E-1	1.756597583E-2
8.770000000E0	3.233124492E-1	1.688596681E-2
8.780000000E0	3.267444481E-1	1.648078853E-2
8.790000000E0	3.302075773E-1	1.596990540E-2
8.800000000E0	3.339354427E-1	1.545699188E-2
8.810000000E0	3.376640225E-1	1.481836093E-2
8.820000000E0	3.412253239E-1	1.432405733E-2
8.830000000E0	3.452789255E-1	1.380882041E-2
8.840000000E0	3.489591465E-1	1.315139919E-2
8.850000000E0	3.530110228E-1	1.249952280E-2
8.860000000E0	3.569926068E-1	1.216041462E-2
8.870000000E0	3.610393452E-1	1.146866144E-2
8.880000000E0	3.652439948E-1	1.093032704E-2
8.890000000E0	3.695545244E-1	1.046326993E-2
8.900000000E0	3.738975150E-1	9.927449289E-3
8.910000000E0	3.783703124E-1	9.388392609E-3
8.920000000E0	3.827950407E-1	8.890114849E-3
8.930000000E0	3.872137135E-1	8.598654004E-3
8.940000000E0	3.917072354E-1	8.149694568E-3
8.950000000E0	3.962422458E-1	7.764902144E-3
8.960000000E0	4.007722578E-1	7.473795091E-3
8.970000000E0	4.056442073E-1	7.032724574E-3
8.980000000E0	4.103652638E-1	6.807400236E-3
8.990000000E0	4.149903629E-1	6.657036757E-3
9.000000000E0	4.197661054E-1	6.698816434E-3
9.010000000E0	4.245641899E-1	6.233052669E-3
9.020000000E0	4.292282906E-1	5.906504305E-3
9.030000000E0	4.342502643E-1	5.507530438E-3
9.040000000E0	4.390958975E-1	5.352970233E-3
9.050000000E0	4.439192575E-1	5.343926928E-3
9.060000000E0	4.487845909E-1	5.149106591E-3
9.070000000E0	4.534872758E-1	5.161983718E-3
9.080000000E0	4.585534418E-1	4.953539769E-3
9.090000000E0	4.633566037E-1	4.734277184E-3
9.100000000E0	4.682695621E-1	4.466534497E-3
9.110000000E0	4.731947917E-1	4.471127981E-3
9.120000000E0	4.779456958E-1	4.393475164E-3
9.130000000E0	4.829742798E-1	4.303621921E-3
9.140000000E0	4.876310699E-1	4.325441020E-3
9.150000000E0	4.927896838E-1	4.175556418E-3
9.160000000E0	4.975726760E-1	4.246981630E-3
9.170000000E0	5.026943245E-1	4.209758697E-3
9.180000000E0	5.074705170E-1	4.364669748E-3
9.190000000E0	5.123995695E-1	4.232733956E-3
9.200000000E0	5.173682419E-1	4.424632595E-3
9.210000000E0	5.224824566E-1	4.527631367E-3
9.220000000E0	5.273019397E-1	4.566582205E-3
9.230000000E0	5.322777163E-1	4.605005730E-3
9.240000000E0	5.371876712E-1	4.660374826E-3
9.250000000E0	5.419204190E-1	4.710893006E-3
9.260000000E0	5.469317790E-1	4.703610485E-3
9.270000000E0	5.515429243E-1	4.652316490E-3
9.280000000E0	5.562784791E-1	4.818058484E-3
9.290000000E0	5.610780572E-1	4.971371298E-3
9.300000000E0	5.658026954E-1	5.025338639E-3
9.310000000E0	5.703520427E-1	5.030756339E-3
9.320000000E0	5.748445942E-1	5.200942347E-3
9.330000000E0	5.794768162E-1	5.408988086E-3
9.340000000E0	5.841718031E-1	5.253441642E-3
9.350000000E0	5.888881624E-1	5.506422702E-3
9.360000000E0	5.933629113E-1	5.575761740E-3
9.370000000E0	5.978707493E-1	5.654971617E-3
9.380000000E0	6.025314564E-1	5.701002303E-3
9.390000000E0	6.070197501E-1	5.816854935E-3
9.400000000E0	6.116056871E-1	5.898630865E-3
9.410000000E0	6.163036603E-1	5.869492756E-3
9.420000000E0	6.208661380E-1	5.955893841E-3
9.430000000E0	6.254422520E-1	5.962971709E-3
9.440000000E0	6.298036616E-1	6.287367274E-3
9.450000000E0	6.342519721E-1	6.630288399E-3
9.460000000E0	6.387847044E-1	6.778753633E-3
9.470000000E0	6.432088423E-1	7.099783626E-3
9.480000000E0	6.475149048E-1	7.645849193E-3
9.490000000E0	6.518038304E-1	7.969030184E-3
9.500000000E0	6.561097132E-1	8.192337310E-3
9.510000000E0	6.604333511E-1	8.752818513E-3
9.520000000E0	6.645687746E-1	8.920676026E-3
9.530000000E0	6.683707996E-1	9.649353026E-3
9.540000000E0	6.725157765E-1	1.007433016E-2
9.550000000E0	6.761954114E-1	1.077256714E-2
9.560000000E0	6.801841226E-1	1.113435687E-2
9.570000000E0	6.836933827E-1	1.181570254E-2
9.580000000E0	6.872051732E-1	1.223360849E-2
9.590000000E0	6.908863140E-1	1.257802460E-2
9.600000000E0	6.944897033E-1	1.317813029E-2
9.610000000E0	6.979162441E-1	1.348361004E-2
9.620000000E0	7.011443806E-1	1.411657041E-2
9.630000000E0	7.044131148E-1	1.448476238E-2
9.640000000E0	7.076267329E-1	1.487815914E-2
9.650000000E0	7.104997649E-1	1.544019964E-2
9.660000000E0	7.134205635E-1	1.571208641E-2
9.670000000E0	7.160659535E-1	1.633948847E-2
9.680000000E0	7.188983742E-1	1.672658002E-2
9.690000000E0	7.213507020E-1	1.731705819E-2
9.700000000E0	7.241152058E-1	1.769686326E-2
9.710000000E0	7.266351103E-1	1.798747681E-2
9.720000000E0	7.289224845E-1	1.862830156E-2
9.730000000E0	7.311344257E-1	1.890445733E-2
9.740000000E0	7.332871741E-1	1.918823293E-2
9.750000000E0	7.353405200E-1	1.965798234E-2
9.760000000E0	7.373258701E-1	1.993326746E-2
9.770000000E0	7.390513084E-1	2.041607941E-2
9.780000000E0	7.407658412E-1	2.056798111E-2
9.790000000E0	7.422190933E-1	2.114931558E-2
9.800000000E0	7.439377146E-1	2.121723006E-2
9.810000000E0	7.452868629E-1	2.163175819E-2
9.820000000E0	7.464818988E-1	2.214770204E-2
9.830000000E0	7.476213375E-1	2.224075021E-2
9.840000000E0	7.486632501E-1	2.259572864E-2
9.850000000E0	7.496167643E-1	2.279415476E-2
9.860000000E0	7.503739360E-1	2.305153579E-2
9.870000000E0	7.510491721E-1	2.325474709E-2
9.880000000E0	7.518264108E-1	2.333939248E-2
9.890000000E0	7.520843637E-1	2.346014663E-2
9.900000000E0	7.525688671E-1	2.336760604E-2
9.910000000E0	7.529815875E-1	2.335198725E-2
9.920000000E0	7.530398533E-1	2.330016431E-2
9.930000000E0	7.530467777E-1	2.332064142E-2
9.940000000E0	7.529789614E-1	2.326175846E-2
9.950000000E0	7.527698316E-1	2.324090809E-2
9.960000000E0	7.522269345E-1	2.320123258E-2
9.970000000E0	7.518527380E-1	2.310889279E-2
9.980000000E0	7.510780600E-1	2.309498916E-2
9.990000000E0	7.504929962E-1	2.293121781E-2
1.000000000E1	7.496928943E-1	2.268952458E-2
1.001000000E1	7.487588061E-1	2.244921011E-2
1.002000000E1	7.476289945E-1	2.225797934E-2
1.003000000E1	7.465420273E-1	2.207633264E-2
1.004000000E1	7.452989407E-1	2.188368074E-2
1.005000000E1	7.440651871E-1	2.138852893E-2
1.006000000E1	7.423169832E-1	2.117739946E-2
1.007000000E1	7.408438429E-1	2.092294441E-2
