mass_A
t	x	y
0.000000000E0	1.371548886E-4	1.373820444E-1
1.000000000E-2	2.958721365E-4	1.370146401E-1
2.000000000E-2	4.932509442E-4	1.365596159E-1
3.000000000E-2	1.882443260E-3	1.363256795E-1
4.000000000E-2	2.552204493E-3	1.353157701E-1
5.000000000E-2	3.889411954E-3	1.342703567E-1
6.000000000E-2	5.563865142E-3	1.333112326E-1
7.000000000E-2	7.629813572E-3	1.320131495E-1
8.000000000E-2	9.993315219E-3	1.304813983E-1
9.000000000E-2	1.263838162E-2	1.287378539E-1
1.000000000E-1	1.539756977E-2	1.269772864E-1
1.100000000E-1	1.876120086E-2	1.248998044E-1
1.200000000E-1	2.231776621E-2	1.229049539E-1
1.300000000E-1	2.606182570E-2	1.203493700E-1
1.400000000E-1	3.009390846E-2	1.182355532E-1
1.500000000E-1	3.470892967E-2	1.155996361E-1
1.600000000E-1	3.914810524E-2	1.132466434E-1
1.700000000E-1	4.418956625E-2	1.111616764E-1
1.800000000E-1	4.858484491E-2	1.110054661E-1
1.900000000E-1	5.411594661E-2	1.077860306E-1
2.000000000E-1	5.925811785E-2	1.046354232E-1
2.100000000E-1	6.660628923E-2	1.000333456E-1
2.200000000E-1	7.222294872E-2	9.801474280E-2
2.300000000E-1	7.895093201E-2	9.409471320E-2
2.400000000E-1	8.600823463E-2	9.024724018E-2
2.500000000E-1	9.307714782E-2	8.722636174E-2
2.600000000E-1	1.006875662E-1	8.326832326E-2
2.700000000E-1	1.080594787E-1	7.939694423E-2
2.800000000E-1	1.151514835E-1	7.713986118E-2
2.900000000E-1	1.227967527E-1	7.414471762E-2
3.000000000E-1	1.305547705E-1	7.096399877E-2
3.100000000E-1	1.382554920E-1	6.842124205E-2
3.200000000E-1	1.464809479E-1	6.570207785E-2
3.300000000E-1	1.549468494E-1	6.244314229E-2
3.400000000E-1	1.637188348E-1	5.988661452E-2
3.500000000E-1	1.726572151E-1	5.619196330E-2
3.600000000E-1	1.817428787E-1	5.327273092E-2
3.700000000E-1	1.906102564E-1	5.108886272E-2
3.800000000E-1	1.994320748E-1	4.885208807E-2
3.900000000E-1	2.099922317E-1	4.375832399E-2
4.000000000E-1	2.189498759E-1	4.270017346E-2
4.100000000E-1	2.290398567E-1	4.019209934E-2
4.200000000E-1	2.380345868E-1	3.860170486E-2
4.300000000E-1	2.480520188E-1	3.657670168E-2
4.400000000E-1	2.584965391E-1	3.341051835E-2
4.500000000E-1	2.689535351E-1	3.134672174E-2
4.600000000E-1	2.791110646E-1	2.978943506E-2
4.700000000E-1	2.898055895E-1	2.795356539E-2
4.800000000E-1	3.007716958E-1	2.544059939E-2
4.900000000E-1	3.116420752E-1	2.303896969E-2
5.000000000E-1	3.222612054E-1	2.234970186E-2
5.100000000E-1	3.331400093E-1	2.020697409E-2
5.200000000E-1	3.441871286E-1	1.853141277E-2
5.300000000E-1	3.553883700E-1	1.712154021E-2
5.400000000E-1	3.662516393E-1	1.555220863E-2
5.500000000E-1	3.773475103E-1	1.472650437E-2
5.600000000E-1	3.884215044E-1	1.398011398E-2
5.700000000E-1	3.994771122E-1	1.388965255E-2
5.800000000E-1	4.107330789E-1	1.372216361E-2
5.900000000E-1	4.222240617E-1	1.225237768E-2
6.000000000E-1	4.336598628E-1	1.167651680E-2
6.100000000E-1	4.448932086E-1	1.193933950E-2
6.200000000E-1	4.561102259E-1	1.157464432E-2
6.300000000E-1	4.678605918E-1	9.910944810E-3
6.400000000E-1	4.788184175E-1	9.934576529E-3
6.500000000E-1	4.899805340E-1	9.800682289E-3
6.600000000E-1	5.014164477E-1	1.015370584E-2
6.700000000E-1	5.123852848E-1	1.016949683E-2
6.800000000E-1	5.236053281E-1	1.047728775E-2
6.900000000E-1	5.347433992E-1	1.041996594E-2
7.000000000E-1	5.462481324E-1	9.815389098E-3
7.100000000E-1	5.574392815E-1	9.057003320E-3
7.200000000E-1	5.685178678E-1	9.789101745E-3
7.300000000E-1	5.795672245E-1	9.389952500E-3
7.400000000E-1	5.899798031E-1	1.009675634E-2
7.500000000E-1	6.008203066E-1	1.067427477E-2
7.600000000E-1	6.114957569E-1	1.067982732E-2
7.700000000E-1	6.221072790E-1	1.236739142E-2
7.800000000E-1	6.329480921E-1	1.310499872E-2
7.900000000E-1	6.439554922E-1	1.390635932E-2
8.000000000E-1	6.550984349E-1	1.453620398E-2
8.100000000E-1	6.660187371E-1	1.448599572E-2
8.200000000E-1	6.762420493E-1	1.637574215E-2
8.300000000E-1	6.869760747E-1	1.677627027E-2
8.400000000E-1	6.969985635E-1	1.857799392E-2
8.500000000E-1	7.070323210E-1	1.981799948E-2
8.600000000E-1	7.170040771E-1	2.165816286E-2
8.700000000E-1	7.268470273E-1	2.284646642E-2
8.800000000E-1	7.367894581E-1	2.465090769E-2
8.900000000E-1	7.459257557E-1	2.778887441E-2
9.000000000E-1	7.556397332E-1	2.944572852E-2
9.100000000E-1	7.654899561E-1	3.055435012E-2
9.200000000E-1	7.744870941E-1	3.306362714E-2
9.300000000E-1	7.833563066E-1	3.551353542E-2
9.400000000E-1	7.913639849E-1	3.893962769E-2
9.500000000E-1	8.000920872E-1	4.102412578E-2
9.600000000E-1	8.088435308E-1	4.255597037E-2
9.700000000E-1	8.176644608E-1	4.358282266E-2
9.800000000E-1	8.260267510E-1	4.504257518E-2
9.900000000E-1	8.330976768E-1	4.929353757E-2
1.000000000E0	8.401628606E-1	5.247312946E-2
1.010000000E0	8.473557656E-1	5.387703837E-2
1.020000000E0	8.545115911E-1	5.674350204E-2
1.030000000E0	8.616067370E-1	5.843820923E-2
1.040000000E0	8.685834298E-1	6.101727769E-2
1.050000000E0	8.751713344E-1	6.338316909E-2
1.060000000E0	8.816822916E-1	6.535079768E-2
1.070000000E0	8.881709361E-1	6.740951055E-2
1.080000000E0	8.940778579E-1	6.982816099E-2
1.090000000E0	8.996100361E-1	7.208313055E-2
1.100000000E0	9.051832657E-1	7.442175307E-2
1.110000000E0	9.105608545E-1	7.643677794E-2
1.120000000E0	9.158786323E-1	7.867059945E-2
1.130000000E0	9.206170662E-1	8.109093256E-2
1.140000000E0	9.251260489E-1	8.322594682E-2
1.150000000E0	9.292225966E-1	8.524842263E-2
1.160000000E0	9.334121504E-1	8.705143055E-2
1.170000000E0	9.372896252E-1	8.858245477E-2
1.180000000E0	9.413890295E-1	8.986961660E-2
1.190000000E0	9.445388800E-1	9.183993187E-2
1.200000000E0	9.473127036E-1	9.409663855E-2
1.210000000E0	9.504257143E-1	9.516715299E-2
1.220000000E0	9.537093439E-1	9.628148298E-2
1.230000000E0	9.560654277E-1	9.810656804E-2
1.240000000E0	9.580277396E-1	9.907536275E-2
1.250000000E0	9.600537460E-1	1.004551392E-1
1.260000000E0	9.621269563E-1	1.013810216E-1
1.270000000E0	9.639012979E-1	1.028491807E-1
1.280000000E0	9.646526270E-1	1.037924593E-1
1.290000000E0	9.658999078E-1	1.038621004E-1
1.300000000E0	9.665060014E-1	1.047111308E-1
1.310000000E0	9.673083240E-1	1.053245299E-1
1.320000000E0	9.682161608E-1	1.049842714E-1
1.330000000E0	9.683377313E-1	1.051475487E-1
1.340000000E0	9.678779577E-1	1.049301323E-1
1.350000000E0	9.684100498E-1	1.049715920E-1
1.360000000E0	9.680282928E-1	1.041526532E-1
1.370000000E0	9.669421618E-1	1.039147902E-1
1.380000000E0	9.663055981E-1	1.031511535E-1
1.390000000E0	9.649067389E-1	1.027634957E-1
1.400000000E0	9.639619284E-1	1.019254378E-1
1.410000000E0	9.623826875E-1	1.009078969E-1
1.420000000E0	9.600068450E-1	1.005688388E-1
1.430000000E0	9.587651886E-1	9.933718749E-2
1.440000000E0	9.558721341E-1	9.811160085E-2
1.450000000E0	9.533490228E-1	9.703798026E-2
1.460000000E0	9.509347099E-1	9.546331660E-2
1.470000000E0	9.475139953E-1	9.416908372E-2
1.480000000E0	9.441847393E-1	9.274833872E-2
1.490000000E0	9.404694581E-1	9.090964310E-2
1.500000000E0	9.371664159E-1	8.908638084E-2
1.510000000E0	9.331105169E-1	8.722735531E-2
1.520000000E0	9.293189870E-1	8.532837855E-2
1.530000000E0	9.249881881E-1	8.298776249E-2
1.540000000E0	9.203053186E-1	8.108732523E-2
1.550000000E0	9.162340882E-1	7.912969678E-2
1.560000000E0	9.106432616E-1	7.768832762E-2
1.570000000E0	9.052782178E-1	7.554153054E-2
1.580000000E0	9.002545641E-1	7.279715506E-2
1.590000000E0	8.949588774E-1	7.098044622E-2
1.600000000E0	8.893148151E-1	6.870604634E-2
1.610000000E0	8.832549465E-1	6.674756105E-2
1.620000000E0	8.769885689E-1	6.447644882E-2
1.630000000E0	8.709846477E-1	6.251801335E-2
1.640000000E0	8.643971780E-1	6.055871874E-2
1.650000000E0	8.575735202E-1	5.871931687E-2
1.660000000E0	8.513648207E-1	5.530908414E-2
1.670000000E0	8.444494372E-1	5.359407667E-2
1.680000000E0	8.374210717E-1	5.033900341E-2
1.690000000E0	8.299911307E-1	4.800563896E-2
1.700000000E0	8.224959093E-1	4.568331537E-2
1.710000000E0	8.151280738E-1	4.314154142E-2
1.720000000E0	8.077662455E-1	4.136896500E-2
1.730000000E0	8.003332051E-1	4.029014541E-2
1.740000000E0	7.920476332E-1	3.785015507E-2
1.750000000E0	7.846374495E-1	3.638109341E-2
1.760000000E0	7.759507569E-1	3.441188136E-2
1.770000000E0	7.676244985E-1	3.203584780E-2
1.780000000E0	7.605494129E-1	2.929473331E-2
1.790000000E0	7.514699564E-1	2.763552201E-2
1.800000000E0	7.425047453E-1	2.615401303E-2
1.810000000E0	7.335155882E-1	2.424342880E-2
1.820000000E0	7.248258226E-1	2.251175944E-2
1.830000000E0	7.159130926E-1	2.017127960E-2
1.840000000E0	7.069257304E-1	1.882398866E-2
1.850000000E0	6.980318821E-1	1.776098458E-2
1.860000000E0	6.891034046E-1	1.598126384E-2
1.870000000E0	6.797770914E-1	1.495065972E-2
1.880000000E0	6.706290662E-1	1.374297807E-2
1.890000000E0	6.608972620E-1	1.343868021E-2
1.900000000E0	6.513720762E-1	1.284645289E-2
1.910000000E0	6.419369485E-1	1.188217440E-2
1.920000000E0	6.322086437E-1	1.211017252E-2
1.930000000E0	6.224519673E-1	1.154465065E-2
1.940000000E0	6.132802856E-1	1.140903836E-2
1.950000000E0	6.033612646E-1	1.100590965E-2
1.960000000E0	5.946584356E-1	1.064392213E-2
1.970000000E0	5.843866394E-1	1.071360719E-2
1.980000000E0	5.745872556E-1	1.042373784E-2
1.990000000E0	5.655067815E-1	9.668367533E-3
2.000000000E0	5.563020894E-1	9.686732381E-3
2.010000000E0	5.468468441E-1	9.795848948E-3
2.020000000E0	5.374225022E-1	1.034922725E-2
2.030000000E0	5.278119753E-1	9.818906110E-3
2.040000000E0	5.182898987E-1	9.711519476E-3
2.050000000E0	5.090713420E-1	9.937933649E-3
2.060000000E0	4.991458287E-1	1.066347280E-2
2.070000000E0	4.898558439E-1	1.071776213E-2
2.080000000E0	4.807835145E-1	1.059606443E-2
2.090000000E0	4.711851503E-1	1.065476707E-2
2.100000000E0	4.619618732E-1	1.089160253E-2
2.110000000E0	4.529075305E-1	1.127047573E-2
2.120000000E0	4.435408288E-1	1.169337354E-2
2.130000000E0	4.349568088E-1	1.202310165E-2
2.140000000E0	4.251224473E-1	1.290077179E-2
2.150000000E0	4.165248322E-1	1.292081474E-2
2.160000000E0	4.079452800E-1	1.353888021E-2
2.170000000E0	3.986474999E-1	1.486342270E-2
2.180000000E0	3.896506000E-1	1.527938085E-2
2.190000000E0	3.804572450E-1	1.630133688E-2
2.200000000E0	3.717871341E-1	1.738717840E-2
2.210000000E0	3.635444706E-1	1.776816681E-2
2.220000000E0	3.549365778E-1	1.862711285E-2
2.230000000E0	3.465454285E-1	1.981652916E-2
2.240000000E0	3.382383183E-1	2.043406452E-2
2.250000000E0	3.301822943E-1	2.178182505E-2
2.260000000E0	3.221582229E-1	2.356354680E-2
2.270000000E0	3.140292649E-1	2.508124883E-2
2.280000000E0	3.065732985E-1	2.639195992E-2
2.290000000E0	2.988515033E-1	2.773270003E-2
2.300000000E0	2.908239846E-1	2.912837485E-2
2.310000000E0	2.833359744E-1	3.067189298E-2
2.320000000E0	2.759927939E-1	3.202624327E-2
2.330000000E0	2.687112561E-1	3.398759498E-2
2.340000000E0	2.614400641E-1	3.546132433E-2
2.350000000E0	2.548249250E-1	3.676404202E-2
2.360000000E0	2.477300421E-1	3.845887217E-2
2.370000000E0	2.409715317E-1	3.987545430E-2
2.380000000E0	2.334381048E-1	4.171393294E-2
2.390000000E0	2.277049910E-1	4.329035538E-2
2.400000000E0	2.219713158E-1	4.491631019E-2
2.410000000E0	2.166535808E-1	4.654649659E-2
2.420000000E0	2.105957253E-1	4.841636791E-2
2.430000000E0	2.052016447E-1	4.956459113E-2
2.440000000E0	1.989901862E-1	5.159733836E-2
2.450000000E0	1.944630994E-1	5.285085375E-2
2.460000000E0	1.891994942E-1	5.417385978E-2
2.470000000E0	1.838404994E-1	5.610629950E-2
2.480000000E0	1.791274913E-1	5.749549462E-2
2.490000000E0	1.742371746E-1	5.933190517E-2
2.500000000E0	1.696468641E-1	6.079716133E-2
2.510000000E0	1.655270459E-1	6.191335342E-2
2.520000000E0	1.616249746E-1	6.304141137E-2
2.530000000E0	1.580337202E-1	6.426574024E-2
2.540000000E0	1.537987756E-1	6.597301731E-2
2.550000000E0	1.501651424E-1	6.735731033E-2
2.560000000E0	1.466200047E-1	6.833158136E-2
2.570000000E0	1.439112874E-1	6.952880019E-2
2.580000000E0	1.407023799E-1	7.053947518E-2
2.590000000E0	1.376752458E-1	7.167707137E-2
2.600000000E0	1.346227374E-1	7.258863472E-2
2.610000000E0	1.327262475E-1	7.389851200E-2
2.620000000E0	1.306446927E-1	7.493647233E-2
2.630000000E0	1.289665601E-1	7.499748263E-2
2.640000000E0	1.275471097E-1	7.607157267E-2
2.650000000E0	1.260841561E-1	7.626484440E-2
2.660000000E0	1.251744591E-1	7.714251632E-2
2.670000000E0	1.237613776E-1	7.720987812E-2
2.680000000E0	1.229788339E-1	7.757570533E-2
2.690000000E0	1.225524728E-1	7.774774082E-2
2.700000000E0	1.228410701E-1	7.774346404E-2
2.710000000E0	1.224145963E-1	7.765504181E-2
2.720000000E0	1.225427584E-1	7.753122747E-2
2.730000000E0	1.226130068E-1	7.755934280E-2
2.740000000E0	1.228767475E-1	7.710830732E-2
2.750000000E0	1.237740678E-1	7.690234232E-2
2.760000000E0	1.251521598E-1	7.633938525E-2
2.770000000E0	1.257200025E-1	7.606186886E-2
2.780000000E0	1.271178618E-1	7.541169570E-2
2.790000000E0	1.283217733E-1	7.500715156E-2
2.800000000E0	1.297636060E-1	7.492324989E-2
2.810000000E0	1.319920311E-1	7.394001309E-2
2.820000000E0	1.346769562E-1	7.313940928E-2
2.830000000E0	1.370564919E-1	7.195626474E-2
2.840000000E0	1.393726277E-1	7.085427812E-2
2.850000000E0	1.422367163E-1	6.963089972E-2
2.860000000E0	1.448995744E-1	6.921982185E-2
2.870000000E0	1.474797020E-1	6.843612005E-2
2.880000000E0	1.504113100E-1	6.718009478E-2
2.890000000E0	1.538940311E-1	6.609489507E-2
2.900000000E0	1.570333533E-1	6.484854612E-2
2.910000000E0	1.612715381E-1	6.396718587E-2
2.920000000E0	1.651893589E-1	6.254506068E-2
2.930000000E0	1.693052635E-1	6.082783991E-2
2.940000000E0	1.734079077E-1	5.938797724E-2
2.950000000E0	1.781430706E-1	5.767574326E-2
2.960000000E0	1.825337827E-1	5.620223674E-2
2.970000000E0	1.879498444E-1	5.475594267E-2
2.980000000E0	1.928407396E-1	5.244194694E-2
2.990000000E0	1.975757849E-1	5.063793559E-2
3.000000000E0	2.030564777E-1	4.950621766E-2
3.010000000E0	2.084152352E-1	4.816293294E-2
3.020000000E0	2.134515948E-1	4.575001375E-2
3.030000000E0	2.189155596E-1	4.398110635E-2
3.040000000E0	2.243410761E-1	4.307522462E-2
3.050000000E0	2.303630586E-1	4.148538986E-2
3.060000000E0	2.366652546E-1	4.009296739E-2
3.070000000E0	2.428806149E-1	3.895282861E-2
3.080000000E0	2.496318405E-1	3.746641493E-2
3.090000000E0	2.561597941E-1	3.640394562E-2
3.100000000E0	2.625389187E-1	3.524246015E-2
3.110000000E0	2.693644853E-1	3.317677919E-2
3.120000000E0	2.768826333E-1	3.211478381E-2
3.130000000E0	2.834917023E-1	3.064733607E-2
3.140000000E0	2.909674868E-1	2.843197639E-2
3.150000000E0	2.979836138E-1	2.794444103E-2
3.160000000E0	3.048302788E-1	2.613246296E-2
3.170000000E0	3.127524574E-1	2.436562128E-2
3.180000000E0	3.201079267E-1	2.357691205E-2
3.190000000E0	3.275628194E-1	2.195428870E-2
3.200000000E0	3.350766423E-1	2.079134835E-2
3.210000000E0	3.429249143E-1	1.996734606E-2
3.220000000E0	3.506695951E-1	1.857537457E-2
3.230000000E0	3.588834508E-1	1.826785300E-2
3.240000000E0	3.665937517E-1	1.751021590E-2
3.250000000E0	3.744560617E-1	1.633332422E-2
3.260000000E0	3.828872065E-1	1.575669800E-2
3.270000000E0	3.913045059E-1	1.464059927E-2
3.280000000E0	4.001573237E-1	1.345386791E-2
3.290000000E0	4.084134223E-1	1.247500709E-2
3.300000000E0	4.160670042E-1	1.220134925E-2
3.310000000E0	4.242924046E-1	1.206269901E-2
3.320000000E0	4.325144130E-1	1.155369879E-2
3.330000000E0	4.406611391E-1	1.092927119E-2
3.340000000E0	4.486114383E-1	9.531346336E-3
3.350000000E0	4.570433905E-1	9.863478969E-3
3.360000000E0	4.654615808E-1	9.497693592E-3
3.370000000E0	4.741602816E-1	9.781582374E-3
3.380000000E0	4.824109128E-1	9.919850047E-3
3.390000000E0	4.907726098E-1	1.006872811E-2
3.400000000E0	4.992496965E-1	1.005382819E-2
3.410000000E0	5.071553853E-1	9.989274014E-3
3.420000000E0	5.157249040E-1	9.729681945E-3
3.430000000E0	5.243200281E-1	9.378973394E-3
3.440000000E0	5.322807341E-1	8.948165940E-3
3.450000000E0	5.405355014E-1	8.733847148E-3
3.460000000E0	5.491762306E-1	9.443092850E-3
3.470000000E0	5.565500471E-1	9.926893045E-3
3.480000000E0	5.646928402E-1	1.022298766E-2
3.490000000E0	5.728317686E-1	9.901005137E-3
3.500000000E0	5.810928815E-1	1.025562432E-2
3.510000000E0	5.886306412E-1	1.064050117E-2
3.520000000E0	5.967850618E-1	1.142023765E-2
3.530000000E0	6.050138902E-1	1.082392064E-2
3.540000000E0	6.132047087E-1	1.171861114E-2
3.550000000E0	6.206608024E-1	1.187471471E-2
3.560000000E0	6.286969306E-1	1.214453214E-2
3.570000000E0	6.367252292E-1	1.178366465E-2
3.580000000E0	6.446947943E-1	1.207594909E-2
3.590000000E0	6.528700725E-1	1.244905940E-2
3.600000000E0	6.604594864E-1	1.373590468E-2
3.610000000E0	6.678721766E-1	1.441125778E-2
3.620000000E0	6.749407474E-1	1.603574099E-2
3.630000000E0	6.825864271E-1	1.670611806E-2
3.640000000E0	6.897003737E-1	1.824739023E-2
3.650000000E0	6.970963097E-1	1.922530770E-2
3.660000000E0	7.038144371E-1	2.052632318E-2
3.670000000E0	7.108963546E-1	2.173603829E-2
3.680000000E0	7.183108485E-1	2.306095680E-2
3.690000000E0	7.250140099E-1	2.421828839E-2
3.700000000E0	7.318516679E-1	2.413626092E-2
3.710000000E0	7.388181364E-1	2.541665337E-2
3.720000000E0	7.450518713E-1	2.771116943E-2
3.730000000E0	7.514424233E-1	2.890227183E-2
3.740000000E0	7.576476862E-1	2.951812612E-2
3.750000000E0	7.639326947E-1	3.109310435E-2
3.760000000E0	7.693349208E-1	3.318820643E-2
3.770000000E0	7.753933663E-1	3.428185559E-2
3.780000000E0	7.814047474E-1	3.487399779E-2
3.790000000E0	7.867482120E-1	3.703966686E-2
3.800000000E0	7.912876591E-1	3.865552825E-2
3.810000000E0	7.963688988E-1	3.952226911E-2
3.820000000E0	8.010082320E-1	4.203164362E-2
3.830000000E0	8.054800031E-1	4.308009883E-2
3.840000000E0	8.101679342E-1	4.454394946E-2
3.850000000E0	8.151579770E-1	4.545667375E-2
3.860000000E0	8.197493318E-1	4.638887810E-2
3.870000000E0	8.239312401E-1	4.771336574E-2
3.880000000E0	8.284195193E-1	4.930728232E-2
3.890000000E0	8.327391934E-1	4.999170538E-2
3.900000000E0	8.366726581E-1	5.056955025E-2
3.910000000E0	8.409729761E-1	5.188453402E-2
3.920000000E0	8.442658341E-1	5.277375449E-2
3.930000000E0	8.472920098E-1	5.359168301E-2
3.940000000E0	8.509419352E-1	5.426291159E-2
3.950000000E0	8.537963472E-1	5.489479488E-2
3.960000000E0	8.571374138E-1	5.622228825E-2
3.970000000E0	8.598781622E-1	5.666768946E-2
3.980000000E0	8.624386133E-1	5.706951785E-2
3.990000000E0	8.640766398E-1	5.848293360E-2
4.000000000E0	8.660781578E-1	5.939010010E-2
4.010000000E0	8.682182129E-1	6.021531511E-2
4.020000000E0	8.704206671E-1	6.098775273E-2
4.030000000E0	8.718684705E-1	6.125763412E-2
4.040000000E0	8.728713643E-1	6.155580503E-2
4.050000000E0	8.736493573E-1	6.285981434E-2
4.060000000E0	8.752454717E-1	6.258155201E-2
4.070000000E0	8.760937107E-1	6.348385026E-2
4.080000000E0	8.767049744E-1	6.431663475E-2
4.090000000E0	8.774669462E-1	6.425512664E-2
4.100000000E0	8.775717858E-1	6.424770332E-2
4.110000000E0	8.776517793E-1	6.509359829E-2
4.120000000E0	8.772860209E-1	6.489922454E-2
4.130000000E0	8.776191491E-1	6.555359204E-2
4.140000000E0	8.770938596E-1	6.519398960E-2
4.150000000E0	8.770785684E-1	6.445047672E-2
4.160000000E0	8.759890637E-1	6.413795356E-2
4.170000000E0	8.747585684E-1	6.385131557E-2
4.180000000E0	8.734391011E-1	6.417106707E-2
4.190000000E0	8.729633035E-1	6.344622676E-2
4.200000000E0	8.710984760E-1	6.281385957E-2
4.210000000E0	8.691402963E-1	6.195030524E-2
4.220000000E0	8.674590235E-1	6.174413348E-2
4.230000000E0	8.655822148E-1	6.111327858E-2
4.240000000E0	8.628737275E-1	6.046700392E-2
4.250000000E0	8.606671603E-1	5.977062260E-2
4.260000000E0	8.585204991E-1	5.885190536E-2
4.270000000E0	8.562764143E-1	5.830345547E-2
4.280000000E0	8.535029053E-1	5.693513133E-2
4.290000000E0	8.498714303E-1	5.616514712E-2
4.300000000E0	8.471308553E-1	5.536555626E-2
4.310000000E0	8.441458813E-1	5.409264551E-2
4.320000000E0	8.403985906E-1	5.287913133E-2
4.330000000E0	8.370489110E-1	5.161853845E-2
4.340000000E0	8.335838962E-1	5.089606952E-2
4.350000000E0	8.297133337E-1	4.978100522E-2
4.360000000E0	8.254750415E-1	4.868654646E-2
4.370000000E0	8.209216076E-1	4.729871318E-2
4.380000000E0	8.165202203E-1	4.566705701E-2
4.390000000E0	8.118881030E-1	4.448230018E-2
4.400000000E0	8.078260467E-1	4.350694146E-2
4.410000000E0	8.031952471E-1	4.185195952E-2
4.420000000E0	7.985584552E-1	4.105901772E-2
4.430000000E0	7.937096538E-1	3.984630657E-2
4.440000000E0	7.886022005E-1	3.782147349E-2
4.450000000E0	7.832686723E-1	3.659178000E-2
4.460000000E0	7.781467050E-1	3.538776784E-2
4.470000000E0	7.724569422E-1	3.401224719E-2
4.480000000E0	7.667641367E-1	3.289814245E-2
4.490000000E0	7.611949056E-1	3.162894151E-2
4.500000000E0	7.555024891E-1	3.012809538E-2
4.510000000E0	7.495401685E-1	2.874639487E-2
4.520000000E0	7.434781061E-1	2.755396567E-2
4.530000000E0	7.371365850E-1	2.638284015E-2
4.540000000E0	7.302617954E-1	2.516819203E-2
4.550000000E0	7.238074176E-1	2.406837779E-2
4.560000000E0	7.172386459E-1	2.309400715E-2
4.570000000E0	7.103216761E-1	2.171858677E-2
4.580000000E0	7.036695036E-1	2.077435946E-2
4.590000000E0	6.970932823E-1	1.959491205E-2
4.600000000E0	6.908326524E-1	1.865667310E-2
4.610000000E0	6.838608221E-1	1.750146554E-2
4.620000000E0	6.769809389E-1	1.641189905E-2
4.630000000E0	6.701557397E-1	1.545185181E-2
4.640000000E0	6.635374713E-1	1.473448352E-2
4.650000000E0	6.559454954E-1	1.411211736E-2
4.660000000E0	6.493161963E-1	1.296581587E-2
4.670000000E0	6.413307897E-1	1.285146125E-2
4.680000000E0	6.338880057E-1	1.286501483E-2
4.690000000E0	6.262888692E-1	1.283603564E-2
4.700000000E0	6.195889305E-1	1.219975494E-2
4.710000000E0	6.122398884E-1	1.227671814E-2
4.720000000E0	6.045677144E-1	1.182281344E-2
4.730000000E0	5.969639265E-1	1.178561258E-2
4.740000000E0	5.903751675E-1	1.191823025E-2
4.750000000E0	5.837553474E-1	1.078245484E-2
4.760000000E0	5.770168908E-1	1.073809099E-2
4.770000000E0	5.703102951E-1	1.084041109E-2
4.780000000E0	5.623414464E-1	1.137933782E-2
4.790000000E0	5.553662456E-1	1.098336311E-2
4.800000000E0	5.482350998E-1	1.063658858E-2
4.810000000E0	5.409111592E-1	1.105844840E-2
4.820000000E0	5.335401682E-1	1.106897749E-2
4.830000000E0	5.263588754E-1	1.094432249E-2
4.840000000E0	5.197011916E-1	1.085005988E-2
4.850000000E0	5.128276077E-1	1.091684115E-2
4.860000000E0	5.051122425E-1	1.110004130E-2
4.870000000E0	4.979284529E-1	1.112974465E-2
4.880000000E0	4.906742801E-1	1.088444314E-2
4.890000000E0	4.836301884E-1	1.136795636E-2
4.900000000E0	4.769322297E-1	1.117184596E-2
4.910000000E0	4.687990018E-1	1.071209632E-2
4.920000000E0	4.624076359E-1	1.085807903E-2
4.930000000E0	4.555336727E-1	1.116876885E-2
4.940000000E0	4.486771045E-1	1.104422863E-2
4.950000000E0	4.420867918E-1	1.191893312E-2
4.960000000E0	4.353765941E-1	1.244604111E-2
4.970000000E0	4.287263129E-1	1.300294669E-2
4.980000000E0	4.222363417E-1	1.325046011E-2
4.990000000E0	4.134771592E-1	1.413260689E-2
5.000000000E0	4.069083881E-1	1.505698146E-2
5.010000000E0	4.006944819E-1	1.543758646E-2
5.020000000E0	3.940215474E-1	1.525616156E-2
5.030000000E0	3.876026248E-1	1.653238326E-2
5.040000000E0	3.811189287E-1	1.730733674E-2
5.050000000E0	3.745326290E-1	1.780843294E-2
5.060000000E0	3.684337117E-1	1.818415426E-2
5.070000000E0	3.619993926E-1	1.853297298E-2
5.080000000E0	3.556045519E-1	1.948283782E-2
5.090000000E0	3.495413242E-1	2.006819392E-2
5.100000000E0	3.441279611E-1	2.077627851E-2
5.110000000E0	3.381615714E-1	2.171696995E-2
5.120000000E0	3.329549858E-1	2.224048579E-2
5.130000000E0	3.275315639E-1	2.305464556E-2
5.140000000E0	3.213883263E-1	2.402466859E-2
5.150000000E0	3.156611114E-1	2.487288575E-2
5.160000000E0	3.108233202E-1	2.559466833E-2
5.170000000E0	3.060927826E-1	2.652684387E-2
5.180000000E0	3.014426150E-1	2.761386640E-2
5.190000000E0	2.967773640E-1	2.861899285E-2
5.200000000E0	2.912793594E-1	2.961553026E-2
5.210000000E0	2.865272040E-1	3.081476244E-2
5.220000000E0	2.823862061E-1	3.174664212E-2
5.230000000E0	2.775354664E-1	3.281554247E-2
5.240000000E0	2.727387944E-1	3.389006083E-2
5.250000000E0	2.687938624E-1	3.532522297E-2
5.260000000E0	2.633392564E-1	3.618978693E-2
5.270000000E0	2.596127211E-1	3.720255601E-2
5.280000000E0	2.563424093E-1	3.732318293E-2
5.290000000E0	2.522562131E-1	3.832917014E-2
5.300000000E0	2.478937239E-1	3.946838986E-2
5.310000000E0	2.451184166E-1	3.965028302E-2
5.320000000E0	2.416409849E-1	4.074605501E-2
5.330000000E0	2.389872737E-1	4.113084125E-2
5.340000000E0	2.358748365E-1	4.160419347E-2
5.350000000E0	2.324834661E-1	4.256998134E-2
5.360000000E0	2.295851812E-1	4.274199659E-2
5.370000000E0	2.277687720E-1	4.350322929E-2
5.380000000E0	2.258758396E-1	4.368795720E-2
5.390000000E0	2.231345702E-1	4.394290284E-2
5.400000000E0	2.211049543E-1	4.438368742E-2
5.410000000E0	2.188632490E-1	4.491227268E-2
5.420000000E0	2.165316091E-1	4.608312009E-2
5.430000000E0	2.150510817E-1	4.704071310E-2
5.440000000E0	2.134174295E-1	4.668151189E-2
5.450000000E0	2.124326135E-1	4.721193230E-2
5.460000000E0	2.113864959E-1	4.745882081E-2
5.470000000E0	2.103850488E-1	4.810259025E-2
5.480000000E0	2.091767014E-1	4.792417194E-2
5.490000000E0	2.083885099E-1	4.787869951E-2
5.500000000E0	2.081002966E-1	4.839052231E-2
5.510000000E0	2.072150688E-1	4.865166047E-2
5.520000000E0	2.067273376E-1	4.847141982E-2
5.530000000E0	2.069595929E-1	4.868727762E-2
5.540000000E0	2.068030358E-1	4.883685541E-2
5.550000000E0	2.068953909E-1	4.872860665E-2
5.560000000E0	2.067036727E-1	4.868502178E-2
5.570000000E0	2.071676905E-1	4.869249342E-2
5.580000000E0	2.076310572E-1	4.825025454E-2
5.590000000E0	2.086283902E-1	4.824310787E-2
5.600000000E0	2.097240795E-1	4.757427960E-2
5.610000000E0	2.102143398E-1	4.749251486E-2
5.620000000E0	2.110482549E-1	4.721787964E-2
5.630000000E0	2.126256173E-1	4.702824669E-2
5.640000000E0	2.139972953E-1	4.638717110E-2
5.650000000E0	2.153056214E-1	4.613725157E-2
5.660000000E0	2.173137335E-1	4.548777962E-2
5.670000000E0	2.188897210E-1	4.508349468E-2
5.680000000E0	2.209544685E-1	4.443542416E-2
5.690000000E0	2.227996693E-1	4.419421298E-2
5.700000000E0	2.245554480E-1	4.391265671E-2
5.710000000E0	2.273269501E-1	4.290833058E-2
5.720000000E0	2.306919347E-1	4.230580695E-2
5.730000000E0	2.331204156E-1	4.161653266E-2
5.740000000E0	2.356135014E-1	4.065065683E-2
5.750000000E0	2.391119643E-1	4.041488140E-2
5.760000000E0	2.423139796E-1	3.968667260E-2
5.770000000E0	2.456729605E-1	3.881246312E-2
5.780000000E0	2.495936522E-1	3.774420965E-2
5.790000000E0	2.531075560E-1	3.686409320E-2
5.800000000E0	2.566572279E-1	3.614231784E-2
5.810000000E0	2.605940382E-1	3.522869798E-2
5.820000000E0	2.644206638E-1	3.498171067E-2
5.830000000E0	2.683483719E-1	3.395027663E-2
5.840000000E0	2.732980688E-1	3.286584549E-2
5.850000000E0	2.776478423E-1	3.163037480E-2
5.860000000E0	2.830928013E-1	3.050374404E-2
5.870000000E0	2.876225648E-1	2.929662616E-2
5.880000000E0	2.918393066E-1	2.826999938E-2
5.890000000E0	2.964635447E-1	2.741616333E-2
5.900000000E0	3.008861862E-1	2.639670511E-2
5.910000000E0	3.056184116E-1	2.576252074E-2
5.920000000E0	3.109793578E-1	2.460801445E-2
5.930000000E0	3.161242998E-1	2.352451983E-2
5.940000000E0	3.211565440E-1	2.268591542E-2
5.950000000E0	3.261764710E-1	2.146195604E-2
5.960000000E0	3.313809729E-1	2.106915023E-2
5.970000000E0	3.368871821E-1	2.024371655E-2
5.980000000E0	3.429944725E-1	1.917011110E-2
5.990000000E0	3.484975975E-1	1.870380144E-2
6.000000000E0	3.539630717E-1	1.810362463E-2
6.010000000E0	3.598326502E-1	1.801143680E-2
6.020000000E0	3.659432793E-1	1.652661492E-2
6.030000000E0	3.718501277E-1	1.624106490E-2
6.040000000E0	3.778365990E-1	1.537414802E-2
6.050000000E0	3.840289060E-1	1.550106818E-2
6.060000000E0	3.904027451E-1	1.445120181E-2
6.070000000E0	3.970075839E-1	1.353620326E-2
6.080000000E0	4.029614008E-1	1.343668743E-2
6.090000000E0	4.089449522E-1	1.134645091E-2
6.100000000E0	4.139705346E-1	1.333132213E-2
6.110000000E0	4.202566809E-1	1.307447404E-2
6.120000000E0	4.261356660E-1	1.291406644E-2
6.130000000E0	4.324985572E-1	1.198197293E-2
6.140000000E0	4.387188344E-1	1.166796258E-2
6.150000000E0	4.449570869E-1	1.198436348E-2
6.160000000E0	4.514753915E-1	1.167607619E-2
6.170000000E0	4.580265283E-1	1.167158699E-2
6.180000000E0	4.646128386E-1	1.079269572E-2
6.190000000E0	4.708925328E-1	1.096022577E-2
6.200000000E0	4.770578266E-1	1.104809217E-2
6.210000000E0	4.835713924E-1	1.094321291E-2
6.220000000E0	4.892460587E-1	1.171811470E-2
6.230000000E0	4.957512023E-1	1.169279632E-2
6.240000000E0	5.027449501E-1	1.130268011E-2
6.250000000E0	5.090743338E-1	1.099297819E-2
6.260000000E0	5.156877909E-1	1.090532975E-2
6.270000000E0	5.223346106E-1	1.039052026E-2
6.280000000E0	5.285903497E-1	9.571585513E-3
6.290000000E0	5.347213276E-1	1.014219928E-2
6.300000000E0	5.410076687E-1	1.005710729E-2
6.310000000E0	5.472217157E-1	9.992887780E-3
6.320000000E0	5.536343608E-1	1.017187000E-2
6.330000000E0	5.596587098E-1	1.005312448E-2
6.340000000E0	5.655653817E-1	1.126804516E-2
6.350000000E0	5.713786606E-1	1.057797741E-2
6.360000000E0	5.779456096E-1	1.112894384E-2
6.370000000E0	5.842217621E-1	1.133364732E-2
6.380000000E0	5.905452425E-1	1.126287778E-2
6.390000000E0	5.964673467E-1	1.137482256E-2
6.400000000E0	6.027907054E-1	1.148532432E-2
6.410000000E0	6.087739511E-1	1.204935848E-2
6.420000000E0	6.147032457E-1	1.188037077E-2
6.430000000E0	6.208668600E-1	1.205689003E-2
6.440000000E0	6.274801082E-1	1.143009689E-2
6.450000000E0	6.339124319E-1	1.156272966E-2
6.460000000E0	6.396940208E-1	1.151833232E-2
6.470000000E0	6.459707479E-1	1.113785789E-2
6.480000000E0	6.517609223E-1	1.204982979E-2
6.490000000E0	6.576188666E-1	1.244164424E-2
6.500000000E0	6.629992403E-1	1.304921070E-2
6.510000000E0	6.683757100E-1	1.404432561E-2
6.520000000E0	6.740199114E-1	1.493013554E-2
6.530000000E0	6.795506984E-1	1.557655847E-2
6.540000000E0	6.849555887E-1	1.593720989E-2
6.550000000E0	6.901860390E-1	1.644939559E-2
6.560000000E0	6.951204384E-1	1.785097878E-2
6.570000000E0	7.005777353E-1	1.862162408E-2
6.580000000E0	7.058529166E-1	1.975456788E-2
6.590000000E0	7.105563951E-1	2.090550508E-2
6.600000000E0	7.158305869E-1	2.138405970E-2
6.610000000E0	7.204957843E-1	2.226087256E-2
6.620000000E0	7.251449456E-1	2.313994523E-2
6.630000000E0	7.303954645E-1	2.342395789E-2
6.640000000E0	7.347630267E-1	2.403700434E-2
6.650000000E0	7.387625438E-1	2.496135795E-2
6.660000000E0	7.433320752E-1	2.598738937E-2
6.670000000E0	7.478458613E-1	2.663340795E-2
6.680000000E0	7.521596848E-1	2.698013492E-2
6.690000000E0	7.558633320E-1	2.753151039E-2
6.700000000E0	7.596525797E-1	2.755607582E-2
6.710000000E0	7.632309142E-1	2.829504720E-2
6.720000000E0	7.664618584E-1	2.959683398E-2
6.730000000E0	7.697619656E-1	3.085346650E-2
6.740000000E0	7.729509336E-1	3.163110854E-2
6.750000000E0	7.756233801E-1	3.268865734E-2
6.760000000E0	7.786313420E-1	3.357472441E-2
6.770000000E0	7.812028727E-1	3.414640314E-2
6.780000000E0	7.833999815E-1	3.517523317E-2
6.790000000E0	7.865062367E-1	3.582487435E-2
6.800000000E0	7.881613294E-1	3.706733162E-2
6.810000000E0	7.898462630E-1	3.733724215E-2
6.820000000E0	7.920047026E-1	3.865016571E-2
6.830000000E0	7.933164136E-1	3.941990289E-2
6.840000000E0	7.954779425E-1	4.002554863E-2
6.850000000E0	7.966406188E-1	4.042255859E-2
6.860000000E0	7.980144316E-1	4.123251259E-2
6.870000000E0	7.990907459E-1	4.178487012E-2
6.880000000E0	8.001415527E-1	4.205069592E-2
6.890000000E0	8.012246249E-1	4.223405663E-2
6.900000000E0	8.024121965E-1	4.235350527E-2
6.910000000E0	8.031468301E-1	4.272963017E-2
6.920000000E0	8.039238931E-1	4.319733777E-2
6.930000000E0	8.046620673E-1	4.335523407E-2
6.940000000E0	8.047310559E-1	4.369915401E-2
6.950000000E0	8.052347941E-1	4.320369951E-2
6.960000000E0	8.054591685E-1	4.334377792E-2
6.970000000E0	8.055666291E-1	4.334452909E-2
6.980000000E0	8.054849639E-1	4.328233136E-2
6.990000000E0	8.054603038E-1	4.335322489E-2
7.000000000E0	8.052810796E-1	4.327510154E-2
7.010000000E0	8.051220739E-1	4.318483010E-2
7.020000000E0	8.040673278E-1	4.293840264E-2
7.030000000E0	8.035089756E-1	4.315484546E-2
7.040000000E0	8.027528072E-1	4.289055334E-2
7.050000000E0	8.013824642E-1	4.305382280E-2
7.060000000E0	8.005311592E-1	4.270570551E-2
7.070000000E0	7.988231830E-1	4.263965850E-2
7.080000000E0	7.976822934E-1	4.267832377E-2
7.090000000E0	7.962567287E-1	4.207204133E-2
7.100000000E0	7.945358980E-1	4.163814309E-2
7.110000000E0	7.926433616E-1	4.113473707E-2
7.120000000E0	7.910316534E-1	4.050622535E-2
7.130000000E0	7.890206124E-1	3.993315404E-2
7.140000000E0	7.873578524E-1	3.948978489E-2
7.150000000E0	7.850121979E-1	3.849643352E-2
7.160000000E0	7.829588433E-1	3.771502806E-2
7.170000000E0	7.805676499E-1	3.716799652E-2
7.180000000E0	7.785241686E-1	3.573591301E-2
7.190000000E0	7.761523394E-1	3.514231586E-2
7.200000000E0	7.731229534E-1	3.429451108E-2
7.210000000E0	7.700717789E-1	3.351831544E-2
7.220000000E0	7.668012023E-1	3.279218502E-2
7.230000000E0	7.634678275E-1	3.209720981E-2
7.240000000E0	7.600672865E-1	3.119375268E-2
7.250000000E0	7.564900578E-1	3.026901607E-2
7.260000000E0	7.528926257E-1	2.966932297E-2
7.270000000E0	7.494065456E-1	2.900231342E-2
7.280000000E0	7.450833888E-1	2.796458064E-2
7.290000000E0	7.411678936E-1	2.737276500E-2
7.300000000E0	7.370586720E-1	2.600032575E-2
7.310000000E0	7.324348962E-1	2.515957898E-2
7.320000000E0	7.280405312E-1	2.470973239E-2
7.330000000E0	7.236822726E-1	2.405743862E-2
7.340000000E0	7.191133036E-1	2.300514027E-2
7.350000000E0	7.145417259E-1	2.240522408E-2
7.360000000E0	7.097148036E-1	2.168249899E-2
7.370000000E0	7.048120440E-1	2.097811817E-2
7.380000000E0	7.001985337E-1	2.018525964E-2
7.390000000E0	6.948886131E-1	1.949643872E-2
7.400000000E0	6.898504246E-1	1.856491817E-2
7.410000000E0	6.849760214E-1	1.811350937E-2
7.420000000E0	6.795802731E-1	1.728205792E-2
7.430000000E0	6.745563867E-1	1.655510106E-2
7.440000000E0	6.694276586E-1	1.624179134E-2
7.450000000E0	6.643182455E-1	1.537911955E-2
7.460000000E0	6.595508030E-1	1.495632524E-2
7.470000000E0	6.539134325E-1	1.416334769E-2
7.480000000E0	6.483127765E-1	1.402681569E-2
7.490000000E0	6.431290131E-1	1.336212160E-2
7.500000000E0	6.374059121E-1	1.314369975E-2
7.510000000E0	6.318284366E-1	1.296432782E-2
7.520000000E0	6.260156069E-1	1.307803277E-2
7.530000000E0	6.204627603E-1	1.292083939E-2
7.540000000E0	6.142000586E-1	1.280501301E-2
7.550000000E0	6.086978415E-1	1.300445477E-2
7.560000000E0	6.027802801E-1	1.295182014E-2
7.570000000E0	5.971986960E-1	1.302881781E-2
7.580000000E0	5.917087522E-1	1.288146803E-2
7.590000000E0	5.861625675E-1	1.276959689E-2
7.600000000E0	5.814906969E-1	1.211058120E-2
7.610000000E0	5.761889054E-1	1.192309352E-2
7.620000000E0	5.704230250E-1	1.193321089E-2
7.630000000E0	5.651383631E-1	1.197456175E-2
7.640000000E0	5.595698402E-1	1.187253319E-2
7.650000000E0	5.541170456E-1	1.198750246E-2
7.660000000E0	5.485381273E-1	1.191645918E-2
7.670000000E0	5.430612737E-1	1.188992130E-2
7.680000000E0	5.374282413E-1	1.195530166E-2
7.690000000E0	5.317112363E-1	1.184620629E-2
7.700000000E0	5.262822322E-1	1.191646568E-2
7.710000000E0	5.205488160E-1	1.182052869E-2
7.720000000E0	5.149745585E-1	1.180921348E-2
7.730000000E0	5.099023211E-1	1.218574843E-2
7.740000000E0	5.042383017E-1	1.214782568E-2
7.750000000E0	4.986977066E-1	1.218511736E-2
7.760000000E0	4.925231518E-1	1.209799585E-2
7.770000000E0	4.873415889E-1	1.198242990E-2
7.780000000E0	4.822831664E-1	1.200931512E-2
7.790000000E0	4.767730751E-1	1.214006919E-2
7.800000000E0	4.713373378E-1	1.213207559E-2
7.810000000E0	4.658437017E-1	1.212549833E-2
7.820000000E0	4.605888208E-1	1.231899985E-2
7.830000000E0	4.554189766E-1	1.210432200E-2
7.840000000E0	4.506362253E-1	1.221032242E-2
7.850000000E0	4.449875055E-1	1.232560380E-2
7.860000000E0	4.396994359E-1	1.299535292E-2
7.870000000E0	4.338689337E-1	1.316183509E-2
7.880000000E0	4.294316020E-1	1.326477523E-2
7.890000000E0	4.241440320E-1	1.321226521E-2
7.900000000E0	4.183468283E-1	1.402464956E-2
7.910000000E0	4.134918174E-1	1.422959743E-2
7.920000000E0	4.093492811E-1	1.441375555E-2
7.930000000E0	4.034085525E-1	1.515731811E-2
7.940000000E0	3.991031961E-1	1.529301195E-2
7.950000000E0	3.946015255E-1	1.546828791E-2
7.960000000E0	3.892203052E-1	1.630745920E-2
7.970000000E0	3.845768300E-1	1.644301734E-2
7.980000000E0	3.796431787E-1	1.679355773E-2
7.990000000E0	3.745045738E-1	1.736800461E-2
8.000000000E0	3.702672092E-1	1.762256006E-2
8.010000000E0	3.661634863E-1	1.784405421E-2
8.020000000E0	3.616941233E-1	1.859968308E-2
8.030000000E0	3.578592307E-1	1.881288529E-2
8.040000000E0	3.539354333E-1	1.922536138E-2
8.050000000E0	3.497765702E-1	1.973745129E-2
8.060000000E0	3.456023569E-1	2.022726721E-2
8.070000000E0	3.410733981E-1	2.043514334E-2
8.080000000E0	3.379307230E-1	2.107867939E-2
8.090000000E0	3.342471115E-1	2.185101069E-2
8.100000000E0	3.304017314E-1	2.283456783E-2
8.110000000E0	3.274238781E-1	2.300254686E-2
8.120000000E0	3.243527250E-1	2.348842237E-2
8.130000000E0	3.208278057E-1	2.410786291E-2
8.140000000E0	3.171642039E-1	2.505176869E-2
8.150000000E0	3.144295157E-1	2.551729612E-2
8.160000000E0	3.112818398E-1	2.584085083E-2
8.170000000E0	3.086281737E-1	2.638125599E-2
8.180000000E0	3.055162484E-1	2.717945214E-2
8.190000000E0	3.023236245E-1	2.765921327E-2
8.200000000E0	2.993539894E-1	2.834605982E-2
8.210000000E0	2.971907812E-1	2.864997997E-2
8.220000000E0	2.950704014E-1	2.913338049E-2
8.230000000E0	2.928035034E-1	2.922810258E-2
8.240000000E0	2.905280129E-1	2.933478716E-2
8.250000000E0	2.883303491E-1	2.961075856E-2
8.260000000E0	2.861644584E-1	3.017696927E-2
8.270000000E0	2.842127699E-1	3.073384532E-2
8.280000000E0	2.821641879E-1	3.100058530E-2
8.290000000E0	2.802559192E-1	3.139906378E-2
8.300000000E0	2.782030548E-1	3.133003259E-2
8.310000000E0	2.768991219E-1	3.134755996E-2
8.320000000E0	2.754245817E-1	3.134703940E-2
8.330000000E0	2.736884746E-1	3.149026559E-2
8.340000000E0	2.720880384E-1	3.196584646E-2
8.350000000E0	2.715066431E-1	3.240343897E-2
8.360000000E0	2.705531631E-1	3.263018244E-2
8.370000000E0	2.692680034E-1	3.294198796E-2
8.380000000E0	2.691327266E-1	3.299287761E-2
8.390000000E0	2.683701733E-1	3.327907551E-2
8.400000000E0	2.679246231E-1	3.314663224E-2
8.410000000E0	2.675156014E-1	3.318098620E-2
8.420000000E0	2.673453462E-1	3.300532302E-2
8.430000000E0	2.674787482E-1	3.267763225E-2
8.440000000E0	2.672435654E-1	3.287910386E-2
8.450000000E0	2.674169908E-1	3.302937559E-2
8.460000000E0	2.677075325E-1	3.308677794E-2
8.470000000E0	2.678285477E-1	3.302733802E-2
8.480000000E0	2.685528919E-1	3.295407735E-2
8.490000000E0	2.687607421E-1	3.290934595E-2
8.500000000E0	2.696348197E-1	3.296918396E-2
8.510000000E0	2.700120522E-1	3.323077214E-2
8.520000000E0	2.711178158E-1	3.276935405E-2
8.530000000E0	2.722104819E-1	3.290020910E-2
8.540000000E0	2.735327807E-1	3.284785453E-2
8.550000000E0	2.752586940E-1	3.216935992E-2
8.560000000E0	2.765057000E-1	3.194217665E-2
8.570000000E0	2.782504991E-1	3.141928040E-2
8.580000000E0	2.800431090E-1	3.068770766E-2
8.590000000E0	2.820747893E-1	3.063140278E-2
8.600000000E0	2.839426386E-1	2.993766369E-2
8.610000000E0	2.860003630E-1	2.945357315E-2
8.620000000E0	2.877522291E-1	2.940982495E-2
8.630000000E0	2.905898450E-1	2.888781927E-2
8.640000000E0	2.925927791E-1	2.838894751E-2
8.650000000E0	2.954446816E-1	2.779955271E-2
8.660000000E0	2.981015456E-1	2.726959581E-2
8.670000000E0	3.007321417E-1	2.692334396E-2
8.680000000E0	3.039073543E-1	2.660977331E-2
8.690000000E0	3.064237949E-1	2.580223493E-2
8.700000000E0	3.090844832E-1	2.438446851E-2
8.710000000E0	3.121315583E-1	2.402459822E-2
8.720000000E0	3.155006271E-1	2.405018807E-2
8.730000000E0	3.183656559E-1	2.340359555E-2
8.740000000E0	3.217416083E-1	2.294915489E-2
8.750000000E0	3.249575089E-1	2.240685935E-2
8.760000000E0	3.283789429E-1	2.176146866E-2
8.770000000E0	3.317625645E-1	2.121560851E-2
8.780000000E0	3.353112939E-1	2.052104573E-2
8.790000000E0	3.389458091E-1	2.029346423E-2
8.800000000E0	3.423417177E-1	1.946787746E-2
8.810000000E0	3.463591769E-1	1.949748393E-2
8.820000000E0	3.504157881E-1	1.909815390E-2
8.830000000E0	3.547081421E-1	1.855513009E-2
8.840000000E0	3.582416295E-1	1.789608151E-2
8.850000000E0	3.620765955E-1	1.736283483E-2
8.860000000E0	3.662319049E-1	1.689557437E-2
8.870000000E0	3.703665915E-1	1.628431851E-2
8.880000000E0	3.741093009E-1	1.641649079E-2
8.890000000E0	3.785971398E-1	1.617039127E-2
8.900000000E0	3.833024026E-1	1.545420630E-2
8.910000000E0	3.878882513E-1	1.508556802E-2
8.920000000E0	3.927950285E-1	1.477852452E-2
8.930000000E0	3.967634501E-1	1.422981002E-2
8.940000000E0	4.015148070E-1	1.414339579E-2
8.950000000E0	4.059627918E-1	1.399134566E-2
8.960000000E0	4.105586539E-1	1.392498860E-2
8.970000000E0	4.149562855E-1	1.388784975E-2
8.980000000E0	4.204948945E-1	1.307792328E-2
8.990000000E0	4.250563040E-1	1.304574279E-2
9.000000000E0	4.293579800E-1	1.282520461E-2
9.010000000E0	4.339071198E-1	1.285253618E-2
9.020000000E0	4.387510164E-1	1.195079738E-2
9.030000000E0	4.437162829E-1	1.194233660E-2
9.040000000E0	4.489040925E-1	1.172854916E-2
9.050000000E0	4.539281094E-1	1.161901093E-2
9.060000000E0	4.584891987E-1	1.121315301E-2
9.070000000E0	4.631624769E-1	1.074828055E-2
9.080000000E0	4.682402993E-1	1.095176699E-2
9.090000000E0	4.732351507E-1	1.066883798E-2
9.100000000E0	4.776689167E-1	1.078371598E-2
9.110000000E0	4.827349286E-1	1.097473531E-2
9.120000000E0	4.877314117E-1	1.084150170E-2
9.130000000E0	4.925145804E-1	1.084221977E-2
9.140000000E0	4.973362308E-1	1.072435104E-2
9.150000000E0	5.028208847E-1	1.083410316E-2
9.160000000E0	5.078069654E-1	1.089595940E-2
9.170000000E0	5.124744786E-1	1.071830611E-2
9.180000000E0	5.177926645E-1	1.092645245E-2
9.190000000E0	5.223363489E-1	1.082133465E-2
9.200000000E0	5.274163735E-1	1.074398266E-2
9.210000000E0	5.325557850E-1	1.107385962E-2
9.220000000E0	5.370777180E-1	1.102849761E-2
9.230000000E0	5.419250752E-1	1.109201662E-2
9.240000000E0	5.469245197E-1	1.123239406E-2
9.250000000E0	5.517236138E-1	1.122128537E-2
9.260000000E0	5.566668540E-1	1.134692700E-2
9.270000000E0	5.614400315E-1	1.113946993E-2
9.280000000E0	5.665838631E-1	1.118529148E-2
9.290000000E0	5.713485856E-1	1.131390269E-2
9.300000000E0	5.761461883E-1	1.086950640E-2
9.310000000E0	5.811762123E-1	1.103148178E-2
9.320000000E0	5.858413022E-1	1.072919834E-2
9.330000000E0	5.910393420E-1	1.099947688E-2
9.340000000E0	5.955228106E-1	1.118792744E-2
9.350000000E0	6.000999151E-1	1.126665188E-2
9.360000000E0	6.042496809E-1	1.113747593E-2
9.370000000E0	6.092805439E-1	1.135289843E-2
9.380000000E0	6.135137689E-1	1.136069223E-2
9.390000000E0	6.183336900E-1	1.163227821E-2
9.400000000E0	6.230939780E-1	1.132826435E-2
9.410000000E0	6.281098008E-1	1.144119041E-2
9.420000000E0	6.326732723E-1	1.137468105E-2
9.430000000E0	6.372469198E-1	1.137596092E-2
9.440000000E0	6.418127818E-1	1.148900659E-2
9.450000000E0	6.461719224E-1	1.234762032E-2
9.460000000E0	6.500972886E-1	1.298379616E-2
9.470000000E0	6.548328116E-1	1.347614242E-2
9.480000000E0	6.591972524E-1	1.407761015E-2
9.490000000E0	6.634387656E-1	1.505155560E-2
9.500000000E0	6.677453340E-1	1.540304208E-2
9.510000000E0	6.721918941E-1	1.582011233E-2
9.520000000E0	6.760367353E-1	1.657670710E-2
9.530000000E0	6.796056095E-1	1.742930206E-2
9.540000000E0	6.836849261E-1	1.785023904E-2
9.550000000E0	6.877433898E-1	1.835651877E-2
9.560000000E0	6.915474160E-1	1.883265761E-2
9.570000000E0	6.947319379E-1	1.946196851E-2
9.580000000E0	6.988733774E-1	1.951927249E-2
9.590000000E0	7.026595122E-1	1.998879336E-2
9.600000000E0	7.059316879E-1	2.058156979E-2
9.610000000E0	7.100172215E-1	2.069048529E-2
9.620000000E0	7.130521281E-1	2.117011693E-2
9.630000000E0	7.164270941E-1	2.129702587E-2
9.640000000E0	7.195199991E-1	2.190748395E-2
9.650000000E0	7.223362125E-1	2.251461324E-2
9.660000000E0	7.251263044E-1	2.253357145E-2
9.670000000E0	7.279536070E-1	2.261493651E-2
9.680000000E0	7.309114944E-1	2.359566302E-2
9.690000000E0	7.331125034E-1	2.326825887E-2
9.700000000E0	7.346496376E-1	2.427081627E-2
9.710000000E0	7.372415102E-1	2.407856135E-2
9.720000000E0	7.395036700E-1	2.456987889E-2
9.730000000E0	7.415016564E-1	2.467968039E-2
9.740000000E0	7.429735079E-1	2.497522142E-2
9.750000000E0	7.453207250E-1	2.521798872E-2
9.760000000E0	7.472648607E-1	2.592273042E-2
9.770000000E0	7.491537017E-1	2.576763473E-2
9.780000000E0	7.507438863E-1	2.601746337E-2
9.790000000E0	7.521845659E-1	2.593652186E-2
9.800000000E0	7.535332576E-1	2.588896933E-2
9.810000000E0	7.545360128E-1	2.603814606E-2
