mass_A
t	x	y
0.000000000E0	-3.925192335E-4	1.368894931E-1
1.000000000E-2	-1.015280047E-4	1.367916596E-1
2.000000000E-2	3.010036106E-4	1.362555577E-1
3.000000000E-2	1.878102215E-3	1.356611520E-1
4.000000000E-2	3.086768474E-3	1.347839215E-1
5.000000000E-2	4.670023184E-3	1.336856950E-1
6.000000000E-2	6.678309540E-3	1.323614685E-1
7.000000000E-2	8.871932522E-3	1.308347296E-1
8.000000000E-2	1.129449463E-2	1.294380889E-1
9.000000000E-2	1.388606218E-2	1.277343318E-1
1.000000000E-1	1.706829028E-2	1.258121628E-1
1.100000000E-1	2.067335401E-2	1.236628261E-1
1.200000000E-1	2.418849707E-2	1.215541396E-1
1.300000000E-1	2.789035004E-2	1.191939645E-1
1.400000000E-1	3.201788778E-2	1.163073594E-1
1.500000000E-1	3.653006492E-2	1.137514710E-1
1.600000000E-1	4.104680541E-2	1.118629149E-1
1.700000000E-1	4.729876428E-2	1.106446325E-1
1.800000000E-1	5.281024492E-2	1.074119642E-1
1.900000000E-1	5.739704910E-2	1.038284325E-1
2.000000000E-1	6.261028763E-2	1.000562831E-1
2.100000000E-1	6.828861648E-2	9.722687772E-2
2.200000000E-1	7.442556115E-2	9.404413054E-2
2.300000000E-1	8.089466821E-2	9.080829439E-2
2.400000000E-1	8.760466768E-2	8.748714712E-2
2.500000000E-1	9.432523488E-2	8.420773295E-2
2.600000000E-1	1.012856083E-1	8.087448070E-2
2.700000000E-1	1.086136552E-1	7.751172316E-2
2.800000000E-1	1.159978769E-1	7.422092145E-2
2.900000000E-1	1.235396416E-1	7.090717763E-2
3.000000000E-1	1.313415988E-1	6.779776510E-2
3.100000000E-1	1.392381235E-1	6.498342451E-2
3.200000000E-1	1.476324980E-1	6.182170557E-2
3.300000000E-1	1.558283714E-1	5.883759640E-2
3.400000000E-1	1.644560410E-1	5.570024139E-2
3.500000000E-1	1.731933607E-1	5.270407985E-2
3.600000000E-1	1.818334427E-1	5.014899030E-2
3.700000000E-1	1.908254279E-1	4.728593573E-2
3.800000000E-1	2.000088212E-1	4.459897970E-2
3.900000000E-1	2.093886297E-1	4.183162816E-2
4.000000000E-1	2.188357373E-1	3.944373634E-2
4.100000000E-1	2.283805133E-1	3.889626018E-2
4.200000000E-1	2.385774495E-1	3.734441245E-2
4.300000000E-1	2.480656079E-1	3.228011682E-2
4.400000000E-1	2.585231375E-1	3.000230051E-2
4.500000000E-1	2.690697707E-1	2.763050041E-2
4.600000000E-1	2.793302083E-1	2.547955946E-2
4.700000000E-1	2.898008282E-1	2.343775566E-2
4.800000000E-1	3.003361490E-1	2.165264436E-2
4.900000000E-1	3.107950101E-1	1.993172071E-2
5.000000000E-1	3.214862383E-1	1.804961639E-2
5.100000000E-1	3.321682889E-1	1.623955482E-2
5.200000000E-1	3.429637083E-1	1.454342153E-2
5.300000000E-1	3.539532054E-1	1.320907854E-2
5.400000000E-1	3.650388714E-1	1.192029697E-2
5.500000000E-1	3.761496946E-1	1.084102307E-2
5.600000000E-1	3.871644387E-1	9.904917167E-3
5.700000000E-1	3.983223833E-1	9.053237178E-3
5.800000000E-1	4.093440091E-1	8.606758471E-3
5.900000000E-1	4.205072878E-1	9.691104301E-3
6.000000000E-1	4.314428325E-1	8.944651154E-3
6.100000000E-1	4.425633308E-1	7.517868946E-3
6.200000000E-1	4.537385125E-1	6.960214454E-3
6.300000000E-1	4.654785098E-1	6.621010954E-3
6.400000000E-1	4.765715529E-1	6.467967604E-3
6.500000000E-1	4.876940193E-1	6.537756837E-3
6.600000000E-1	4.989876102E-1	6.478597902E-3
6.700000000E-1	5.104412521E-1	6.318419476E-3
6.800000000E-1	5.215207828E-1	6.683453794E-3
6.900000000E-1	5.326014566E-1	6.801947513E-3
7.000000000E-1	5.436997953E-1	6.820644462E-3
7.100000000E-1	5.546364302E-1	6.863356977E-3
7.200000000E-1	5.656796880E-1	7.020666572E-3
7.300000000E-1	5.766675249E-1	7.018158961E-3
7.400000000E-1	5.877590515E-1	6.970380664E-3
7.500000000E-1	5.986062497E-1	7.310721392E-3
7.600000000E-1	6.095560709E-1	8.998069999E-3
7.700000000E-1	6.204813946E-1	9.052692003E-3
7.800000000E-1	6.316017489E-1	8.748639575E-3
7.900000000E-1	6.423733492E-1	9.715916746E-3
8.000000000E-1	6.529069496E-1	1.098601865E-2
8.100000000E-1	6.633005264E-1	1.188590274E-2
8.200000000E-1	6.736779901E-1	1.302459205E-2
8.300000000E-1	6.841294274E-1	1.430154573E-2
8.400000000E-1	6.944167467E-1	1.559736836E-2
8.500000000E-1	7.047189854E-1	1.729320645E-2
8.600000000E-1	7.147583937E-1	1.901902339E-2
8.700000000E-1	7.246964308E-1	2.096928232E-2
8.800000000E-1	7.345031042E-1	2.279584544E-2
8.900000000E-1	7.443220522E-1	2.487057771E-2
9.000000000E-1	7.535125654E-1	2.710682445E-2
9.100000000E-1	7.626644801E-1	2.937489922E-2
9.200000000E-1	7.715317565E-1	3.154349702E-2
9.300000000E-1	7.801426502E-1	3.397133619E-2
9.400000000E-1	7.887676973E-1	3.631301835E-2
9.500000000E-1	7.975785172E-1	3.871682889E-2
9.600000000E-1	8.062046192E-1	4.081929621E-2
9.700000000E-1	8.142949634E-1	4.305682284E-2
9.800000000E-1	8.226282588E-1	4.522586905E-2
9.900000000E-1	8.307992578E-1	4.764034368E-2
1.000000000E0	8.387772326E-1	4.986273356E-2
1.010000000E0	8.461918099E-1	5.201622892E-2
1.020000000E0	8.536908125E-1	5.420100926E-2
1.030000000E0	8.607709894E-1	5.691443576E-2
1.040000000E0	8.676539203E-1	5.944852847E-2
1.050000000E0	8.746325912E-1	6.176986641E-2
1.060000000E0	8.812125492E-1	6.407340911E-2
1.070000000E0	8.874000164E-1	6.641834517E-2
1.080000000E0	8.936000364E-1	6.858178764E-2
1.090000000E0	8.994312712E-1	7.082299294E-2
1.100000000E0	9.050850824E-1	7.295763545E-2
1.110000000E0	9.102998500E-1	7.528712872E-2
1.120000000E0	9.156862607E-1	7.747084949E-2
1.130000000E0	9.206331478E-1	7.968115412E-2
1.140000000E0	9.256141205E-1	8.175334466E-2
1.150000000E0	9.300993657E-1	8.386100719E-2
1.160000000E0	9.344147741E-1	8.605553225E-2
1.170000000E0	9.384497295E-1	8.821382411E-2
1.180000000E0	9.423287795E-1	9.019485506E-2
1.190000000E0	9.458339769E-1	9.190242736E-2
1.200000000E0	9.490649637E-1	9.371315637E-2
1.210000000E0	9.521593509E-1	9.515371360E-2
1.220000000E0	9.546791449E-1	9.685497528E-2
1.230000000E0	9.574010992E-1	9.824211573E-2
1.240000000E0	9.598434609E-1	9.954622734E-2
1.250000000E0	9.619429803E-1	1.006929221E-1
1.260000000E0	9.639061031E-1	1.016907446E-1
1.270000000E0	9.655006158E-1	1.027149581E-1
1.280000000E0	9.666663007E-1	1.036457976E-1
1.290000000E0	9.678427887E-1	1.042741773E-1
1.300000000E0	9.684931115E-1	1.046628008E-1
1.310000000E0	9.691194485E-1	1.048655150E-1
1.320000000E0	9.697499952E-1	1.049861740E-1
1.330000000E0	9.697225641E-1	1.049653374E-1
1.340000000E0	9.696288912E-1	1.048949021E-1
1.350000000E0	9.692986179E-1	1.046870413E-1
1.360000000E0	9.689689867E-1	1.042389826E-1
1.370000000E0	9.676812247E-1	1.037463296E-1
1.380000000E0	9.670714369E-1	1.028616457E-1
1.390000000E0	9.654488533E-1	1.021340761E-1
1.400000000E0	9.640843550E-1	1.015156925E-1
1.410000000E0	9.622767082E-1	1.004710760E-1
1.420000000E0	9.604870494E-1	9.933211814E-2
1.430000000E0	9.583613125E-1	9.816418263E-2
1.440000000E0	9.558994077E-1	9.679619123E-2
1.450000000E0	9.536447494E-1	9.513600006E-2
1.460000000E0	9.506243937E-1	9.381179782E-2
1.470000000E0	9.477947646E-1	9.212103948E-2
1.480000000E0	9.444377800E-1	9.053188172E-2
1.490000000E0	9.410361363E-1	8.869476469E-2
1.500000000E0	9.371229180E-1	8.685088523E-2
1.510000000E0	9.332588382E-1	8.499757964E-2
1.520000000E0	9.289762144E-1	8.285300802E-2
1.530000000E0	9.244624738E-1	8.064321176E-2
1.540000000E0	9.198976026E-1	7.845500718E-2
1.550000000E0	9.150194018E-1	7.625902733E-2
1.560000000E0	9.097801671E-1	7.403236667E-2
1.570000000E0	9.045043744E-1	7.182636625E-2
1.580000000E0	8.990571237E-1	6.954670296E-2
1.590000000E0	8.934092661E-1	6.735323980E-2
1.600000000E0	8.873762089E-1	6.518544296E-2
1.610000000E0	8.811706131E-1	6.297510297E-2
1.620000000E0	8.749197429E-1	6.079715635E-2
1.630000000E0	8.683904056E-1	5.862011318E-2
1.640000000E0	8.618059072E-1	5.637193510E-2
1.650000000E0	8.550703630E-1	5.415067748E-2
1.660000000E0	8.482851478E-1	5.186012930E-2
1.670000000E0	8.410291559E-1	4.973382649E-2
1.680000000E0	8.338053939E-1	4.753707257E-2
1.690000000E0	8.261907151E-1	4.532508267E-2
1.700000000E0	8.183554386E-1	4.319937614E-2
1.710000000E0	8.105667735E-1	4.092199170E-2
1.720000000E0	8.026383723E-1	3.916887272E-2
1.730000000E0	7.940284148E-1	3.694550306E-2
1.740000000E0	7.864982892E-1	3.448951509E-2
1.750000000E0	7.781831908E-1	3.239845352E-2
1.760000000E0	7.698639393E-1	3.019805487E-2
1.770000000E0	7.613670296E-1	2.826999233E-2
1.780000000E0	7.527223026E-1	2.647039912E-2
1.790000000E0	7.438976100E-1	2.433859203E-2
1.800000000E0	7.350015589E-1	2.224782345E-2
1.810000000E0	7.259682122E-1	2.036834935E-2
1.820000000E0	7.169511478E-1	1.863427534E-2
1.830000000E0	7.078853751E-1	1.691446989E-2
1.840000000E0	6.984329054E-1	1.539312725E-2
1.850000000E0	6.890748992E-1	1.384006651E-2
1.860000000E0	6.796799948E-1	1.260758799E-2
1.870000000E0	6.703069274E-1	1.135377807E-2
1.880000000E0	6.606935606E-1	1.013183413E-2
1.890000000E0	6.510686009E-1	9.522657452E-3
1.900000000E0	6.416929915E-1	8.765211809E-3
1.910000000E0	6.317651408E-1	7.945723897E-3
1.920000000E0	6.222784359E-1	8.865207336E-3
1.930000000E0	6.125873659E-1	9.047983991E-3
1.940000000E0	6.028876281E-1	7.481618054E-3
1.950000000E0	5.933532793E-1	7.281457115E-3
1.960000000E0	5.836103935E-1	7.156053110E-3
1.970000000E0	5.740315537E-1	6.742081670E-3
1.980000000E0	5.645552256E-1	6.633943096E-3
1.990000000E0	5.548484530E-1	6.672289801E-3
2.000000000E0	5.452063701E-1	6.628740187E-3
2.010000000E0	5.357439280E-1	6.572481245E-3
2.020000000E0	5.261713329E-1	6.514233871E-3
2.030000000E0	5.165901666E-1	6.511593750E-3
2.040000000E0	5.070604166E-1	6.452028722E-3
2.050000000E0	4.975040754E-1	6.601062464E-3
2.060000000E0	4.878618263E-1	6.587496228E-3
2.070000000E0	4.783778699E-1	6.759611937E-3
2.080000000E0	4.688099392E-1	6.877486053E-3
2.090000000E0	4.592716950E-1	6.869354743E-3
2.100000000E0	4.498830694E-1	7.206803210E-3
2.110000000E0	4.405549487E-1	7.686670345E-3
2.120000000E0	4.315185112E-1	8.914734118E-3
2.130000000E0	4.222342743E-1	9.901203078E-3
2.140000000E0	4.132079104E-1	9.891148452E-3
2.150000000E0	4.043215937E-1	1.027537996E-2
2.160000000E0	3.950873814E-1	1.090081464E-2
2.170000000E0	3.861281372E-1	1.146226806E-2
2.180000000E0	3.772110462E-1	1.225478338E-2
2.190000000E0	3.682031300E-1	1.326750507E-2
2.200000000E0	3.595042482E-1	1.439073909E-2
2.210000000E0	3.506627705E-1	1.547596326E-2
2.220000000E0	3.420091488E-1	1.655927131E-2
2.230000000E0	3.334334561E-1	1.774220852E-2
2.240000000E0	3.251022380E-1	1.914629778E-2
2.250000000E0	3.171853374E-1	2.039498449E-2
2.260000000E0	3.089255813E-1	2.189509205E-2
2.270000000E0	3.010732043E-1	2.329127097E-2
2.280000000E0	2.932989036E-1	2.462555437E-2
2.290000000E0	2.855635968E-1	2.618574965E-2
2.300000000E0	2.778566594E-1	2.749974235E-2
2.310000000E0	2.703976166E-1	2.909783224E-2
2.320000000E0	2.629920957E-1	3.068659317E-2
2.330000000E0	2.559848539E-1	3.231985519E-2
2.340000000E0	2.488159264E-1	3.396299002E-2
2.350000000E0	2.421483460E-1	3.637139044E-2
2.360000000E0	2.357079613E-1	3.850065001E-2
2.370000000E0	2.288699891E-1	3.958120152E-2
2.380000000E0	2.224353354E-1	4.098681397E-2
2.390000000E0	2.160717486E-1	4.279170055E-2
2.400000000E0	2.101470322E-1	4.437071640E-2
2.410000000E0	2.042340445E-1	4.616906416E-2
2.420000000E0	1.983803978E-1	4.776520477E-2
2.430000000E0	1.929154619E-1	4.938259584E-2
2.440000000E0	1.873371086E-1	5.104745197E-2
2.450000000E0	1.822005472E-1	5.274078373E-2
2.460000000E0	1.770228607E-1	5.418643419E-2
2.470000000E0	1.721734359E-1	5.555646725E-2
2.480000000E0	1.675690442E-1	5.723418218E-2
2.490000000E0	1.630454791E-1	5.854713578E-2
2.500000000E0	1.585428498E-1	5.990547946E-2
2.510000000E0	1.542925663E-1	6.160156520E-2
2.520000000E0	1.503399598E-1	6.294524295E-2
2.530000000E0	1.465189835E-1	6.405451957E-2
2.540000000E0	1.430253349E-1	6.541802604E-2
2.550000000E0	1.398535383E-1	6.654770887E-2
2.560000000E0	1.368250888E-1	6.789864323E-2
2.570000000E0	1.335341132E-1	6.903999167E-2
2.580000000E0	1.306999084E-1	7.012508875E-2
2.590000000E0	1.281854826E-1	7.125610963E-2
2.600000000E0	1.258411263E-1	7.212948684E-2
2.610000000E0	1.234589592E-1	7.292111270E-2
2.620000000E0	1.213813258E-1	7.384211840E-2
2.630000000E0	1.196647804E-1	7.462275542E-2
2.640000000E0	1.179157781E-1	7.513368104E-2
2.650000000E0	1.167181968E-1	7.575219713E-2
2.660000000E0	1.153349559E-1	7.622434396E-2
2.670000000E0	1.144365268E-1	7.651832128E-2
2.680000000E0	1.135451725E-1	7.691579049E-2
2.690000000E0	1.130637819E-1	7.724451583E-2
2.700000000E0	1.125106912E-1	7.732644476E-2
2.710000000E0	1.124805323E-1	7.733818933E-2
2.720000000E0	1.123371511E-1	7.728514764E-2
2.730000000E0	1.126891600E-1	7.712151736E-2
2.740000000E0	1.132090290E-1	7.705351457E-2
2.750000000E0	1.140492656E-1	7.681027221E-2
2.760000000E0	1.147222850E-1	7.634684639E-2
2.770000000E0	1.160122083E-1	7.591837362E-2
2.780000000E0	1.172729799E-1	7.533616333E-2
2.790000000E0	1.190033605E-1	7.470871893E-2
2.800000000E0	1.207052238E-1	7.414616989E-2
2.810000000E0	1.225456511E-1	7.306458217E-2
2.820000000E0	1.247076090E-1	7.243079882E-2
2.830000000E0	1.272237365E-1	7.156763791E-2
2.840000000E0	1.298080900E-1	7.061591170E-2
2.850000000E0	1.323839455E-1	6.952549521E-2
2.860000000E0	1.355213475E-1	6.832908895E-2
2.870000000E0	1.386707209E-1	6.716380234E-2
2.880000000E0	1.420179644E-1	6.606371102E-2
2.890000000E0	1.456193924E-1	6.477734493E-2
2.900000000E0	1.491122608E-1	6.318089802E-2
2.910000000E0	1.530347901E-1	6.182671009E-2
2.920000000E0	1.571990467E-1	6.056078745E-2
2.930000000E0	1.615555911E-1	5.915484954E-2
2.940000000E0	1.659963055E-1	5.776987050E-2
2.950000000E0	1.704662655E-1	5.614482561E-2
2.960000000E0	1.752906176E-1	5.448180713E-2
2.970000000E0	1.799370736E-1	5.300017711E-2
2.980000000E0	1.850820646E-1	5.161719057E-2
2.990000000E0	1.902532835E-1	5.001599902E-2
3.000000000E0	1.956598452E-1	4.841272152E-2
3.010000000E0	2.010523688E-1	4.690462338E-2
3.020000000E0	2.069981763E-1	4.517860358E-2
3.030000000E0	2.126565501E-1	4.337754332E-2
3.040000000E0	2.186112532E-1	4.169134116E-2
3.050000000E0	2.247698095E-1	3.998632001E-2
3.060000000E0	2.310643070E-1	3.884928779E-2
3.070000000E0	2.378919802E-1	3.770913333E-2
3.080000000E0	2.444900528E-1	3.543335832E-2
3.090000000E0	2.511306758E-1	3.376034650E-2
3.100000000E0	2.579934898E-1	3.209075274E-2
3.110000000E0	2.647860773E-1	3.065629729E-2
3.120000000E0	2.720050628E-1	2.896591219E-2
3.130000000E0	2.791583491E-1	2.748799571E-2
3.140000000E0	2.861940797E-1	2.601738894E-2
3.150000000E0	2.936155038E-1	2.490092274E-2
3.160000000E0	3.010618320E-1	2.357879061E-2
3.170000000E0	3.084457235E-1	2.207938851E-2
3.180000000E0	3.159491456E-1	2.089867191E-2
3.190000000E0	3.238578651E-1	1.966702381E-2
3.200000000E0	3.315484918E-1	1.846832240E-2
3.210000000E0	3.396122553E-1	1.739138801E-2
3.220000000E0	3.475493984E-1	1.625453041E-2
3.230000000E0	3.557143189E-1	1.537942397E-2
3.240000000E0	3.639147831E-1	1.441776344E-2
3.250000000E0	3.721082318E-1	1.339731894E-2
3.260000000E0	3.804813704E-1	1.277527183E-2
3.270000000E0	3.888317655E-1	1.207018729E-2
3.280000000E0	3.969713598E-1	1.134488859E-2
3.290000000E0	4.051974124E-1	1.087816815E-2
3.300000000E0	4.134986742E-1	1.037482620E-2
3.310000000E0	4.218816803E-1	1.020266860E-2
3.320000000E0	4.302557302E-1	9.579539172E-3
3.330000000E0	4.386612912E-1	9.019920272E-3
3.340000000E0	4.472281182E-1	8.719468472E-3
3.350000000E0	4.555396043E-1	8.585286570E-3
3.360000000E0	4.642744375E-1	8.248943899E-3
3.370000000E0	4.727090308E-1	7.897433052E-3
3.380000000E0	4.812951434E-1	7.800019851E-3
3.390000000E0	4.897111264E-1	7.779703299E-3
3.400000000E0	4.982461119E-1	7.677438360E-3
3.410000000E0	5.066694006E-1	7.770311580E-3
3.420000000E0	5.149807738E-1	7.855030087E-3
3.430000000E0	5.232198099E-1	7.961681307E-3
3.440000000E0	5.314017123E-1	8.049841758E-3
3.450000000E0	5.395203771E-1	7.954708249E-3
3.460000000E0	5.478853728E-1	8.005843948E-3
3.470000000E0	5.562302116E-1	7.942702256E-3
3.480000000E0	5.644435724E-1	7.880128375E-3
3.490000000E0	5.726894041E-1	7.860970477E-3
3.500000000E0	5.810141742E-1	7.875540818E-3
3.510000000E0	5.892412793E-1	8.052035516E-3
3.520000000E0	5.975369326E-1	8.194673911E-3
3.530000000E0	6.055654429E-1	8.134889595E-3
3.540000000E0	6.138124209E-1	9.090397748E-3
3.550000000E0	6.220770167E-1	9.075809948E-3
3.560000000E0	6.300579508E-1	9.017792466E-3
3.570000000E0	6.383020029E-1	9.077471425E-3
3.580000000E0	6.461570047E-1	9.868704123E-3
3.590000000E0	6.539413961E-1	1.078302377E-2
3.600000000E0	6.618918035E-1	1.125130406E-2
3.610000000E0	6.696351543E-1	1.201170234E-2
3.620000000E0	6.771841171E-1	1.273822230E-2
3.630000000E0	6.849433553E-1	1.359910705E-2
3.640000000E0	6.925775016E-1	1.457811609E-2
3.650000000E0	7.001028004E-1	1.550749394E-2
3.660000000E0	7.073624805E-1	1.683039444E-2
3.670000000E0	7.145030532E-1	1.801699572E-2
3.680000000E0	7.215299211E-1	1.911648156E-2
3.690000000E0	7.281353480E-1	2.037840199E-2
3.700000000E0	7.347972021E-1	2.171436503E-2
3.710000000E0	7.413927494E-1	2.331755405E-2
3.720000000E0	7.479019609E-1	2.477680113E-2
3.730000000E0	7.543067324E-1	2.619150651E-2
3.740000000E0	7.606667468E-1	2.767241090E-2
3.750000000E0	7.667497817E-1	2.905451771E-2
3.760000000E0	7.725533672E-1	3.056038845E-2
3.770000000E0	7.784183508E-1	3.200022166E-2
3.780000000E0	7.837912643E-1	3.330421000E-2
3.790000000E0	7.896102415E-1	3.508244969E-2
3.800000000E0	7.941228592E-1	3.678949703E-2
3.810000000E0	7.997990319E-1	3.870357350E-2
3.820000000E0	8.050544806E-1	3.968124174E-2
3.830000000E0	8.098880641E-1	4.088909891E-2
3.840000000E0	8.146023736E-1	4.222439978E-2
3.850000000E0	8.193728214E-1	4.353969081E-2
3.860000000E0	8.238871474E-1	4.489003446E-2
3.870000000E0	8.284120548E-1	4.621931970E-2
3.880000000E0	8.327316072E-1	4.747740087E-2
3.890000000E0	8.368609305E-1	4.871977637E-2
3.900000000E0	8.407189431E-1	4.975209980E-2
3.910000000E0	8.441978645E-1	5.085367158E-2
3.920000000E0	8.476733073E-1	5.197333401E-2
3.930000000E0	8.508204112E-1	5.304564408E-2
3.940000000E0	8.539547105E-1	5.416434284E-2
3.950000000E0	8.568857223E-1	5.517571846E-2
3.960000000E0	8.594425500E-1	5.628183034E-2
3.970000000E0	8.620280383E-1	5.729209918E-2
3.980000000E0	8.646846946E-1	5.791086406E-2
3.990000000E0	8.669257351E-1	5.857642515E-2
4.000000000E0	8.688644932E-1	5.954140745E-2
4.010000000E0	8.712129204E-1	5.997158870E-2
4.020000000E0	8.727393852E-1	6.075624311E-2
4.030000000E0	8.739178009E-1	6.147053674E-2
4.040000000E0	8.755280143E-1	6.188858481E-2
4.050000000E0	8.769898219E-1	6.239613614E-2
4.060000000E0	8.777961208E-1	6.286066119E-2
4.070000000E0	8.789283085E-1	6.299942572E-2
4.080000000E0	8.797304368E-1	6.311222670E-2
4.090000000E0	8.804646825E-1	6.314482081E-2
4.100000000E0	8.809212771E-1	6.316868010E-2
4.110000000E0	8.812708453E-1	6.321243242E-2
4.120000000E0	8.814310495E-1	6.312695693E-2
4.130000000E0	8.813628746E-1	6.303582948E-2
4.140000000E0	8.810918345E-1	6.291757648E-2
4.150000000E0	8.805594844E-1	6.288873728E-2
4.160000000E0	8.797376825E-1	6.273445785E-2
4.170000000E0	8.789932816E-1	6.261174503E-2
4.180000000E0	8.784135451E-1	6.206997205E-2
4.190000000E0	8.771020965E-1	6.179402749E-2
4.200000000E0	8.754958201E-1	6.130287374E-2
4.210000000E0	8.744730821E-1	6.076283629E-2
4.220000000E0	8.726172517E-1	6.045080480E-2
4.230000000E0	8.710361024E-1	5.965921961E-2
4.240000000E0	8.693101603E-1	5.880294977E-2
4.250000000E0	8.670077668E-1	5.847058598E-2
4.260000000E0	8.645924423E-1	5.745713210E-2
4.270000000E0	8.624588408E-1	5.648346784E-2
4.280000000E0	8.598068237E-1	5.568943987E-2
4.290000000E0	8.569500484E-1	5.466584010E-2
4.300000000E0	8.536977052E-1	5.383001264E-2
4.310000000E0	8.506139114E-1	5.282369095E-2
4.320000000E0	8.473925858E-1	5.177277801E-2
4.330000000E0	8.439017054E-1	5.070328279E-2
4.340000000E0	8.403039535E-1	4.959802694E-2
4.350000000E0	8.366251998E-1	4.845567568E-2
4.360000000E0	8.325455690E-1	4.731936713E-2
4.370000000E0	8.283753751E-1	4.623410815E-2
4.380000000E0	8.242068906E-1	4.513840520E-2
4.390000000E0	8.195644739E-1	4.386166331E-2
4.400000000E0	8.152039241E-1	4.241272286E-2
4.410000000E0	8.106768674E-1	4.091819656E-2
4.420000000E0	8.058262005E-1	3.979531728E-2
4.430000000E0	8.004966322E-1	3.883273598E-2
4.440000000E0	7.956200845E-1	3.751311274E-2
4.450000000E0	7.906052070E-1	3.558491188E-2
4.460000000E0	7.852815484E-1	3.422016033E-2
4.470000000E0	7.796978334E-1	3.283403743E-2
4.480000000E0	7.741169014E-1	3.130578314E-2
4.490000000E0	7.685829516E-1	2.991199468E-2
4.500000000E0	7.626083965E-1	2.860419140E-2
4.510000000E0	7.567935666E-1	2.699365036E-2
4.520000000E0	7.510068863E-1	2.552170571E-2
4.530000000E0	7.447266261E-1	2.423785600E-2
4.540000000E0	7.383581281E-1	2.284694252E-2
4.550000000E0	7.320611976E-1	2.124809542E-2
4.560000000E0	7.257264732E-1	1.986503810E-2
4.570000000E0	7.191892974E-1	1.870388964E-2
4.580000000E0	7.123721065E-1	1.761715671E-2
4.590000000E0	7.055877282E-1	1.656476465E-2
4.600000000E0	6.987247533E-1	1.548308034E-2
4.610000000E0	6.915545562E-1	1.428207380E-2
4.620000000E0	6.845449032E-1	1.327676842E-2
4.630000000E0	6.773181642E-1	1.226207366E-2
4.640000000E0	6.702190220E-1	1.134179595E-2
4.650000000E0	6.629718980E-1	1.081058855E-2
4.660000000E0	6.558592056E-1	1.007155503E-2
4.670000000E0	6.484605388E-1	9.603281263E-3
4.680000000E0	6.414157078E-1	8.941681627E-3
4.690000000E0	6.339960283E-1	8.727023222E-3
4.700000000E0	6.269092394E-1	8.119213427E-3
4.710000000E0	6.194035422E-1	8.942226259E-3
4.720000000E0	6.117550211E-1	9.002350630E-3
4.730000000E0	6.045712197E-1	7.853401563E-3
4.740000000E0	5.972360835E-1	7.756646572E-3
4.750000000E0	5.896897259E-1	7.763757889E-3
4.760000000E0	5.821939020E-1	7.642490585E-3
4.770000000E0	5.746739874E-1	7.379895030E-3
4.780000000E0	5.672581993E-1	7.423459961E-3
4.790000000E0	5.598702661E-1	7.445746539E-3
4.800000000E0	5.524698015E-1	7.431134115E-3
4.810000000E0	5.450821586E-1	7.627951772E-3
4.820000000E0	5.377663910E-1	7.463403477E-3
4.830000000E0	5.306441031E-1	7.562158072E-3
4.840000000E0	5.234102834E-1	7.506703657E-3
4.850000000E0	5.160577258E-1	7.567539647E-3
4.860000000E0	5.087270392E-1	7.568290946E-3
4.870000000E0	5.015002543E-1	7.436145532E-3
4.880000000E0	4.942940770E-1	7.468916795E-3
4.890000000E0	4.870582749E-1	7.619844372E-3
4.900000000E0	4.796909444E-1	7.759912825E-3
4.910000000E0	4.726062718E-1	7.785221498E-3
4.920000000E0	4.652678757E-1	7.887267628E-3
4.930000000E0	4.582434477E-1	7.934751391E-3
4.940000000E0	4.511014716E-1	8.010624488E-3
4.950000000E0	4.441422202E-1	8.199352589E-3
4.960000000E0	4.368500620E-1	8.716114844E-3
4.970000000E0	4.301163612E-1	9.165940738E-3
4.980000000E0	4.229555395E-1	9.912816103E-3
4.990000000E0	4.163778822E-1	1.009739731E-2
5.000000000E0	4.097095871E-1	1.029931370E-2
5.010000000E0	4.031560175E-1	1.092705702E-2
5.020000000E0	3.964141230E-1	1.112554330E-2
5.030000000E0	3.899850126E-1	1.175515642E-2
5.040000000E0	3.834337651E-1	1.221165441E-2
5.050000000E0	3.769213927E-1	1.307472834E-2
5.060000000E0	3.704314457E-1	1.370112209E-2
5.070000000E0	3.638591978E-1	1.429526540E-2
5.080000000E0	3.573900096E-1	1.532287437E-2
5.090000000E0	3.511014975E-1	1.619900812E-2
5.100000000E0	3.447396317E-1	1.686483503E-2
5.110000000E0	3.385839374E-1	1.766066242E-2
5.120000000E0	3.326749002E-1	1.846140454E-2
5.130000000E0	3.268746472E-1	1.953765110E-2
5.140000000E0	3.210489495E-1	2.067683041E-2
5.150000000E0	3.154869479E-1	2.175802758E-2
5.160000000E0	3.099806597E-1	2.289032916E-2
5.170000000E0	3.044726804E-1	2.382333166E-2
5.180000000E0	2.994524641E-1	2.477902902E-2
5.190000000E0	2.942320537E-1	2.554711658E-2
5.200000000E0	2.890993668E-1	2.650778633E-2
5.210000000E0	2.842065115E-1	2.757437350E-2
5.220000000E0	2.795018496E-1	2.855246790E-2
5.230000000E0	2.746740871E-1	2.953102908E-2
5.240000000E0	2.700713402E-1	3.042040476E-2
5.250000000E0	2.657558839E-1	3.144609210E-2
5.260000000E0	2.613703124E-1	3.219387335E-2
5.270000000E0	2.569383907E-1	3.316065440E-2
5.280000000E0	2.528928191E-1	3.402241158E-2
5.290000000E0	2.490254197E-1	3.518523815E-2
5.300000000E0	2.452530746E-1	3.615900899E-2
5.310000000E0	2.417152552E-1	3.734185961E-2
5.320000000E0	2.379693937E-1	3.815427892E-2
5.330000000E0	2.346701983E-1	3.902621528E-2
5.340000000E0	2.312134084E-1	3.972980924E-2
5.350000000E0	2.280601913E-1	4.061437185E-2
5.360000000E0	2.251495845E-1	4.137005787E-2
5.370000000E0	2.223020113E-1	4.187523288E-2
5.380000000E0	2.197189158E-1	4.236579975E-2
5.390000000E0	2.169833603E-1	4.305971133E-2
5.400000000E0	2.146747666E-1	4.380384307E-2
5.410000000E0	2.126013320E-1	4.432095505E-2
5.420000000E0	2.104812862E-1	4.502902373E-2
5.430000000E0	2.084435355E-1	4.550192165E-2
5.440000000E0	2.066497669E-1	4.608852938E-2
5.450000000E0	2.051083455E-1	4.638996853E-2
5.460000000E0	2.036503151E-1	4.674362725E-2
5.470000000E0	2.024929509E-1	4.735892704E-2
5.480000000E0	2.013655931E-1	4.749394948E-2
5.490000000E0	2.004142918E-1	4.765645944E-2
5.500000000E0	1.997813216E-1	4.816494616E-2
5.510000000E0	1.991935405E-1	4.843594624E-2
5.520000000E0	1.988080827E-1	4.858175644E-2
5.530000000E0	1.984896568E-1	4.859248052E-2
5.540000000E0	1.983057175E-1	4.862838826E-2
5.550000000E0	1.983090764E-1	4.859689228E-2
5.560000000E0	1.984341327E-1	4.857048046E-2
5.570000000E0	1.985896006E-1	4.850562523E-2
5.580000000E0	1.992270223E-1	4.840545039E-2
5.590000000E0	1.999311043E-1	4.830561958E-2
5.600000000E0	2.006785623E-1	4.796626512E-2
5.610000000E0	2.017488003E-1	4.752251647E-2
5.620000000E0	2.027761732E-1	4.736582284E-2
5.630000000E0	2.039877156E-1	4.682401805E-2
5.640000000E0	2.054777396E-1	4.636692869E-2
5.650000000E0	2.071809675E-1	4.587895961E-2
5.660000000E0	2.091138728E-1	4.531526976E-2
5.670000000E0	2.109562079E-1	4.479854903E-2
5.680000000E0	2.131333174E-1	4.423279341E-2
5.690000000E0	2.153240390E-1	4.387317308E-2
5.700000000E0	2.177423845E-1	4.312962494E-2
5.710000000E0	2.204147480E-1	4.241061791E-2
5.720000000E0	2.229953660E-1	4.183856316E-2
5.730000000E0	2.256797763E-1	4.110454004E-2
5.740000000E0	2.287324968E-1	4.057823616E-2
5.750000000E0	2.317913273E-1	3.973538590E-2
5.760000000E0	2.350039376E-1	3.888793929E-2
5.770000000E0	2.383417430E-1	3.798468472E-2
5.780000000E0	2.416236227E-1	3.702433379E-2
5.790000000E0	2.453482796E-1	3.620489141E-2
5.800000000E0	2.493538027E-1	3.527233397E-2
5.810000000E0	2.532452538E-1	3.436705050E-2
5.820000000E0	2.571330098E-1	3.327562106E-2
5.830000000E0	2.613143334E-1	3.247673860E-2
5.840000000E0	2.654851046E-1	3.124494107E-2
5.850000000E0	2.699330902E-1	3.037721596E-2
5.860000000E0	2.742760111E-1	2.936111102E-2
5.870000000E0	2.788344120E-1	2.859856667E-2
5.880000000E0	2.833321049E-1	2.762772432E-2
5.890000000E0	2.879653987E-1	2.660942099E-2
5.900000000E0	2.929551248E-1	2.573224310E-2
5.910000000E0	2.978299140E-1	2.490501860E-2
5.920000000E0	3.028061857E-1	2.415917397E-2
5.930000000E0	3.079455073E-1	2.311021983E-2
5.940000000E0	3.131650571E-1	2.214154400E-2
5.950000000E0	3.185184000E-1	2.118315892E-2
5.960000000E0	3.238312577E-1	2.024975738E-2
5.970000000E0	3.296476742E-1	1.926965597E-2
5.980000000E0	3.351733332E-1	1.847442602E-2
5.990000000E0	3.407942107E-1	1.768861785E-2
6.000000000E0	3.469089044E-1	1.677925182E-2
6.010000000E0	3.527560187E-1	1.614058252E-2
6.020000000E0	3.586509945E-1	1.538568031E-2
6.030000000E0	3.647704496E-1	1.462335911E-2
6.040000000E0	3.708486694E-1	1.406744692E-2
6.050000000E0	3.769241056E-1	1.330746535E-2
6.060000000E0	3.830817809E-1	1.268887522E-2
6.070000000E0	3.890955571E-1	1.207108602E-2
6.080000000E0	3.952860615E-1	1.136531455E-2
6.090000000E0	4.014745525E-1	1.101559131E-2
6.100000000E0	4.077140579E-1	1.060910980E-2
6.110000000E0	4.141474251E-1	1.018802825E-2
6.120000000E0	4.203678677E-1	1.007936389E-2
6.130000000E0	4.265734644E-1	9.792014310E-3
6.140000000E0	4.333365239E-1	9.184973541E-3
6.150000000E0	4.396173189E-1	8.782461628E-3
6.160000000E0	4.460691701E-1	8.529430845E-3
6.170000000E0	4.530000488E-1	8.289667312E-3
6.180000000E0	4.596060098E-1	8.000593954E-3
6.190000000E0	4.661534375E-1	7.836179960E-3
6.200000000E0	4.726781915E-1	7.647961367E-3
6.210000000E0	4.793704782E-1	7.630378165E-3
6.220000000E0	4.860417378E-1	7.565207103E-3
6.230000000E0	4.926452704E-1	7.575961983E-3
6.240000000E0	4.990444472E-1	7.515059092E-3
6.250000000E0	5.057416822E-1	7.524099040E-3
6.260000000E0	5.123499800E-1	7.559372766E-3
6.270000000E0	5.189320459E-1	7.637478935E-3
6.280000000E0	5.253108263E-1	7.755756329E-3
6.290000000E0	5.314249183E-1	7.774162101E-3
6.300000000E0	5.378026676E-1	7.790453946E-3
6.310000000E0	5.443575898E-1	7.773316017E-3
6.320000000E0	5.507636926E-1	7.816908010E-3
6.330000000E0	5.570080933E-1	7.893998697E-3
6.340000000E0	5.634597484E-1	7.861671340E-3
6.350000000E0	5.698368674E-1	7.923513356E-3
6.360000000E0	5.762720076E-1	7.963169487E-3
6.370000000E0	5.824275612E-1	8.331569626E-3
6.380000000E0	5.887421189E-1	8.653095337E-3
6.390000000E0	5.951478100E-1	8.712258094E-3
6.400000000E0	6.016240406E-1	8.803639804E-3
6.410000000E0	6.078893203E-1	9.015032793E-3
6.420000000E0	6.140596861E-1	9.092546772E-3
6.430000000E0	6.204799345E-1	9.092377965E-3
6.440000000E0	6.266879776E-1	9.257426647E-3
6.450000000E0	6.324237814E-1	9.684793917E-3
6.460000000E0	6.385309889E-1	9.960454678E-3
6.470000000E0	6.448053696E-1	1.024122901E-2
6.480000000E0	6.505191969E-1	1.095211975E-2
6.490000000E0	6.564358647E-1	1.136331316E-2
6.500000000E0	6.620658641E-1	1.201455894E-2
6.510000000E0	6.680749436E-1	1.228947662E-2
6.520000000E0	6.736848202E-1	1.313927808E-2
6.530000000E0	6.794939050E-1	1.366524123E-2
6.540000000E0	6.849846047E-1	1.436246384E-2
6.550000000E0	6.903702729E-1	1.522011605E-2
6.560000000E0	6.957879158E-1	1.607804168E-2
6.570000000E0	7.013094624E-1	1.685143328E-2
6.580000000E0	7.066119907E-1	1.766695736E-2
6.590000000E0	7.118112212E-1	1.870158864E-2
6.600000000E0	7.167005193E-1	1.966532744E-2
6.610000000E0	7.216035229E-1	2.060538309E-2
6.620000000E0	7.266942788E-1	2.132178700E-2
6.630000000E0	7.313523608E-1	2.212048454E-2
6.640000000E0	7.358932354E-1	2.309599644E-2
6.650000000E0	7.400370295E-1	2.412661836E-2
6.660000000E0	7.444070362E-1	2.502663164E-2
6.670000000E0	7.487458804E-1	2.586856695E-2
6.680000000E0	7.526919917E-1	2.673235150E-2
6.690000000E0	7.564304812E-1	2.756152413E-2
6.700000000E0	7.600472591E-1	2.859407397E-2
6.710000000E0	7.634930525E-1	2.949374695E-2
6.720000000E0	7.671040775E-1	3.024017378E-2
6.730000000E0	7.703098086E-1	3.094482355E-2
6.740000000E0	7.732645854E-1	3.196419524E-2
6.750000000E0	7.767558240E-1	3.244429537E-2
6.760000000E0	7.795497475E-1	3.312696761E-2
6.770000000E0	7.820638114E-1	3.403216201E-2
6.780000000E0	7.851153286E-1	3.440827174E-2
6.790000000E0	7.876267180E-1	3.529783860E-2
6.800000000E0	7.897369444E-1	3.596563181E-2
6.810000000E0	7.922837192E-1	3.660652151E-2
6.820000000E0	7.941498598E-1	3.744433164E-2
6.830000000E0	7.963669543E-1	3.778148697E-2
6.840000000E0	7.982461199E-1	3.857570662E-2
6.850000000E0	8.000841549E-1	3.885495553E-2
6.860000000E0	8.014827003E-1	3.947830020E-2
6.870000000E0	8.032653496E-1	3.985904308E-2
6.880000000E0	8.049392004E-1	4.013318625E-2
6.890000000E0	8.061003548E-1	4.060785616E-2
6.900000000E0	8.073599755E-1	4.088323516E-2
6.910000000E0	8.085004448E-1	4.097469700E-2
6.920000000E0	8.094001140E-1	4.107624872E-2
6.930000000E0	8.097896010E-1	4.149704872E-2
6.940000000E0	8.105113165E-1	4.180799064E-2
6.950000000E0	8.109423990E-1	4.201075634E-2
6.960000000E0	8.112820401E-1	4.202796519E-2
6.970000000E0	8.114710812E-1	4.194792801E-2
6.980000000E0	8.115669791E-1	4.199236008E-2
6.990000000E0	8.115888352E-1	4.195618130E-2
7.000000000E0	8.114080104E-1	4.190868466E-2
7.010000000E0	8.110091841E-1	4.193308369E-2
7.020000000E0	8.105600171E-1	4.179072609E-2
7.030000000E0	8.097741132E-1	4.180197861E-2
7.040000000E0	8.088166098E-1	4.169857304E-2
7.050000000E0	8.083407482E-1	4.111434064E-2
7.060000000E0	8.072302103E-1	4.087425349E-2
7.070000000E0	8.057282592E-1	4.080150563E-2
7.080000000E0	8.041621452E-1	4.053104517E-2
7.090000000E0	8.030791510E-1	3.992430403E-2
7.100000000E0	8.012741931E-1	3.971543956E-2
7.110000000E0	7.996632096E-1	3.902493026E-2
7.120000000E0	7.976537459E-1	3.866554756E-2
7.130000000E0	7.955752389E-1	3.789777298E-2
7.140000000E0	7.934512158E-1	3.746912551E-2
7.150000000E0	7.912884406E-1	3.672584100E-2
7.160000000E0	7.887095118E-1	3.627949350E-2
7.170000000E0	7.864524997E-1	3.542053216E-2
7.180000000E0	7.839339305E-1	3.455758459E-2
7.190000000E0	7.810015302E-1	3.411305638E-2
7.200000000E0	7.784223178E-1	3.316220378E-2
7.210000000E0	7.755254053E-1	3.234871216E-2
7.220000000E0	7.721425591E-1	3.192523458E-2
7.230000000E0	7.688862608E-1	3.098602952E-2
7.240000000E0	7.657440025E-1	3.007852790E-2
7.250000000E0	7.619670222E-1	2.935804893E-2
7.260000000E0	7.585291670E-1	2.866699764E-2
7.270000000E0	7.550729666E-1	2.771877826E-2
7.280000000E0	7.513022850E-1	2.681826824E-2
7.290000000E0	7.474472491E-1	2.581692084E-2
7.300000000E0	7.435847941E-1	2.476378207E-2
7.310000000E0	7.392284103E-1	2.400853485E-2
7.320000000E0	7.348496142E-1	2.298012433E-2
7.330000000E0	7.304314061E-1	2.213674586E-2
7.340000000E0	7.259165639E-1	2.126578653E-2
7.350000000E0	7.213476309E-1	2.045826742E-2
7.360000000E0	7.164231204E-1	1.964300602E-2
7.370000000E0	7.119050344E-1	1.874114321E-2
7.380000000E0	7.067736006E-1	1.775311147E-2
7.390000000E0	7.017379582E-1	1.716631901E-2
7.400000000E0	6.966257329E-1	1.642139116E-2
7.410000000E0	6.915659225E-1	1.548475560E-2
7.420000000E0	6.862464866E-1	1.449586443E-2
7.430000000E0	6.811414664E-1	1.355335647E-2
7.440000000E0	6.756806290E-1	1.316228841E-2
7.450000000E0	6.704394795E-1	1.240317798E-2
7.460000000E0	6.649148053E-1	1.193099395E-2
7.470000000E0	6.595418508E-1	1.127083477E-2
7.480000000E0	6.540212708E-1	1.096099956E-2
7.490000000E0	6.486471696E-1	1.029980095E-2
7.500000000E0	6.431919873E-1	9.959059136E-3
7.510000000E0	6.372676345E-1	9.691342858E-3
7.520000000E0	6.317316883E-1	9.293665326E-3
7.530000000E0	6.263108986E-1	8.862701136E-3
7.540000000E0	6.206671143E-1	9.006738415E-3
7.550000000E0	6.148609114E-1	9.029872721E-3
7.560000000E0	6.090735972E-1	8.941294163E-3
7.570000000E0	6.033435097E-1	8.783118810E-3
7.580000000E0	5.976334506E-1	8.792928195E-3
7.590000000E0	5.919237790E-1	8.706262393E-3
7.600000000E0	5.861292313E-1	8.768289141E-3
7.610000000E0	5.801186626E-1	8.624120670E-3
7.620000000E0	5.742429395E-1	8.564341400E-3
7.630000000E0	5.686577417E-1	8.337186053E-3
7.640000000E0	5.627131399E-1	8.534938284E-3
7.650000000E0	5.570837098E-1	8.640199360E-3
7.660000000E0	5.514556137E-1	8.697088446E-3
7.670000000E0	5.457935223E-1	8.719526697E-3
7.680000000E0	5.401447067E-1	8.727499129E-3
7.690000000E0	5.345373484E-1	8.757417435E-3
7.700000000E0	5.290809441E-1	8.738236985E-3
7.710000000E0	5.236275917E-1	8.702912493E-3
7.720000000E0	5.178459800E-1	8.589238211E-3
7.730000000E0	5.124592077E-1	8.672734887E-3
7.740000000E0	5.069494762E-1	8.664018085E-3
7.750000000E0	5.011816468E-1	8.572600916E-3
7.760000000E0	4.955824048E-1	8.691968525E-3
7.770000000E0	4.897888289E-1	8.836297401E-3
7.780000000E0	4.841572588E-1	8.850886436E-3
7.790000000E0	4.786941082E-1	8.900483364E-3
7.800000000E0	4.730901707E-1	8.974853620E-3
7.810000000E0	4.674079181E-1	8.962747949E-3
7.820000000E0	4.619791581E-1	9.040673564E-3
7.830000000E0	4.565084305E-1	9.212142386E-3
7.840000000E0	4.508954668E-1	9.025068775E-3
7.850000000E0	4.458074322E-1	9.238086810E-3
7.860000000E0	4.404270932E-1	9.408973182E-3
7.870000000E0	4.345425115E-1	9.647105736E-3
7.880000000E0	4.295559941E-1	9.972958418E-3
7.890000000E0	4.246678989E-1	1.025994160E-2
7.900000000E0	4.190584904E-1	1.060458836E-2
7.910000000E0	4.141545699E-1	1.097662410E-2
7.920000000E0	4.091911934E-1	1.118063369E-2
7.930000000E0	4.038335938E-1	1.180044126E-2
7.940000000E0	3.989921935E-1	1.211729821E-2
7.950000000E0	3.943334226E-1	1.230596022E-2
7.960000000E0	3.892117113E-1	1.274159873E-2
7.970000000E0	3.845908166E-1	1.319243559E-2
7.980000000E0	3.796392072E-1	1.347581455E-2
7.990000000E0	3.748168680E-1	1.411829738E-2
8.000000000E0	3.702773981E-1	1.456897008E-2
8.010000000E0	3.656133145E-1	1.499548979E-2
8.020000000E0	3.613366516E-1	1.560148406E-2
8.030000000E0	3.567948027E-1	1.629385726E-2
8.040000000E0	3.525520893E-1	1.672801291E-2
8.050000000E0	3.481797262E-1	1.750652015E-2
8.060000000E0	3.439073739E-1	1.796213258E-2
8.070000000E0	3.395905290E-1	1.855066155E-2
8.080000000E0	3.354797247E-1	1.893625750E-2
8.090000000E0	3.314644279E-1	1.952837665E-2
8.100000000E0	3.280327345E-1	1.996229011E-2
8.110000000E0	3.239911582E-1	2.085965742E-2
8.120000000E0	3.207142483E-1	2.127496493E-2
8.130000000E0	3.171444310E-1	2.197055010E-2
8.140000000E0	3.138598029E-1	2.230452856E-2
8.150000000E0	3.106031723E-1	2.304723463E-2
8.160000000E0	3.075102091E-1	2.339168944E-2
8.170000000E0	3.042093970E-1	2.410238373E-2
8.180000000E0	3.012689433E-1	2.441125322E-2
8.190000000E0	2.983736105E-1	2.520122529E-2
8.200000000E0	2.957086095E-1	2.548355608E-2
8.210000000E0	2.928672959E-1	2.613606881E-2
8.220000000E0	2.905845622E-1	2.656169353E-2
8.230000000E0	2.881505649E-1	2.689167101E-2
8.240000000E0	2.857952722E-1	2.735718000E-2
8.250000000E0	2.834872407E-1	2.779843069E-2
8.260000000E0	2.812049918E-1	2.811984625E-2
8.270000000E0	2.792639051E-1	2.845379712E-2
8.280000000E0	2.773866213E-1	2.874248936E-2
8.290000000E0	2.756071771E-1	2.903612067E-2
8.300000000E0	2.739561577E-1	2.937973089E-2
8.310000000E0	2.723165860E-1	2.977988995E-2
8.320000000E0	2.709505998E-1	2.996416682E-2
8.330000000E0	2.695362552E-1	3.008946606E-2
8.340000000E0	2.684309175E-1	3.046691707E-2
8.350000000E0	2.674073919E-1	3.078507197E-2
8.360000000E0	2.663376225E-1	3.094000178E-2
8.370000000E0	2.654846918E-1	3.108608405E-2
8.380000000E0	2.646740571E-1	3.122590940E-2
8.390000000E0	2.640354278E-1	3.134448845E-2
8.400000000E0	2.635649576E-1	3.133423654E-2
8.410000000E0	2.632605138E-1	3.117416518E-2
8.420000000E0	2.630026534E-1	3.131670158E-2
8.430000000E0	2.629584882E-1	3.116933482E-2
8.440000000E0	2.629743978E-1	3.112803104E-2
8.450000000E0	2.631807016E-1	3.105428423E-2
8.460000000E0	2.633402996E-1	3.099046467E-2
8.470000000E0	2.635133429E-1	3.091003046E-2
8.480000000E0	2.639630747E-1	3.090985288E-2
8.490000000E0	2.646195747E-1	3.086580079E-2
8.500000000E0	2.653685944E-1	3.078513014E-2
8.510000000E0	2.660194952E-1	3.070582669E-2
8.520000000E0	2.668459361E-1	3.060759081E-2
8.530000000E0	2.676904730E-1	3.056042299E-2
8.540000000E0	2.690253195E-1	3.030603211E-2
8.550000000E0	2.700630765E-1	2.984798646E-2
8.560000000E0	2.712279875E-1	2.973301390E-2
8.570000000E0	2.728486779E-1	2.946437054E-2
8.580000000E0	2.743936489E-1	2.915102148E-2
8.590000000E0	2.760265406E-1	2.875260051E-2
8.600000000E0	2.775851044E-1	2.844364244E-2
8.610000000E0	2.795020479E-1	2.808406152E-2
8.620000000E0	2.816068602E-1	2.763582188E-2
8.630000000E0	2.839332030E-1	2.728102689E-2
8.640000000E0	2.858098200E-1	2.678106293E-2
8.650000000E0	2.879169914E-1	2.633657082E-2
8.660000000E0	2.904847226E-1	2.587083082E-2
8.670000000E0	2.930317730E-1	2.543320869E-2
8.680000000E0	2.956166261E-1	2.482135654E-2
8.690000000E0	2.983517146E-1	2.432090046E-2
8.700000000E0	3.011688686E-1	2.376717080E-2
8.710000000E0	3.039709368E-1	2.309706989E-2
8.720000000E0	3.071024640E-1	2.237687608E-2
8.730000000E0	3.102972757E-1	2.197440695E-2
8.740000000E0	3.135537076E-1	2.128697240E-2
8.750000000E0	3.167508007E-1	2.076605771E-2
8.760000000E0	3.199334534E-1	2.007157660E-2
8.770000000E0	3.234839984E-1	1.958134967E-2
8.780000000E0	3.270186403E-1	1.885031810E-2
8.790000000E0	3.307682589E-1	1.813513684E-2
8.800000000E0	3.345363113E-1	1.762169826E-2
8.810000000E0	3.383521328E-1	1.696765857E-2
8.820000000E0	3.420745629E-1	1.651485699E-2
8.830000000E0	3.461683005E-1	1.604261704E-2
8.840000000E0	3.503493842E-1	1.537678095E-2
8.850000000E0	3.547135377E-1	1.479041210E-2
8.860000000E0	3.590072361E-1	1.417266566E-2
8.870000000E0	3.633510204E-1	1.354606525E-2
8.880000000E0	3.678052681E-1	1.309846113E-2
8.890000000E0	3.723848566E-1	1.244490030E-2
8.900000000E0	3.767708932E-1	1.196222753E-2
8.910000000E0	3.812702168E-1	1.135914505E-2
8.920000000E0	3.858776340E-1	1.109081895E-2
8.930000000E0	3.903109578E-1	1.089830358E-2
8.940000000E0	3.948778965E-1	1.029706071E-2
8.950000000E0	3.994449938E-1	9.999359573E-3
8.960000000E0	4.039513778E-1	9.787532173E-3
8.970000000E0	4.087758738E-1	9.322098262E-3
8.980000000E0	4.133739095E-1	9.021556666E-3
8.990000000E0	4.179576673E-1	9.343786642E-3
9.000000000E0	4.228813160E-1	9.222642117E-3
9.010000000E0	4.278619345E-1	9.027516280E-3
9.020000000E0	4.332037726E-1	8.142291291E-3
9.030000000E0	4.378570372E-1	7.817482473E-3
9.040000000E0	4.427158549E-1	7.589994429E-3
9.050000000E0	4.478281475E-1	7.556887772E-3
9.060000000E0	4.528877125E-1	7.449735533E-3
9.070000000E0	4.578184129E-1	7.499338474E-3
9.080000000E0	4.628062405E-1	7.545524365E-3
9.090000000E0	4.679858418E-1	7.580757001E-3
9.100000000E0	4.729469559E-1	7.444581323E-3
9.110000000E0	4.781957482E-1	7.270029058E-3
9.120000000E0	4.832039502E-1	7.491426307E-3
9.130000000E0	4.883870690E-1	7.515438679E-3
9.140000000E0	4.934298233E-1	7.434607481E-3
9.150000000E0	4.983389807E-1	7.537729486E-3
9.160000000E0	5.036346779E-1	7.611377365E-3
9.170000000E0	5.085029148E-1	7.671451357E-3
9.180000000E0	5.134931748E-1	7.718125303E-3
9.190000000E0	5.185837418E-1	7.742928923E-3
9.200000000E0	5.233576581E-1	7.765592072E-3
9.210000000E0	5.284910552E-1	7.849613283E-3
9.220000000E0	5.334028290E-1	7.796678067E-3
9.230000000E0	5.383830134E-1	7.827794782E-3
9.240000000E0	5.433331130E-1	7.794547490E-3
9.250000000E0	5.482751748E-1	7.865049739E-3
9.260000000E0	5.533455210E-1	7.812432185E-3
9.270000000E0	5.582111658E-1	7.904278503E-3
9.280000000E0	5.631802539E-1	7.874746243E-3
9.290000000E0	5.682619641E-1	7.908274690E-3
9.300000000E0	5.731713398E-1	7.931360693E-3
9.310000000E0	5.781514398E-1	8.225620180E-3
9.320000000E0	5.828762316E-1	8.039368563E-3
9.330000000E0	5.879890270E-1	8.099144169E-3
9.340000000E0	5.928759445E-1	7.934404600E-3
9.350000000E0	5.978438865E-1	7.944231256E-3
9.360000000E0	6.026161942E-1	8.128027977E-3
9.370000000E0	6.070067104E-1	8.398578460E-3
9.380000000E0	6.115390170E-1	9.061272676E-3
9.390000000E0	6.164591144E-1	9.120985438E-3
9.400000000E0	6.211242838E-1	9.114894094E-3
9.410000000E0	6.257681285E-1	9.071865196E-3
9.420000000E0	6.304589602E-1	9.064934226E-3
