mass_A
t	x	y
0.000000000E0	-3.062676682E-3	1.361555654E-1
1.000000000E-2	-3.890667761E-3	1.372595535E-1
2.000000000E-2	-3.015257094E-3	1.368921245E-1
3.000000000E-2	-2.064097010E-3	1.363173919E-1
4.000000000E-2	-7.587128605E-4	1.354816290E-1
5.000000000E-2	6.473895764E-4	1.340637742E-1
6.000000000E-2	2.674316375E-3	1.328628487E-1
7.000000000E-2	5.084713931E-3	1.316328239E-1
8.000000000E-2	7.314819319E-3	1.299610523E-1
9.000000000E-2	1.032753826E-2	1.281738652E-1
1.000000000E-1	1.332901545E-2	1.263349326E-1
1.100000000E-1	1.643006086E-2	1.241544836E-1
1.200000000E-1	1.986300525E-2	1.221706082E-1
1.300000000E-1	2.369725027E-2	1.195844151E-1
1.400000000E-1	2.780463598E-2	1.172535949E-1
1.500000000E-1	3.234075761E-2	1.146906515E-1
1.600000000E-1	3.703567613E-2	1.125133285E-1
1.700000000E-1	4.191525408E-2	1.109830601E-1
1.800000000E-1	4.704450978E-2	1.091531270E-1
1.900000000E-1	5.287105500E-2	1.055137659E-1
2.000000000E-1	5.813259890E-2	1.003791351E-1
2.100000000E-1	6.361137455E-2	9.661228900E-2
2.200000000E-1	7.004537993E-2	9.321198327E-2
2.300000000E-1	7.666057035E-2	8.984067604E-2
2.400000000E-1	8.355401067E-2	8.639580080E-2
2.500000000E-1	9.058844659E-2	8.311025771E-2
2.600000000E-1	9.777516168E-2	7.986251764E-2
2.700000000E-1	1.053654597E-1	7.658498126E-2
2.800000000E-1	1.131636322E-1	7.316180166E-2
2.900000000E-1	1.210168990E-1	6.988605140E-2
3.000000000E-1	1.291340211E-1	6.665491245E-2
3.100000000E-1	1.373582098E-1	6.336473883E-2
3.200000000E-1	1.456895653E-1	6.018530460E-2
3.300000000E-1	1.541249193E-1	5.714927124E-2
3.400000000E-1	1.627483257E-1	5.434525198E-2
3.500000000E-1	1.715653064E-1	5.130124389E-2
3.600000000E-1	1.805498536E-1	4.848519751E-2
3.700000000E-1	1.897051911E-1	4.577092058E-2
3.800000000E-1	1.991039375E-1	4.329576219E-2
3.900000000E-1	2.085205731E-1	4.056936582E-2
4.000000000E-1	2.179213982E-1	3.813961994E-2
4.100000000E-1	2.282867526E-1	3.876787370E-2
4.200000000E-1	2.381496673E-1	3.632554629E-2
4.300000000E-1	2.478773752E-1	3.116657662E-2
4.400000000E-1	2.584716921E-1	2.808987661E-2
4.500000000E-1	2.690180218E-1	2.579608542E-2
4.600000000E-1	2.793839515E-1	2.364077062E-2
4.700000000E-1	2.898398746E-1	2.150365465E-2
4.800000000E-1	3.005283997E-1	1.948034697E-2
4.900000000E-1	3.112243380E-1	1.769614518E-2
5.000000000E-1	3.219919212E-1	1.589874586E-2
5.100000000E-1	3.328616013E-1	1.453023905E-2
5.200000000E-1	3.440116986E-1	1.275981529E-2
5.300000000E-1	3.551648302E-1	1.143156633E-2
5.400000000E-1	3.662144135E-1	1.020092978E-2
5.500000000E-1	3.774607470E-1	9.104643627E-3
5.600000000E-1	3.884314814E-1	8.106481504E-3
5.700000000E-1	3.994187253E-1	7.259348153E-3
5.800000000E-1	4.099107604E-1	7.191190420E-3
5.900000000E-1	4.209771311E-1	9.815829664E-3
6.000000000E-1	4.329523176E-1	5.779586738E-3
6.100000000E-1	4.444374036E-1	4.943990547E-3
6.200000000E-1	4.562874017E-1	4.776705525E-3
6.300000000E-1	4.676827713E-1	4.461547654E-3
6.400000000E-1	4.788946572E-1	4.265098553E-3
6.500000000E-1	4.902921175E-1	4.236715368E-3
6.600000000E-1	5.015859648E-1	4.341075438E-3
6.700000000E-1	5.127834994E-1	4.618196915E-3
6.800000000E-1	5.238436656E-1	4.724404508E-3
6.900000000E-1	5.348877964E-1	4.800450425E-3
7.000000000E-1	5.460284334E-1	4.827255483E-3
7.100000000E-1	5.571064898E-1	4.900516973E-3
7.200000000E-1	5.681671879E-1	5.173070391E-3
7.300000000E-1	5.792361317E-1	5.606098513E-3
7.400000000E-1	5.902403638E-1	5.818909378E-3
7.500000000E-1	6.008370636E-1	6.330573862E-3
7.600000000E-1	6.108272090E-1	9.810810495E-3
7.700000000E-1	6.231183417E-1	7.006291900E-3
7.800000000E-1	6.339147240E-1	6.837715239E-3
7.900000000E-1	6.450624639E-1	7.588852914E-3
8.000000000E-1	6.557409099E-1	8.556040792E-3
8.100000000E-1	6.661373469E-1	9.314903564E-3
8.200000000E-1	6.767262787E-1	1.056558463E-2
8.300000000E-1	6.874658219E-1	1.214323063E-2
8.400000000E-1	6.978120599E-1	1.363029625E-2
8.500000000E-1	7.081619348E-1	1.515812049E-2
8.600000000E-1	7.182109571E-1	1.686225263E-2
8.700000000E-1	7.281542128E-1	1.880664962E-2
8.800000000E-1	7.378464267E-1	2.065430847E-2
8.900000000E-1	7.475292903E-1	2.261137023E-2
9.000000000E-1	7.568267226E-1	2.467181758E-2
9.100000000E-1	7.658947269E-1	2.693667584E-2
9.200000000E-1	7.746639080E-1	2.904816988E-2
9.300000000E-1	7.833384098E-1	3.133871714E-2
9.400000000E-1	7.912650697E-1	3.477398328E-2
9.500000000E-1	7.998028765E-1	3.887214787E-2
9.600000000E-1	8.088064874E-1	3.922119620E-2
9.700000000E-1	8.173560474E-1	4.060265621E-2
9.800000000E-1	8.256144060E-1	4.266408906E-2
9.900000000E-1	8.337231914E-1	4.494789497E-2
1.000000000E0	8.414122930E-1	4.714358161E-2
1.010000000E0	8.487024720E-1	4.936717925E-2
1.020000000E0	8.559241926E-1	5.168318079E-2
1.030000000E0	8.629299160E-1	5.404868874E-2
1.040000000E0	8.696698591E-1	5.656217052E-2
1.050000000E0	8.761721856E-1	5.888522896E-2
1.060000000E0	8.826168599E-1	6.120115801E-2
1.070000000E0	8.890181378E-1	6.347199994E-2
1.080000000E0	8.948886034E-1	6.581246351E-2
1.090000000E0	9.009128943E-1	6.835600612E-2
1.100000000E0	9.066495605E-1	7.092408645E-2
1.110000000E0	9.119992718E-1	7.322899727E-2
1.120000000E0	9.171251766E-1	7.550293660E-2
1.130000000E0	9.222030777E-1	7.771396131E-2
1.140000000E0	9.267803225E-1	7.990251452E-2
1.150000000E0	9.311890837E-1	8.207577794E-2
1.160000000E0	9.354217047E-1	8.422114317E-2
1.170000000E0	9.390159875E-1	8.630678379E-2
1.180000000E0	9.424181901E-1	8.800488540E-2
1.190000000E0	9.456580833E-1	8.966348843E-2
1.200000000E0	9.487721490E-1	9.090459047E-2
1.210000000E0	9.513014906E-1	9.212706827E-2
1.220000000E0	9.537962178E-1	9.329638960E-2
1.230000000E0	9.558639433E-1	9.436240644E-2
1.240000000E0	9.577609884E-1	9.534504236E-2
1.250000000E0	9.596913098E-1	9.632580383E-2
1.260000000E0	9.611074434E-1	9.726113712E-2
1.270000000E0	9.623037645E-1	9.772640532E-2
1.280000000E0	9.632964164E-1	9.843233533E-2
1.290000000E0	9.642814569E-1	9.871257277E-2
1.300000000E0	9.649557564E-1	9.896653891E-2
1.310000000E0	9.654220135E-1	9.905739408E-2
1.320000000E0	9.655269313E-1	9.893504378E-2
1.330000000E0	9.654642498E-1	9.873731054E-2
1.340000000E0	9.653361137E-1	9.860119310E-2
1.350000000E0	9.646292403E-1	9.840900619E-2
1.360000000E0	9.640464765E-1	9.773614824E-2
1.370000000E0	9.631088745E-1	9.734621659E-2
1.380000000E0	9.619359313E-1	9.645555652E-2
1.390000000E0	9.604535374E-1	9.552434382E-2
1.400000000E0	9.588446767E-1	9.452740643E-2
1.410000000E0	9.568475413E-1	9.331284725E-2
1.420000000E0	9.546849957E-1	9.215304869E-2
1.430000000E0	9.522656388E-1	9.090635037E-2
1.440000000E0	9.498915257E-1	8.968877984E-2
1.450000000E0	9.470274384E-1	8.835177085E-2
1.460000000E0	9.441685994E-1	8.671047646E-2
1.470000000E0	9.410401382E-1	8.528118625E-2
1.480000000E0	9.376633633E-1	8.350853508E-2
1.490000000E0	9.341215598E-1	8.184029696E-2
1.500000000E0	9.302333838E-1	7.991248674E-2
1.510000000E0	9.262349954E-1	7.815087068E-2
1.520000000E0	9.222484357E-1	7.631721600E-2
1.530000000E0	9.178571079E-1	7.429884846E-2
1.540000000E0	9.133352946E-1	7.218428892E-2
1.550000000E0	9.083372040E-1	7.006358636E-2
1.560000000E0	9.033982508E-1	6.811054115E-2
1.570000000E0	8.980522000E-1	6.587275876E-2
1.580000000E0	8.925314364E-1	6.381156768E-2
1.590000000E0	8.869089706E-1	6.143585948E-2
1.600000000E0	8.809256345E-1	5.909158326E-2
1.610000000E0	8.747845120E-1	5.700395589E-2
1.620000000E0	8.683955522E-1	5.462289089E-2
1.630000000E0	8.619176807E-1	5.235291854E-2
1.640000000E0	8.552237208E-1	5.014325525E-2
1.650000000E0	8.485021930E-1	4.800383819E-2
1.660000000E0	8.417136146E-1	4.591501842E-2
1.670000000E0	8.349547983E-1	4.400448444E-2
1.680000000E0	8.276419010E-1	4.197666741E-2
1.690000000E0	8.201934166E-1	4.000384499E-2
1.700000000E0	8.128009554E-1	3.794279252E-2
1.710000000E0	8.054519310E-1	3.615884592E-2
1.720000000E0	7.976016073E-1	3.500536826E-2
1.730000000E0	7.897117624E-1	3.201020284E-2
1.740000000E0	7.821916352E-1	2.908126258E-2
1.750000000E0	7.741105119E-1	2.700546110E-2
1.760000000E0	7.658311041E-1	2.480206746E-2
1.770000000E0	7.574228085E-1	2.279153726E-2
1.780000000E0	7.490357771E-1	2.049827003E-2
1.790000000E0	7.403866350E-1	1.842560403E-2
1.800000000E0	7.317694107E-1	1.663805988E-2
1.810000000E0	7.229791242E-1	1.476080687E-2
1.820000000E0	7.141581318E-1	1.317470243E-2
1.830000000E0	7.050076041E-1	1.148343607E-2
1.840000000E0	6.961184126E-1	1.010227337E-2
1.850000000E0	6.870337049E-1	8.582407024E-3
1.860000000E0	6.777775959E-1	7.027895979E-3
1.870000000E0	6.683811048E-1	5.967043309E-3
1.880000000E0	6.588355380E-1	4.782584433E-3
1.890000000E0	6.495111564E-1	4.122522945E-3
1.900000000E0	6.399241654E-1	3.401142365E-3
1.910000000E0	6.301035372E-1	2.600544381E-3
1.920000000E0	6.208962841E-1	2.795337742E-3
1.930000000E0	6.111790734E-1	3.048436685E-3
1.940000000E0	6.016113853E-1	2.101002674E-3
1.950000000E0	5.923600281E-1	1.667623760E-3
1.960000000E0	5.832182973E-1	1.524808030E-3
1.970000000E0	5.737526248E-1	1.383896499E-3
1.980000000E0	5.644293249E-1	1.322956002E-3
1.990000000E0	5.549397858E-1	1.244376521E-3
2.000000000E0	5.455270719E-1	1.267592148E-3
2.010000000E0	5.360672733E-1	1.282056520E-3
2.020000000E0	5.265225585E-1	1.198100836E-3
2.030000000E0	5.170988963E-1	1.203571400E-3
2.040000000E0	5.076562560E-1	1.089944467E-3
2.050000000E0	4.983597662E-1	1.323127733E-3
2.060000000E0	4.891305753E-1	1.399277417E-3
2.070000000E0	4.798053811E-1	1.421839632E-3
2.080000000E0	4.707482891E-1	1.582010850E-3
2.090000000E0	4.617344437E-1	1.699546650E-3
2.100000000E0	4.523459161E-1	1.803731084E-3
2.110000000E0	4.431964418E-1	2.227538392E-3
2.120000000E0	4.339944303E-1	2.634427064E-3
2.130000000E0	4.254106573E-1	3.998306620E-3
2.140000000E0	4.157819073E-1	4.969897203E-3
2.150000000E0	4.067827841E-1	4.438142647E-3
2.160000000E0	3.980419567E-1	4.645380274E-3
2.170000000E0	3.891619766E-1	5.481779686E-3
2.180000000E0	3.803250522E-1	6.323906019E-3
2.190000000E0	3.718037945E-1	6.976750603E-3
2.200000000E0	3.634501469E-1	8.058445995E-3
2.210000000E0	3.550322399E-1	9.022641360E-3
2.220000000E0	3.467595817E-1	1.020221235E-2
2.230000000E0	3.384356142E-1	1.133649296E-2
2.240000000E0	3.304660613E-1	1.245923169E-2
2.250000000E0	3.222417635E-1	1.363277708E-2
2.260000000E0	3.140712084E-1	1.486770575E-2
2.270000000E0	3.061533652E-1	1.621696367E-2
2.280000000E0	2.984674296E-1	1.774538060E-2
2.290000000E0	2.908640269E-1	1.908481509E-2
2.300000000E0	2.833516288E-1	2.027502016E-2
2.310000000E0	2.762140622E-1	2.165073615E-2
2.320000000E0	2.689487937E-1	2.316638688E-2
2.330000000E0	2.619383343E-1	2.467751586E-2
2.340000000E0	2.549995275E-1	2.609312678E-2
2.350000000E0	2.482085410E-1	2.766896790E-2
2.360000000E0	2.418653805E-1	2.926936343E-2
2.370000000E0	2.358236830E-1	3.138932048E-2
2.380000000E0	2.293579182E-1	3.337931725E-2
2.390000000E0	2.226408141E-1	3.433730340E-2
2.400000000E0	2.166368702E-1	3.529820740E-2
2.410000000E0	2.108266945E-1	3.669214293E-2
2.420000000E0	2.048403797E-1	3.813566972E-2
2.430000000E0	1.992050388E-1	3.992574580E-2
2.440000000E0	1.937043648E-1	4.135615064E-2
2.450000000E0	1.883642413E-1	4.271509820E-2
2.460000000E0	1.833092449E-1	4.439788613E-2
2.470000000E0	1.783338372E-1	4.565781244E-2
2.480000000E0	1.736230772E-1	4.704497686E-2
2.490000000E0	1.691611201E-1	4.856592704E-2
2.500000000E0	1.648456044E-1	5.000321886E-2
2.510000000E0	1.606059263E-1	5.122203945E-2
2.520000000E0	1.565256085E-1	5.244363637E-2
2.530000000E0	1.528776642E-1	5.361844401E-2
2.540000000E0	1.495074401E-1	5.474137599E-2
2.550000000E0	1.463235955E-1	5.580514142E-2
2.560000000E0	1.432182695E-1	5.684359858E-2
2.570000000E0	1.405675477E-1	5.793864849E-2
2.580000000E0	1.377127325E-1	5.888604871E-2
2.590000000E0	1.352362245E-1	5.995080222E-2
2.600000000E0	1.329966736E-1	6.097257328E-2
2.610000000E0	1.308622613E-1	6.184626146E-2
2.620000000E0	1.287339525E-1	6.247354768E-2
2.630000000E0	1.272985395E-1	6.328678213E-2
2.640000000E0	1.254306903E-1	6.373204581E-2
2.650000000E0	1.241906739E-1	6.435157514E-2
2.660000000E0	1.230000656E-1	6.468691842E-2
2.670000000E0	1.220597799E-1	6.531893971E-2
2.680000000E0	1.210815775E-1	6.550560333E-2
2.690000000E0	1.206498779E-1	6.582784452E-2
2.700000000E0	1.199939559E-1	6.581465937E-2
2.710000000E0	1.197904510E-1	6.588315626E-2
2.720000000E0	1.197610306E-1	6.582121574E-2
2.730000000E0	1.198633919E-1	6.566775744E-2
2.740000000E0	1.202622643E-1	6.557012121E-2
2.750000000E0	1.208090565E-1	6.547512255E-2
2.760000000E0	1.216987994E-1	6.531591681E-2
2.770000000E0	1.222661912E-1	6.462476296E-2
2.780000000E0	1.233341067E-1	6.424431719E-2
2.790000000E0	1.244343298E-1	6.350634477E-2
2.800000000E0	1.260985868E-1	6.321740605E-2
2.810000000E0	1.275439842E-1	6.232034135E-2
2.820000000E0	1.296442881E-1	6.176143073E-2
2.830000000E0	1.317079984E-1	6.107616993E-2
2.840000000E0	1.339453575E-1	6.008375911E-2
2.850000000E0	1.362940854E-1	5.903299668E-2
2.860000000E0	1.387577796E-1	5.797264773E-2
2.870000000E0	1.416968039E-1	5.690909734E-2
2.880000000E0	1.447153552E-1	5.587765559E-2
2.890000000E0	1.479476222E-1	5.462873903E-2
2.900000000E0	1.515897893E-1	5.341886851E-2
2.910000000E0	1.550833553E-1	5.217399907E-2
2.920000000E0	1.587112051E-1	5.094450652E-2
2.930000000E0	1.627322993E-1	4.971440776E-2
2.940000000E0	1.668195560E-1	4.828892454E-2
2.950000000E0	1.711822600E-1	4.679342277E-2
2.960000000E0	1.759221639E-1	4.545848536E-2
2.970000000E0	1.804691709E-1	4.388586068E-2
2.980000000E0	1.852752886E-1	4.230923716E-2
2.990000000E0	1.903195003E-1	4.097691736E-2
3.000000000E0	1.952991021E-1	3.930441647E-2
3.010000000E0	2.005091632E-1	3.784283867E-2
3.020000000E0	2.059654225E-1	3.633480775E-2
3.030000000E0	2.114994836E-1	3.469837863E-2
3.040000000E0	2.169305354E-1	3.342780644E-2
3.050000000E0	2.225695616E-1	3.257240993E-2
3.060000000E0	2.290305951E-1	3.190816101E-2
3.070000000E0	2.354596958E-1	3.004164918E-2
3.080000000E0	2.412988399E-1	2.777551942E-2
3.090000000E0	2.471316227E-1	2.581758704E-2
3.100000000E0	2.536313954E-1	2.444334255E-2
3.110000000E0	2.600254625E-1	2.295339627E-2
3.120000000E0	2.667978376E-1	2.131818569E-2
3.130000000E0	2.736908117E-1	2.000811491E-2
3.140000000E0	2.806345348E-1	1.873387386E-2
3.150000000E0	2.875797098E-1	1.720673259E-2
3.160000000E0	2.950049723E-1	1.592176075E-2
3.170000000E0	3.022147666E-1	1.469573576E-2
3.180000000E0	3.096575145E-1	1.347191075E-2
3.190000000E0	3.172285812E-1	1.232794269E-2
3.200000000E0	3.248852515E-1	1.120325980E-2
3.210000000E0	3.326190268E-1	1.013010298E-2
3.220000000E0	3.403183189E-1	9.113788193E-3
3.230000000E0	3.481189668E-1	8.087083582E-3
3.240000000E0	3.559211997E-1	7.073482428E-3
3.250000000E0	3.636828246E-1	6.140431412E-3
3.260000000E0	3.715217878E-1	5.395746584E-3
3.270000000E0	3.792757155E-1	4.769162187E-3
3.280000000E0	3.871420222E-1	3.862247587E-3
3.290000000E0	3.954085245E-1	3.488705105E-3
3.300000000E0	4.033267948E-1	2.794653799E-3
3.310000000E0	4.110044856E-1	2.981642033E-3
3.320000000E0	4.198751746E-1	4.308528030E-3
3.330000000E0	4.282453162E-1	2.240629689E-3
3.340000000E0	4.362512977E-1	1.453881483E-3
3.350000000E0	4.445212544E-1	1.145248450E-3
3.360000000E0	4.530591401E-1	1.102147594E-3
3.370000000E0	4.610518385E-1	9.090512829E-4
3.380000000E0	4.692128869E-1	5.518104694E-4
3.390000000E0	4.774026848E-1	4.395546686E-4
3.400000000E0	4.854355908E-1	3.251041781E-4
3.410000000E0	4.935290728E-1	4.025807216E-4
3.420000000E0	5.017217139E-1	3.510135086E-4
3.430000000E0	5.097491934E-1	3.487937375E-4
3.440000000E0	5.180282775E-1	4.102418436E-4
3.450000000E0	5.260325516E-1	4.606151743E-4
3.460000000E0	5.340853314E-1	4.406899994E-4
3.470000000E0	5.423663416E-1	5.615785328E-4
3.480000000E0	5.503188541E-1	5.967305921E-4
3.490000000E0	5.583198204E-1	5.925564541E-4
3.500000000E0	5.663557419E-1	7.848171942E-4
3.510000000E0	5.744892933E-1	6.399590245E-4
3.520000000E0	5.823704169E-1	6.661514565E-4
3.530000000E0	5.900975024E-1	7.203981339E-4
3.540000000E0	5.978244786E-1	1.064386853E-3
3.550000000E0	6.052859769E-1	2.021746619E-3
3.560000000E0	6.134137971E-1	2.946205611E-3
3.570000000E0	6.212094414E-1	2.102159688E-3
3.580000000E0	6.290608355E-1	2.099514720E-3
3.590000000E0	6.367746009E-1	2.597799447E-3
3.600000000E0	6.446344725E-1	3.382762448E-3
3.610000000E0	6.521156746E-1	3.931783926E-3
3.620000000E0	6.596975975E-1	4.669263448E-3
3.630000000E0	6.673184836E-1	5.566598510E-3
3.640000000E0	6.749114468E-1	6.550449745E-3
3.650000000E0	6.819796403E-1	7.310440209E-3
3.660000000E0	6.892544484E-1	8.293278998E-3
3.670000000E0	6.962212375E-1	9.258104114E-3
3.680000000E0	7.032042865E-1	1.030593774E-2
3.690000000E0	7.100156138E-1	1.154162881E-2
3.700000000E0	7.168729049E-1	1.262139399E-2
3.710000000E0	7.234740247E-1	1.377422050E-2
3.720000000E0	7.300002073E-1	1.496462237E-2
3.730000000E0	7.363247895E-1	1.602675618E-2
3.740000000E0	7.423920611E-1	1.746540322E-2
3.750000000E0	7.488578428E-1	1.879949770E-2
3.760000000E0	7.546684282E-1	2.016640557E-2
3.770000000E0	7.605704199E-1	2.139841334E-2
3.780000000E0	7.663317586E-1	2.280166453E-2
3.790000000E0	7.721576986E-1	2.418432330E-2
3.800000000E0	7.776576143E-1	2.563761045E-2
3.810000000E0	7.824892320E-1	2.686395900E-2
3.820000000E0	7.871510779E-1	2.851039275E-2
3.830000000E0	7.919736808E-1	2.980661118E-2
3.840000000E0	7.968723105E-1	3.146416717E-2
3.850000000E0	8.016052692E-1	3.279368001E-2
3.860000000E0	8.061545774E-1	3.344758898E-2
3.870000000E0	8.105339433E-1	3.436404201E-2
3.880000000E0	8.148320159E-1	3.564972553E-2
3.890000000E0	8.187705992E-1	3.674928117E-2
3.900000000E0	8.226400665E-1	3.797720441E-2
3.910000000E0	8.264107904E-1	3.903059847E-2
3.920000000E0	8.298828032E-1	4.012579781E-2
3.930000000E0	8.331329729E-1	4.121139072E-2
3.940000000E0	8.362497260E-1	4.221927123E-2
3.950000000E0	8.393842679E-1	4.327764563E-2
3.960000000E0	8.421467570E-1	4.424026322E-2
3.970000000E0	8.449041283E-1	4.509510715E-2
3.980000000E0	8.472655730E-1	4.586525751E-2
3.990000000E0	8.495840844E-1	4.672517213E-2
4.000000000E0	8.518180700E-1	4.763412523E-2
4.010000000E0	8.538999802E-1	4.817118146E-2
4.020000000E0	8.559591771E-1	4.889334878E-2
4.030000000E0	8.575043457E-1	4.943786265E-2
4.040000000E0	8.592618670E-1	5.001591079E-2
4.050000000E0	8.605317892E-1	5.043030322E-2
4.060000000E0	8.617398700E-1	5.104528239E-2
4.070000000E0	8.628011652E-1	5.125928580E-2
4.080000000E0	8.638083601E-1	5.182409117E-2
4.090000000E0	8.645907399E-1	5.224073318E-2
4.100000000E0	8.650574203E-1	5.234528468E-2
4.110000000E0	8.656873932E-1	5.244897182E-2
4.120000000E0	8.660229051E-1	5.238581874E-2
4.130000000E0	8.661263283E-1	5.236112992E-2
4.140000000E0	8.661122341E-1	5.232475873E-2
4.150000000E0	8.660651952E-1	5.227776881E-2
4.160000000E0	8.659166245E-1	5.223360673E-2
4.170000000E0	8.652613611E-1	5.212432749E-2
4.180000000E0	8.648097868E-1	5.193261049E-2
4.190000000E0	8.638657836E-1	5.144196645E-2
4.200000000E0	8.628197628E-1	5.114648429E-2
4.210000000E0	8.616769416E-1	5.089511461E-2
4.220000000E0	8.604698517E-1	5.017344811E-2
4.230000000E0	8.591447664E-1	4.984959727E-2
4.240000000E0	8.572897152E-1	4.907673522E-2
4.250000000E0	8.556146245E-1	4.863912124E-2
4.260000000E0	8.537817043E-1	4.793161461E-2
4.270000000E0	8.516112469E-1	4.723105290E-2
4.280000000E0	8.494162858E-1	4.660126516E-2
4.290000000E0	8.470600250E-1	4.569867747E-2
4.300000000E0	8.442966972E-1	4.474746269E-2
4.310000000E0	8.416858864E-1	4.422104673E-2
4.320000000E0	8.386424460E-1	4.332423016E-2
4.330000000E0	8.356421095E-1	4.235542012E-2
4.340000000E0	8.325486807E-1	4.138480886E-2
4.350000000E0	8.293932711E-1	4.032091359E-2
4.360000000E0	8.257392284E-1	3.927307840E-2
4.370000000E0	8.219563863E-1	3.816887709E-2
4.380000000E0	8.183145634E-1	3.704779072E-2
4.390000000E0	8.143647914E-1	3.588006347E-2
4.400000000E0	8.104101858E-1	3.472756713E-2
4.410000000E0	8.064314248E-1	3.366966796E-2
4.420000000E0	8.023559050E-1	3.299696396E-2
4.430000000E0	7.977949284E-1	3.254466344E-2
4.440000000E0	7.930397023E-1	3.144457613E-2
4.450000000E0	7.880995775E-1	2.923936308E-2
4.460000000E0	7.833624097E-1	2.751791177E-2
4.470000000E0	7.785195331E-1	2.608455761E-2
4.480000000E0	7.732994054E-1	2.471245395E-2
4.490000000E0	7.680290575E-1	2.336156530E-2
4.500000000E0	7.624554852E-1	2.217379733E-2
4.510000000E0	7.568111904E-1	2.071217798E-2
4.520000000E0	7.512119784E-1	1.922156060E-2
4.530000000E0	7.456332783E-1	1.797305921E-2
4.540000000E0	7.399156021E-1	1.675910269E-2
4.550000000E0	7.337851161E-1	1.543131918E-2
4.560000000E0	7.279067796E-1	1.437111017E-2
4.570000000E0	7.215361515E-1	1.303714981E-2
4.580000000E0	7.154620676E-1	1.171952560E-2
4.590000000E0	7.092718587E-1	1.044276619E-2
4.600000000E0	7.027686002E-1	9.244355301E-3
4.610000000E0	6.962022454E-1	8.135849540E-3
4.620000000E0	6.895187761E-1	7.065558340E-3
4.630000000E0	6.828357338E-1	5.952201025E-3
4.640000000E0	6.760518616E-1	5.016881652E-3
4.650000000E0	6.691682415E-1	4.216960564E-3
4.660000000E0	6.624219178E-1	3.468305052E-3
4.670000000E0	6.553288763E-1	2.543945094E-3
4.680000000E0	6.482796085E-1	1.956637166E-3
4.690000000E0	6.411180791E-1	1.238767017E-3
4.700000000E0	6.339650729E-1	6.773815682E-4
4.710000000E0	6.268506299E-1	2.223097433E-4
4.720000000E0	6.200634086E-1	4.902676146E-4
4.730000000E0	6.129557863E-1	8.943166233E-4
4.740000000E0	6.053600457E-1	4.595199151E-4
4.750000000E0	5.985756403E-1	-4.763492672E-6
4.760000000E0	5.918743143E-1	-1.577039553E-4
4.770000000E0	5.848357951E-1	-3.148883642E-4
4.780000000E0	5.777088249E-1	-5.123362366E-4
4.790000000E0	5.705247100E-1	-6.816224660E-4
4.800000000E0	5.634410396E-1	-6.694014050E-4
4.810000000E0	5.563216369E-1	-7.791055576E-4
4.820000000E0	5.490959976E-1	-7.465699886E-4
4.830000000E0	5.418137959E-1	-8.164791784E-4
4.840000000E0	5.347421692E-1	-7.488388970E-4
4.850000000E0	5.276521704E-1	-7.495273511E-4
4.860000000E0	5.204891120E-1	-8.448055342E-4
4.870000000E0	5.136862980E-1	-8.333167512E-4
4.880000000E0	5.064672192E-1	-8.799092883E-4
4.890000000E0	4.995201658E-1	-8.380743850E-4
4.900000000E0	4.927281581E-1	-8.126553654E-4
4.910000000E0	4.856509687E-1	-8.069145059E-4
4.920000000E0	4.786385657E-1	-7.517470207E-4
4.930000000E0	4.718727495E-1	-6.863991879E-4
4.940000000E0	4.651769300E-1	-6.347761340E-4
4.950000000E0	4.583873056E-1	-5.524901066E-4
4.960000000E0	4.513689062E-1	-4.935211032E-4
4.970000000E0	4.442681512E-1	-2.942273922E-4
4.980000000E0	4.376122355E-1	2.811297871E-7
4.990000000E0	4.309436502E-1	4.827878973E-4
5.000000000E0	4.246826848E-1	1.535781725E-3
5.010000000E0	4.176156565E-1	2.635685940E-3
5.020000000E0	4.106935396E-1	2.257296001E-3
5.030000000E0	4.042905086E-1	2.041159189E-3
5.040000000E0	3.979753346E-1	2.460324118E-3
5.050000000E0	3.913357352E-1	2.960267800E-3
5.060000000E0	3.848648490E-1	3.529951021E-3
5.070000000E0	3.784997448E-1	3.912836522E-3
5.080000000E0	3.723994863E-1	4.631226281E-3
5.090000000E0	3.660776775E-1	5.133887910E-3
5.100000000E0	3.602473393E-1	5.859211649E-3
5.110000000E0	3.541286598E-1	6.645423794E-3
5.120000000E0	3.482366847E-1	7.197040622E-3
5.130000000E0	3.425086149E-1	8.087978871E-3
5.140000000E0	3.366705618E-1	8.929957739E-3
5.150000000E0	3.307736018E-1	9.637630976E-3
5.160000000E0	3.251489006E-1	1.038871289E-2
5.170000000E0	3.195990250E-1	1.135337412E-2
5.180000000E0	3.141420433E-1	1.231981013E-2
5.190000000E0	3.086773995E-1	1.324219398E-2
5.200000000E0	3.034115697E-1	1.405956063E-2
5.210000000E0	2.983433777E-1	1.489578926E-2
5.220000000E0	2.932347533E-1	1.578627289E-2
5.230000000E0	2.884921271E-1	1.679276401E-2
5.240000000E0	2.837836566E-1	1.768543245E-2
5.250000000E0	2.793683096E-1	1.860318631E-2
5.260000000E0	2.748506742E-1	1.943781746E-2
5.270000000E0	2.704177676E-1	2.031796122E-2
5.280000000E0	2.662050521E-1	2.131459075E-2
5.290000000E0	2.621695023E-1	2.224189094E-2
5.300000000E0	2.580714715E-1	2.299862807E-2
5.310000000E0	2.542790433E-1	2.390645080E-2
5.320000000E0	2.506017767E-1	2.477505008E-2
5.330000000E0	2.471917494E-1	2.557305819E-2
5.340000000E0	2.436248973E-1	2.630324184E-2
5.350000000E0	2.406507183E-1	2.712219600E-2
5.360000000E0	2.379529112E-1	2.798569912E-2
5.370000000E0	2.351794662E-1	2.902085754E-2
5.380000000E0	2.324863490E-1	2.984124917E-2
5.390000000E0	2.295528967E-1	3.043032080E-2
5.400000000E0	2.268176052E-1	3.105182467E-2
5.410000000E0	2.243076837E-1	3.168389041E-2
5.420000000E0	2.219752781E-1	3.202864764E-2
5.430000000E0	2.197002307E-1	3.250301134E-2
5.440000000E0	2.176411395E-1	3.276937095E-2
5.450000000E0	2.158407462E-1	3.301307072E-2
5.460000000E0	2.139755290E-1	3.345815531E-2
5.470000000E0	2.123574959E-1	3.386827568E-2
5.480000000E0	2.108186167E-1	3.428949994E-2
5.490000000E0	2.092194289E-1	3.466261059E-2
5.500000000E0	2.079697642E-1	3.497861105E-2
5.510000000E0	2.069036155E-1	3.534514142E-2
5.520000000E0	2.058834506E-1	3.564684440E-2
5.530000000E0	2.048998189E-1	3.575237773E-2
5.540000000E0	2.042056465E-1	3.585488683E-2
5.550000000E0	2.035715030E-1	3.594518074E-2
5.560000000E0	2.030793358E-1	3.591486986E-2
5.570000000E0	2.025988238E-1	3.587825578E-2
5.580000000E0	2.025358797E-1	3.584866537E-2
5.590000000E0	2.025262732E-1	3.578566826E-2
5.600000000E0	2.025869083E-1	3.572281139E-2
5.610000000E0	2.027309809E-1	3.567624740E-2
5.620000000E0	2.034004772E-1	3.563890490E-2
5.630000000E0	2.037799365E-1	3.553883791E-2
5.640000000E0	2.046085121E-1	3.542299494E-2
5.650000000E0	2.055230347E-1	3.524157219E-2
5.660000000E0	2.063464237E-1	3.480888826E-2
5.670000000E0	2.073202706E-1	3.453564994E-2
5.680000000E0	2.086523978E-1	3.423202545E-2
5.690000000E0	2.102030050E-1	3.371357035E-2
5.700000000E0	2.115318393E-1	3.337719203E-2
5.710000000E0	2.133247902E-1	3.286942633E-2
5.720000000E0	2.149580837E-1	3.230385179E-2
5.730000000E0	2.168455177E-1	3.201506823E-2
5.740000000E0	2.188230142E-1	3.169588935E-2
5.750000000E0	2.210325176E-1	3.126045293E-2
5.760000000E0	2.235060099E-1	3.086653592E-2
5.770000000E0	2.259184643E-1	3.045296846E-2
5.780000000E0	2.285835282E-1	2.997423474E-2
5.790000000E0	2.314437573E-1	2.926939741E-2
5.800000000E0	2.343510941E-1	2.840954783E-2
5.810000000E0	2.371906331E-1	2.726796831E-2
5.820000000E0	2.402043772E-1	2.636115912E-2
5.830000000E0	2.433134159E-1	2.559572207E-2
5.840000000E0	2.465343879E-1	2.474287626E-2
5.850000000E0	2.500391036E-1	2.388352924E-2
5.860000000E0	2.535444848E-1	2.295311544E-2
5.870000000E0	2.574685107E-1	2.225116177E-2
5.880000000E0	2.612235279E-1	2.138207608E-2
5.890000000E0	2.653404752E-1	2.046604655E-2
5.900000000E0	2.692786711E-1	1.949352315E-2
5.910000000E0	2.734557051E-1	1.872723741E-2
5.920000000E0	2.777319452E-1	1.798100815E-2
5.930000000E0	2.820894039E-1	1.702473339E-2
5.940000000E0	2.865890657E-1	1.615826201E-2
5.950000000E0	2.913554719E-1	1.531980158E-2
5.960000000E0	2.961686276E-1	1.467790102E-2
5.970000000E0	3.009696430E-1	1.371991252E-2
5.980000000E0	3.060875828E-1	1.279472166E-2
5.990000000E0	3.110706910E-1	1.213916510E-2
6.000000000E0	3.162339714E-1	1.138683270E-2
6.010000000E0	3.215203789E-1	1.043216837E-2
6.020000000E0	3.267187293E-1	9.524662306E-3
6.030000000E0	3.319182720E-1	8.922103929E-3
6.040000000E0	3.372947814E-1	8.113190789E-3
6.050000000E0	3.427556933E-1	7.367346273E-3
6.060000000E0	3.483087381E-1	6.806191998E-3
6.070000000E0	3.538017229E-1	5.958759153E-3
6.080000000E0	3.594163085E-1	5.484252970E-3
6.090000000E0	3.649777609E-1	4.831234872E-3
6.100000000E0	3.707590361E-1	4.337540281E-3
6.110000000E0	3.764431220E-1	3.819351090E-3
6.120000000E0	3.824436348E-1	3.474043822E-3
6.130000000E0	3.881103553E-1	2.701140039E-3
6.140000000E0	3.939059473E-1	2.362014385E-3
6.150000000E0	3.998751341E-1	1.688898238E-3
6.160000000E0	4.055427758E-1	1.559197400E-3
6.170000000E0	4.114185055E-1	1.591184381E-3
6.180000000E0	4.178506505E-1	1.605570969E-3
6.190000000E0	4.244434662E-1	1.096109748E-3
6.200000000E0	4.301420575E-1	1.696302285E-4
6.210000000E0	4.361504307E-1	-4.078688015E-4
6.220000000E0	4.424290751E-1	-8.040025233E-4
6.230000000E0	4.486632051E-1	-8.943767948E-4
6.240000000E0	4.549104879E-1	-1.013637262E-3
6.250000000E0	4.610789884E-1	-1.254969217E-3
6.260000000E0	4.671383438E-1	-1.328666784E-3
6.270000000E0	4.730836391E-1	-1.698057947E-3
6.280000000E0	4.790682118E-1	-1.806478357E-3
6.290000000E0	4.850553831E-1	-1.821798391E-3
6.300000000E0	4.909291861E-1	-1.856539085E-3
6.310000000E0	4.972140578E-1	-1.821373082E-3
6.320000000E0	5.031912113E-1	-1.840762729E-3
6.330000000E0	5.094266436E-1	-1.769023819E-3
6.340000000E0	5.156540043E-1	-1.675325374E-3
6.350000000E0	5.217343248E-1	-1.721291628E-3
6.360000000E0	5.280345074E-1	-1.637161038E-3
6.370000000E0	5.340042157E-1	-1.630633214E-3
6.380000000E0	5.402269056E-1	-1.556776249E-3
6.390000000E0	5.461695894E-1	-1.567934065E-3
6.400000000E0	5.523346518E-1	-1.466023096E-3
6.410000000E0	5.582083646E-1	-1.586756914E-3
6.420000000E0	5.642353813E-1	-1.354989846E-3
6.430000000E0	5.702318129E-1	-1.304070675E-3
6.440000000E0	5.759805627E-1	-1.291443650E-3
6.450000000E0	5.820221715E-1	-1.200706149E-3
6.460000000E0	5.878512807E-1	-8.910300945E-4
6.470000000E0	5.935007205E-1	-7.843528620E-4
6.480000000E0	5.987749031E-1	-4.894720619E-4
6.490000000E0	6.044409802E-1	7.292419071E-5
6.500000000E0	6.105107496E-1	8.548236464E-4
6.510000000E0	6.166289463E-1	4.954381350E-4
6.520000000E0	6.221678692E-1	-2.578730432E-5
6.530000000E0	6.280191540E-1	2.019175131E-4
6.540000000E0	6.337861932E-1	5.538457576E-4
6.550000000E0	6.396980203E-1	9.085605113E-4
6.560000000E0	6.454803137E-1	1.238307121E-3
6.570000000E0	6.510391635E-1	1.550124765E-3
6.580000000E0	6.564619626E-1	2.083536162E-3
6.590000000E0	6.618596574E-1	2.641543047E-3
6.600000000E0	6.673496141E-1	3.166040858E-3
6.610000000E0	6.726878925E-1	3.782341117E-3
6.620000000E0	6.780298418E-1	4.560232378E-3
6.630000000E0	6.829681961E-1	4.956694894E-3
6.640000000E0	6.882066240E-1	5.801632529E-3
6.650000000E0	6.928713057E-1	6.334554968E-3
6.660000000E0	6.978822163E-1	7.030353813E-3
6.670000000E0	7.025574289E-1	7.897027995E-3
6.680000000E0	7.069883153E-1	8.555601783E-3
6.690000000E0	7.113887401E-1	9.234983080E-3
6.700000000E0	7.158091567E-1	1.021875223E-2
6.710000000E0	7.200531402E-1	1.111665134E-2
6.720000000E0	7.240002009E-1	1.168034922E-2
6.730000000E0	7.280529296E-1	1.255656118E-2
6.740000000E0	7.321296539E-1	1.357148011E-2
6.750000000E0	7.358929375E-1	1.446895464E-2
6.760000000E0	7.397721016E-1	1.540067284E-2
6.770000000E0	7.433943261E-1	1.618927966E-2
6.780000000E0	7.468597152E-1	1.695027024E-2
6.790000000E0	7.501947342E-1	1.790339491E-2
6.800000000E0	7.534496195E-1	1.878772110E-2
6.810000000E0	7.566136951E-1	1.944082720E-2
6.820000000E0	7.597620071E-1	2.020061344E-2
6.830000000E0	7.625090604E-1	2.090403704E-2
6.840000000E0	7.653125669E-1	2.157434988E-2
6.850000000E0	7.678456379E-1	2.234064382E-2
6.860000000E0	7.701611189E-1	2.278059429E-2
6.870000000E0	7.724483812E-1	2.348839557E-2
6.880000000E0	7.745663985E-1	2.389603353E-2
6.890000000E0	7.766166374E-1	2.455795026E-2
6.900000000E0	7.786087693E-1	2.483396687E-2
6.910000000E0	7.802313872E-1	2.523389400E-2
6.920000000E0	7.818059975E-1	2.580201405E-2
6.930000000E0	7.832031528E-1	2.613802320E-2
6.940000000E0	7.845153251E-1	2.653594682E-2
6.950000000E0	7.855599724E-1	2.690187605E-2
6.960000000E0	7.865534333E-1	2.709402826E-2
6.970000000E0	7.874599720E-1	2.732163944E-2
6.980000000E0	7.882424492E-1	2.737713393E-2
6.990000000E0	7.889155253E-1	2.735623436E-2
7.000000000E0	7.894548825E-1	2.733807512E-2
7.010000000E0	7.898505889E-1	2.723136500E-2
7.020000000E0	7.900056050E-1	2.711778660E-2
7.030000000E0	7.900208825E-1	2.702833472E-2
7.040000000E0	7.899598024E-1	2.695928980E-2
7.050000000E0	7.898463592E-1	2.690471643E-2
7.060000000E0	7.897425081E-1	2.685601041E-2
7.070000000E0	7.893324584E-1	2.680954626E-2
7.080000000E0	7.888791007E-1	2.674734891E-2
7.090000000E0	7.883106288E-1	2.663457222E-2
7.100000000E0	7.876773089E-1	2.649719094E-2
7.110000000E0	7.865865132E-1	2.615423549E-2
7.120000000E0	7.855244053E-1	2.574074583E-2
7.130000000E0	7.842912343E-1	2.541834443E-2
7.140000000E0	7.829090726E-1	2.494237223E-2
7.150000000E0	7.813024654E-1	2.441991807E-2
7.160000000E0	7.795870190E-1	2.380641629E-2
7.170000000E0	7.777215838E-1	2.332188913E-2
7.180000000E0	7.756028584E-1	2.265835654E-2
7.190000000E0	7.733986109E-1	2.219033096E-2
7.200000000E0	7.710762528E-1	2.149048190E-2
7.210000000E0	7.687527702E-1	2.107822758E-2
7.220000000E0	7.661564384E-1	2.036798063E-2
7.230000000E0	7.635017906E-1	1.971809069E-2
7.240000000E0	7.606381677E-1	1.917335449E-2
7.250000000E0	7.577987115E-1	1.832812902E-2
7.260000000E0	7.546711262E-1	1.779837361E-2
7.270000000E0	7.513112768E-1	1.697598110E-2
7.280000000E0	7.479805559E-1	1.611497454E-2
7.290000000E0	7.445880681E-1	1.560154975E-2
7.300000000E0	7.411420842E-1	1.472894192E-2
7.310000000E0	7.372087629E-1	1.382199373E-2
7.320000000E0	7.335417895E-1	1.319647714E-2
7.330000000E0	7.296067859E-1	1.239755663E-2
7.340000000E0	7.256782407E-1	1.153007051E-2
7.350000000E0	7.214666280E-1	1.063419083E-2
7.360000000E0	7.173327866E-1	9.951897034E-3
7.370000000E0	7.130148496E-1	9.214106397E-3
7.380000000E0	7.084668506E-1	8.271195454E-3
7.390000000E0	7.041130995E-1	7.628618379E-3
7.400000000E0	6.994740770E-1	7.000936905E-3
7.410000000E0	6.949710940E-1	6.104753374E-3
7.420000000E0	6.904599154E-1	5.615179805E-3
7.430000000E0	6.857802072E-1	4.882907233E-3
7.440000000E0	6.808543574E-1	4.175911451E-3
7.450000000E0	6.760685278E-1	3.575160922E-3
7.460000000E0	6.709058254E-1	2.746866115E-3
7.470000000E0	6.661003568E-1	2.353275094E-3
7.480000000E0	6.607917467E-1	1.628277384E-3
7.490000000E0	6.557156601E-1	1.264274483E-3
7.500000000E0	6.504776061E-1	7.952528919E-4
7.510000000E0	6.451824270E-1	3.192919962E-4
7.520000000E0	6.398013752E-1	-1.986871973E-5
7.530000000E0	6.342841382E-1	-4.572080309E-4
7.540000000E0	6.288351629E-1	-8.130249257E-4
7.550000000E0	6.234264033E-1	-1.010947632E-3
7.560000000E0	6.183086411E-1	-5.553659062E-4
7.570000000E0	6.130500749E-1	-3.695108329E-4
7.580000000E0	6.073722751E-1	-6.253864279E-4
7.590000000E0	6.018747086E-1	-8.908904673E-4
7.600000000E0	5.965537835E-1	-1.416178159E-3
7.610000000E0	5.913132132E-1	-1.837453704E-3
7.620000000E0	5.859836966E-1	-1.940645393E-3
7.630000000E0	5.807076981E-1	-1.899784726E-3
7.640000000E0	5.755502839E-1	-1.940493977E-3
7.650000000E0	5.701757937E-1	-1.940271359E-3
7.660000000E0	5.647148364E-1	-1.966115015E-3
7.670000000E0	5.593502727E-1	-1.986575420E-3
7.680000000E0	5.539488408E-1	-2.064210498E-3
7.690000000E0	5.483619199E-1	-2.083686995E-3
7.700000000E0	5.429540495E-1	-1.999058734E-3
7.710000000E0	5.375911528E-1	-2.036740622E-3
7.720000000E0	5.320178583E-1	-2.104764312E-3
7.730000000E0	5.264837782E-1	-2.061950718E-3
7.740000000E0	5.209668891E-1	-2.048079486E-3
7.750000000E0	5.154702623E-1	-1.977379392E-3
7.760000000E0	5.098947718E-1	-1.981946733E-3
7.770000000E0	5.043551669E-1	-1.968204327E-3
7.780000000E0	4.989579154E-1	-1.938451606E-3
7.790000000E0	4.934342139E-1	-1.923835372E-3
7.800000000E0	4.881318756E-1	-1.889203969E-3
7.810000000E0	4.828986133E-1	-1.863808485E-3
7.820000000E0	4.775310705E-1	-1.838590129E-3
7.830000000E0	4.722242003E-1	-1.809839551E-3
7.840000000E0	4.671322085E-1	-1.727220348E-3
7.850000000E0	4.620184194E-1	-1.692895805E-3
7.860000000E0	4.567957606E-1	-1.645832794E-3
7.870000000E0	4.517298487E-1	-1.503308159E-3
7.880000000E0	4.465831122E-1	-1.481596427E-3
7.890000000E0	4.412893844E-1	-1.409690845E-3
7.900000000E0	4.363481095E-1	-1.081837137E-3
7.910000000E0	4.313175925E-1	-7.602935349E-4
7.920000000E0	4.266816219E-1	-4.765199925E-5
7.930000000E0	4.218433583E-1	7.943424919E-4
7.940000000E0	4.168677361E-1	1.030686773E-3
7.950000000E0	4.115008830E-1	1.444753020E-3
7.960000000E0	4.064516592E-1	1.370927327E-3
7.970000000E0	4.017985729E-1	1.212035734E-3
7.980000000E0	3.968908498E-1	1.558187868E-3
7.990000000E0	3.921440110E-1	1.924399560E-3
8.000000000E0	3.874189328E-1	2.254403843E-3
8.010000000E0	3.825653799E-1	2.650551558E-3
8.020000000E0	3.780087232E-1	3.055841858E-3
8.030000000E0	3.735768952E-1	3.501490866E-3
8.040000000E0	3.692088124E-1	3.751151348E-3
8.050000000E0	3.648358320E-1	4.340457019E-3
8.060000000E0	3.605163437E-1	4.815632951E-3
8.070000000E0	3.562878706E-1	5.345302607E-3
8.080000000E0	3.522407177E-1	5.919242528E-3
8.090000000E0	3.483160253E-1	6.417084802E-3
8.100000000E0	3.444185377E-1	6.903578340E-3
8.110000000E0	3.405923051E-1	7.243851455E-3
8.120000000E0	3.370033118E-1	7.915730298E-3
8.130000000E0	3.334125844E-1	8.284098824E-3
8.140000000E0	3.298229798E-1	8.954080909E-3
8.150000000E0	3.262178660E-1	9.292014622E-3
8.160000000E0	3.228932794E-1	9.972418972E-3
8.170000000E0	3.195018472E-1	1.039366911E-2
8.180000000E0	3.161338535E-1	1.108238595E-2
8.190000000E0	3.129791704E-1	1.145415490E-2
8.200000000E0	3.098033880E-1	1.186674002E-2
8.210000000E0	3.067053110E-1	1.240694175E-2
8.220000000E0	3.038273547E-1	1.282777263E-2
8.230000000E0	3.009549617E-1	1.341803709E-2
8.240000000E0	2.983077142E-1	1.375605800E-2
8.250000000E0	2.956191107E-1	1.425438449E-2
8.260000000E0	2.930857023E-1	1.472752918E-2
8.270000000E0	2.907038289E-1	1.502066478E-2
8.280000000E0	2.884301099E-1	1.563855103E-2
8.290000000E0	2.862448209E-1	1.588849302E-2
8.300000000E0	2.841173663E-1	1.622706977E-2
8.310000000E0	2.820617753E-1	1.671078323E-2
8.320000000E0	2.800553100E-1	1.694465587E-2
8.330000000E0	2.783301268E-1	1.715824763E-2
8.340000000E0	2.765804692E-1	1.743157371E-2
8.350000000E0	2.751638484E-1	1.777200162E-2
8.360000000E0	2.735529779E-1	1.798875067E-2
8.370000000E0	2.721670627E-1	1.809624974E-2
8.380000000E0	2.709810249E-1	1.823223148E-2
8.390000000E0	2.698536755E-1	1.848930351E-2
8.400000000E0	2.688456045E-1	1.861180403E-2
8.410000000E0	2.678223289E-1	1.896084570E-2
8.420000000E0	2.671495646E-1	1.910170434E-2
8.430000000E0	2.665833295E-1	1.914062813E-2
8.440000000E0	2.659189423E-1	1.916817377E-2
8.450000000E0	2.654725089E-1	1.916368043E-2
8.460000000E0	2.653339985E-1	1.918322951E-2
8.470000000E0	2.652080810E-1	1.921118669E-2
8.480000000E0	2.652662658E-1	1.920860747E-2
8.490000000E0	2.653798858E-1	1.916106683E-2
8.500000000E0	2.654767824E-1	1.916261883E-2
8.510000000E0	2.655959811E-1	1.913733753E-2
8.520000000E0	2.660181108E-1	1.908147813E-2
8.530000000E0	2.665035792E-1	1.910221915E-2
8.540000000E0	2.670457830E-1	1.902185839E-2
8.550000000E0	2.676968114E-1	1.903335569E-2
8.560000000E0	2.686677434E-1	1.897480283E-2
8.570000000E0	2.697023555E-1	1.892066771E-2
8.580000000E0	2.708894139E-1	1.876627882E-2
8.590000000E0	2.720093373E-1	1.850393472E-2
8.600000000E0	2.732733894E-1	1.809580183E-2
8.610000000E0	2.745807007E-1	1.793653404E-2
8.620000000E0	2.763533738E-1	1.782875164E-2
8.630000000E0	2.778106963E-1	1.739077998E-2
8.640000000E0	2.796966841E-1	1.699237943E-2
8.650000000E0	2.814932285E-1	1.678408702E-2
8.660000000E0	2.835489074E-1	1.630444336E-2
8.670000000E0	2.855237483E-1	1.582846214E-2
8.680000000E0	2.877466643E-1	1.558560392E-2
8.690000000E0	2.899493094E-1	1.498886500E-2
8.700000000E0	2.922138277E-1	1.467190867E-2
8.710000000E0	2.948671739E-1	1.423822333E-2
8.720000000E0	2.974516755E-1	1.374866331E-2
8.730000000E0	3.001505449E-1	1.341709193E-2
8.740000000E0	3.028432705E-1	1.280030422E-2
8.750000000E0	3.055720927E-1	1.240143333E-2
8.760000000E0	3.085481059E-1	1.185615127E-2
8.770000000E0	3.117120552E-1	1.135737976E-2
8.780000000E0	3.148825052E-1	1.104217809E-2
8.790000000E0	3.180484079E-1	1.041043530E-2
8.800000000E0	3.214931704E-1	1.014882994E-2
8.810000000E0	3.248841495E-1	9.411053415E-3
8.820000000E0	3.283108404E-1	9.120816414E-3
8.830000000E0	3.317184836E-1	8.459497102E-3
8.840000000E0	3.351594934E-1	8.023323386E-3
8.850000000E0	3.387656991E-1	7.491550824E-3
8.860000000E0	3.424838360E-1	6.997698961E-3
8.870000000E0	3.460863291E-1	6.537802103E-3
8.880000000E0	3.497309059E-1	5.999021435E-3
8.890000000E0	3.536817619E-1	5.762252643E-3
8.900000000E0	3.573469569E-1	5.084176489E-3
8.910000000E0	3.614784485E-1	4.744538793E-3
8.920000000E0	3.654979273E-1	4.327437800E-3
8.930000000E0	3.694556766E-1	3.822625941E-3
8.940000000E0	3.736698245E-1	3.538250206E-3
8.950000000E0	3.779698561E-1	2.942263274E-3
8.960000000E0	3.823653281E-1	2.592459995E-3
8.970000000E0	3.868090937E-1	2.334116574E-3
8.980000000E0	3.912005744E-1	1.736160760E-3
8.990000000E0	3.957121383E-1	1.455399541E-3
9.000000000E0	4.001860096E-1	1.195724096E-3
9.010000000E0	4.045239430E-1	1.074724037E-3
9.020000000E0	4.089009700E-1	1.200461397E-3
9.030000000E0	4.134725023E-1	1.340048124E-3
9.040000000E0	4.183229284E-1	1.369160200E-3
9.050000000E0	4.231859122E-1	9.288235266E-4
9.060000000E0	4.277403835E-1	3.758007647E-4
9.070000000E0	4.320310444E-1	-2.898897653E-4
9.080000000E0	4.367589942E-1	-7.353931230E-4
9.090000000E0	4.415517013E-1	-8.771176333E-4
9.100000000E0	4.462413602E-1	-8.271580655E-4
9.110000000E0	4.510356728E-1	-9.268885162E-4
9.120000000E0	4.556130631E-1	-9.924271786E-4
9.130000000E0	4.604411805E-1	-9.902534652E-4
9.140000000E0	4.652721482E-1	-1.052683415E-3
9.150000000E0	4.698184431E-1	-1.067535271E-3
9.160000000E0	4.744568421E-1	-1.034969771E-3
9.170000000E0	4.792907663E-1	-9.569851029E-4
9.180000000E0	4.840404411E-1	-9.573118660E-4
9.190000000E0	4.887100801E-1	-9.811559657E-4
9.200000000E0	4.935885854E-1	-8.689569214E-4
9.210000000E0	4.984139015E-1	-8.777758711E-4
9.220000000E0	5.030613350E-1	-8.934559849E-4
9.230000000E0	5.081030734E-1	-8.010050576E-4
9.240000000E0	5.127906217E-1	-7.950928186E-4
9.250000000E0	5.175174275E-1	-8.055118922E-4
9.260000000E0	5.223948699E-1	-7.275330066E-4
9.270000000E0	5.271448935E-1	-7.463996324E-4
9.280000000E0	5.318092258E-1	-7.484881568E-4
9.290000000E0	5.367140210E-1	-6.814819693E-4
9.300000000E0	5.414501661E-1	-6.964336832E-4
9.310000000E0	5.459856869E-1	-7.151134392E-4
9.320000000E0	5.505809955E-1	-7.103174814E-4
9.330000000E0	5.551399405E-1	-6.940253946E-4
9.340000000E0	5.597655504E-1	-6.082045955E-4
9.350000000E0	5.645391103E-1	-6.223264530E-4
9.360000000E0	5.690606288E-1	-6.416136711E-4
9.370000000E0	5.735376495E-1	-6.350917731E-4
9.380000000E0	5.779752726E-1	-6.221283776E-4
9.390000000E0	5.824447047E-1	-5.951618727E-4
9.400000000E0	5.868485814E-1	-6.068488678E-4
9.410000000E0	5.912395089E-1	-5.534870420E-4
9.420000000E0	5.955412678E-1	-4.003795037E-4
9.430000000E0	5.997592642E-1	-9.283380635E-5
9.440000000E0	6.041210540E-1	3.550058501E-4
9.450000000E0	6.087717365E-1	4.722293187E-4
9.460000000E0	6.134302323E-1	5.080496838E-4
9.470000000E0	6.179493691E-1	4.601471954E-4
9.480000000E0	6.221691240E-1	2.578585512E-4
9.490000000E0	6.266011036E-1	3.150669208E-4
9.500000000E0	6.310112788E-1	5.512556961E-4
9.510000000E0	6.354089051E-1	7.590495212E-4
9.520000000E0	6.398530606E-1	1.070105150E-3
9.530000000E0	6.441193447E-1	1.479178991E-3
9.540000000E0	6.484137357E-1	1.742634314E-3
9.550000000E0	6.526293283E-1	2.194278534E-3
9.560000000E0	6.566107821E-1	2.511663272E-3
9.570000000E0	6.605805238E-1	2.813417800E-3
9.580000000E0	6.645533467E-1	3.219102273E-3
9.590000000E0	6.683122736E-1	3.729584179E-3
9.600000000E0	6.718975474E-1	4.074771798E-3
9.610000000E0	6.756735370E-1	4.620975362E-3
9.620000000E0	6.793853692E-1	4.925588946E-3
9.630000000E0	6.828414825E-1	5.580919412E-3
9.640000000E0	6.861113972E-1	5.941649944E-3
9.650000000E0	6.894169156E-1	6.463417569E-3
9.660000000E0	6.926329944E-1	7.056124693E-3
9.670000000E0	6.958372011E-1	7.713339997E-3
9.680000000E0	6.987715155E-1	8.158140554E-3
9.690000000E0	7.015881873E-1	8.850018931E-3
9.700000000E0	7.044689513E-1	9.283358954E-3
9.710000000E0	7.072026768E-1	9.913363405E-3
9.720000000E0	7.098735063E-1	1.042839116E-2
9.730000000E0	7.125716980E-1	1.085998614E-2
9.740000000E0	7.148750461E-1	1.144599079E-2
9.750000000E0	7.172665661E-1	1.196661423E-2
9.760000000E0	7.194238836E-1	1.250851617E-2
9.770000000E0	7.215520716E-1	1.294552450E-2
9.780000000E0	7.236498497E-1	1.349228263E-2
9.790000000E0	7.257221291E-1	1.378078833E-2
9.800000000E0	7.277388921E-1	1.435132460E-2
9.810000000E0	7.293217609E-1	1.471464081E-2
9.820000000E0	7.311313965E-1	1.501001545E-2
9.830000000E0	7.326004747E-1	1.546316511E-2
9.840000000E0	7.340324651E-1	1.580066522E-2
9.850000000E0	7.354581499E-1	1.601316011E-2
9.860000000E0	7.367586898E-1	1.633791338E-2
9.870000000E0	7.379240898E-1	1.667278323E-2
9.880000000E0	7.390010934E-1	1.687313670E-2
9.890000000E0	7.399880288E-1	1.701358269E-2
9.900000000E0	7.406932015E-1	1.708393297E-2
9.910000000E0	7.412789785E-1	1.722291579E-2
9.920000000E0	7.418617904E-1	1.735511063E-2
9.930000000E0	7.424222304E-1	1.729961438E-2
9.940000000E0	7.427034111E-1	1.730780432E-2
9.950000000E0	7.429294715E-1	1.725344297E-2
9.960000000E0	7.431043370E-1	1.722179387E-2
9.970000000E0	7.433058089E-1	1.713750313E-2
9.980000000E0	7.433068821E-1	1.706729791E-2
9.990000000E0	7.431879310E-1	1.699090341E-2
1.000000000E1	7.427418906E-1	1.689566495E-2
1.001000000E1	7.423795375E-1	1.688931073E-2
1.002000000E1	7.419310024E-1	1.682321805E-2
1.003000000E1	7.413294206E-1	1.673379029E-2
1.004000000E1	7.404790329E-1	1.658148589E-2
1.005000000E1	7.396634818E-1	1.647855898E-2
1.006000000E1	7.388441003E-1	1.614776091E-2
1.007000000E1	7.379049703E-1	1.588170959E-2
1.008000000E1	7.367852671E-1	1.572279699E-2
1.009000000E1	7.355281428E-1	1.549173141E-2
1.010000000E1	7.339390971E-1	1.503749263E-2
1.011000000E1	7.324807592E-1	1.471787753E-2
