mass_A
t	x	y
0.000000000E0	-1.096610609E-3	1.323637040E-1
1.000000000E-2	-7.157719947E-4	1.321329886E-1
2.000000000E-2	-6.449819535E-5	1.316089299E-1
3.000000000E-2	1.087080037E-3	1.308486126E-1
4.000000000E-2	2.466850768E-3	1.299886641E-1
5.000000000E-2	4.258493367E-3	1.289086251E-1
6.000000000E-2	6.428370363E-3	1.276447283E-1
7.000000000E-2	8.785671682E-3	1.259289766E-1
8.000000000E-2	1.135562400E-2	1.243501763E-1
9.000000000E-2	1.422987461E-2	1.225712297E-1
1.000000000E-1	1.737187863E-2	1.206122626E-1
1.100000000E-1	2.079406848E-2	1.183402038E-1
1.200000000E-1	2.429356167E-2	1.159949592E-1
1.300000000E-1	2.839647638E-2	1.136542177E-1
1.400000000E-1	3.250550196E-2	1.111735725E-1
1.500000000E-1	3.693459271E-2	1.087999964E-1
1.600000000E-1	4.178731397E-2	1.068165660E-1
1.700000000E-1	4.712022252E-2	1.046161237E-1
1.800000000E-1	5.254316382E-2	1.010168982E-1
1.900000000E-1	5.813633889E-2	9.722341435E-2
2.000000000E-1	6.374544059E-2	9.376784127E-2
2.100000000E-1	7.008042531E-2	9.052910861E-2
2.200000000E-1	7.658204574E-2	8.731458776E-2
2.300000000E-1	8.326742066E-2	8.400359082E-2
2.400000000E-1	9.006092770E-2	8.072156920E-2
2.500000000E-1	9.699064421E-2	7.748117388E-2
2.600000000E-1	1.041446201E-1	7.421254242E-2
2.700000000E-1	1.114266557E-1	7.097416718E-2
2.800000000E-1	1.191384430E-1	6.774956145E-2
2.900000000E-1	1.270108200E-1	6.461568688E-2
3.000000000E-1	1.348502565E-1	6.153913646E-2
3.100000000E-1	1.428044166E-1	5.855957350E-2
3.200000000E-1	1.512771269E-1	5.556335410E-2
3.300000000E-1	1.599037742E-1	5.252341797E-2
3.400000000E-1	1.685779434E-1	4.967554457E-2
3.500000000E-1	1.777067041E-1	4.688466434E-2
3.600000000E-1	1.867169431E-1	4.419569220E-2
3.700000000E-1	1.958521948E-1	4.139875802E-2
3.800000000E-1	2.050848589E-1	3.880104711E-2
3.900000000E-1	2.143332928E-1	3.594855403E-2
4.000000000E-1	2.233434539E-1	3.381916190E-2
4.100000000E-1	2.334657736E-1	3.356831273E-2
4.200000000E-1	2.433048858E-1	2.898438226E-2
4.300000000E-1	2.532538094E-1	2.623159115E-2
4.400000000E-1	2.635086942E-1	2.378225316E-2
4.500000000E-1	2.739697830E-1	2.153788992E-2
4.600000000E-1	2.844218833E-1	1.943579802E-2
4.700000000E-1	2.950738546E-1	1.727770291E-2
4.800000000E-1	3.055728186E-1	1.546977074E-2
4.900000000E-1	3.162337117E-1	1.373008580E-2
5.000000000E-1	3.271092088E-1	1.178761244E-2
5.100000000E-1	3.379687504E-1	1.036886076E-2
5.200000000E-1	3.488704106E-1	8.693006229E-3
5.300000000E-1	3.599110417E-1	7.278143497E-3
5.400000000E-1	3.709097687E-1	6.064125857E-3
5.500000000E-1	3.819372825E-1	5.010896023E-3
5.600000000E-1	3.930017495E-1	3.983900892E-3
5.700000000E-1	4.039843292E-1	3.079173713E-3
5.800000000E-1	4.147480561E-1	3.045475408E-3
5.900000000E-1	4.267039941E-1	2.667662362E-3
6.000000000E-1	4.379882369E-1	1.251934172E-3
6.100000000E-1	4.492150538E-1	7.316416640E-4
6.200000000E-1	4.606704269E-1	4.952618854E-4
6.300000000E-1	4.718852636E-1	3.468065844E-4
6.400000000E-1	4.829481075E-1	2.389866071E-4
6.500000000E-1	4.940712968E-1	1.812191477E-4
6.600000000E-1	5.051783319E-1	3.666025186E-4
6.700000000E-1	5.163224520E-1	4.776907290E-4
6.800000000E-1	5.276414518E-1	6.188768982E-4
6.900000000E-1	5.389127788E-1	6.808237978E-4
7.000000000E-1	5.500314452E-1	7.292232368E-4
7.100000000E-1	5.610269299E-1	7.795019982E-4
7.200000000E-1	5.719613165E-1	8.667816805E-4
7.300000000E-1	5.829176971E-1	1.129123126E-3
7.400000000E-1	5.937047331E-1	1.316438382E-3
7.500000000E-1	6.037015034E-1	1.876828475E-3
7.600000000E-1	6.151225999E-1	2.831315995E-3
7.700000000E-1	6.261315708E-1	2.274438429E-3
7.800000000E-1	6.368645643E-1	2.699974423E-3
7.900000000E-1	6.478599275E-1	3.731948036E-3
8.000000000E-1	6.585593444E-1	4.709013507E-3
8.100000000E-1	6.690764325E-1	5.916251900E-3
8.200000000E-1	6.796132654E-1	7.148595000E-3
8.300000000E-1	6.896857297E-1	8.440902268E-3
8.400000000E-1	7.000953389E-1	1.026720647E-2
8.500000000E-1	7.100248472E-1	1.175142782E-2
8.600000000E-1	7.199972365E-1	1.370342597E-2
8.700000000E-1	7.298888978E-1	1.557658123E-2
8.800000000E-1	7.397009694E-1	1.777257957E-2
8.900000000E-1	7.489710751E-1	2.005330227E-2
9.000000000E-1	7.584077338E-1	2.237894965E-2
9.100000000E-1	7.676810929E-1	2.457876378E-2
9.200000000E-1	7.765069804E-1	2.678010540E-2
9.300000000E-1	7.849321856E-1	2.913081395E-2
9.400000000E-1	7.930562889E-1	3.186318170E-2
9.500000000E-1	8.019604791E-1	3.425680881E-2
9.600000000E-1	8.104057431E-1	3.584322763E-2
9.700000000E-1	8.186393550E-1	3.800987618E-2
9.800000000E-1	8.267907492E-1	4.026598823E-2
9.900000000E-1	8.345530922E-1	4.255309711E-2
1.000000000E0	8.420803314E-1	4.478047413E-2
1.010000000E0	8.496614964E-1	4.731932479E-2
1.020000000E0	8.569941221E-1	4.997014337E-2
1.030000000E0	8.640025854E-1	5.224219547E-2
1.040000000E0	8.707327639E-1	5.457823132E-2
1.050000000E0	8.773972849E-1	5.691246867E-2
1.060000000E0	8.838535032E-1	5.938297867E-2
1.070000000E0	8.901687797E-1	6.195528538E-2
1.080000000E0	8.960494042E-1	6.424120713E-2
1.090000000E0	9.017490325E-1	6.653060798E-2
1.100000000E0	9.071246687E-1	6.881372368E-2
1.110000000E0	9.122299802E-1	7.100717893E-2
1.120000000E0	9.173506127E-1	7.328277579E-2
1.130000000E0	9.220821246E-1	7.537780634E-2
1.140000000E0	9.265509304E-1	7.749981727E-2
1.150000000E0	9.308391275E-1	7.966342698E-2
1.160000000E0	9.347613580E-1	8.183676338E-2
1.170000000E0	9.385268957E-1	8.378651392E-2
1.180000000E0	9.418936626E-1	8.535916920E-2
1.190000000E0	9.451180396E-1	8.702908626E-2
1.200000000E0	9.482221492E-1	8.840028203E-2
1.210000000E0	9.507996153E-1	8.954659841E-2
1.220000000E0	9.531215947E-1	9.068950779E-2
1.230000000E0	9.552000071E-1	9.172768561E-2
1.240000000E0	9.571838563E-1	9.277220703E-2
1.250000000E0	9.589567064E-1	9.366478329E-2
1.260000000E0	9.604582010E-1	9.419592469E-2
1.270000000E0	9.615998664E-1	9.491462288E-2
1.280000000E0	9.626416376E-1	9.513946962E-2
1.290000000E0	9.634334174E-1	9.538878164E-2
1.300000000E0	9.638876059E-1	9.554685135E-2
1.310000000E0	9.640144301E-1	9.543864818E-2
1.320000000E0	9.639378424E-1	9.518812696E-2
1.330000000E0	9.637896868E-1	9.502328627E-2
1.340000000E0	9.635460606E-1	9.485790663E-2
1.350000000E0	9.627008443E-1	9.428102704E-2
1.360000000E0	9.616037132E-1	9.381168545E-2
1.370000000E0	9.604121626E-1	9.296083527E-2
1.380000000E0	9.587279731E-1	9.226269055E-2
1.390000000E0	9.570568567E-1	9.132001858E-2
1.400000000E0	9.550315304E-1	9.046404000E-2
1.410000000E0	9.528553035E-1	8.942142235E-2
1.420000000E0	9.505193567E-1	8.825969753E-2
1.430000000E0	9.479322249E-1	8.709807900E-2
1.440000000E0	9.451505002E-1	8.572434721E-2
1.450000000E0	9.420282433E-1	8.424532439E-2
1.460000000E0	9.387760454E-1	8.283469985E-2
1.470000000E0	9.353762271E-1	8.106842249E-2
1.480000000E0	9.319096802E-1	7.954713511E-2
1.490000000E0	9.283525289E-1	7.764434238E-2
1.500000000E0	9.242861967E-1	7.596356687E-2
1.510000000E0	9.200265686E-1	7.417292794E-2
1.520000000E0	9.156898164E-1	7.215897697E-2
1.530000000E0	9.112082726E-1	7.040741634E-2
1.540000000E0	9.066315884E-1	6.859676173E-2
1.550000000E0	9.019300935E-1	6.657375051E-2
1.560000000E0	8.968484280E-1	6.448200873E-2
1.570000000E0	8.915390699E-1	6.254332164E-2
1.580000000E0	8.862589207E-1	6.055473749E-2
1.590000000E0	8.805477905E-1	5.862045955E-2
1.600000000E0	8.749076565E-1	5.651876133E-2
1.610000000E0	8.692243820E-1	5.436476856E-2
1.620000000E0	8.629822420E-1	5.218995328E-2
1.630000000E0	8.569835526E-1	5.004207061E-2
1.640000000E0	8.506570364E-1	4.787009812E-2
1.650000000E0	8.441320694E-1	4.574325484E-2
1.660000000E0	8.375029510E-1	4.360068975E-2
1.670000000E0	8.307956438E-1	4.152109854E-2
1.680000000E0	8.235665916E-1	3.925397984E-2
1.690000000E0	8.164309156E-1	3.711112796E-2
1.700000000E0	8.090659484E-1	3.490670771E-2
1.710000000E0	8.019565101E-1	3.357431520E-2
1.720000000E0	7.940346089E-1	3.260542234E-2
1.730000000E0	7.865080536E-1	2.957628979E-2
1.740000000E0	7.793211505E-1	2.672790981E-2
1.750000000E0	7.716101786E-1	2.473311489E-2
1.760000000E0	7.635915997E-1	2.265776064E-2
1.770000000E0	7.553847152E-1	2.049637124E-2
1.780000000E0	7.473178506E-1	1.864548414E-2
1.790000000E0	7.389803480E-1	1.668717282E-2
1.800000000E0	7.304191939E-1	1.492619989E-2
1.810000000E0	7.219107698E-1	1.338676327E-2
1.820000000E0	7.132037261E-1	1.167119439E-2
1.830000000E0	7.045303004E-1	1.022425397E-2
1.840000000E0	6.955644174E-1	8.662732290E-3
1.850000000E0	6.866178640E-1	7.232938115E-3
1.860000000E0	6.776220674E-1	5.931338150E-3
1.870000000E0	6.685268505E-1	4.834563365E-3
1.880000000E0	6.595365782E-1	3.843994956E-3
1.890000000E0	6.504358690E-1	2.883705779E-3
1.900000000E0	6.411359726E-1	1.971094626E-3
1.910000000E0	6.318574963E-1	1.534216778E-3
1.920000000E0	6.229053907E-1	1.405619942E-3
1.930000000E0	6.133595750E-1	2.049067368E-3
1.940000000E0	6.036983650E-1	1.222728708E-3
1.950000000E0	5.947428389E-1	6.867371636E-4
1.960000000E0	5.856287098E-1	5.270957851E-4
1.970000000E0	5.763615360E-1	3.887845493E-4
1.980000000E0	5.671607671E-1	2.823417503E-4
1.990000000E0	5.579545202E-1	2.471533118E-4
2.000000000E0	5.487127594E-1	1.303839065E-4
2.010000000E0	5.394299741E-1	2.266647383E-4
2.020000000E0	5.302104831E-1	2.779151485E-4
2.030000000E0	5.211269959E-1	3.763287520E-4
2.040000000E0	5.119100759E-1	3.499656797E-4
2.050000000E0	5.027188705E-1	5.119150005E-4
2.060000000E0	4.935209414E-1	5.904787139E-4
2.070000000E0	4.842470186E-1	6.288767888E-4
2.080000000E0	4.752108906E-1	6.653148673E-4
2.090000000E0	4.662053260E-1	8.208301225E-4
2.100000000E0	4.570085280E-1	9.212377900E-4
2.110000000E0	4.478806126E-1	1.346540423E-3
2.120000000E0	4.389189937E-1	1.748236171E-3
2.130000000E0	4.302752300E-1	2.636800515E-3
2.140000000E0	4.212952434E-1	4.210993567E-3
2.150000000E0	4.123909032E-1	3.664462758E-3
2.160000000E0	4.039114657E-1	3.858669497E-3
2.170000000E0	3.953162364E-1	4.656595767E-3
2.180000000E0	3.865234437E-1	5.381717480E-3
2.190000000E0	3.779158605E-1	6.142466374E-3
2.200000000E0	3.694463519E-1	7.080813431E-3
2.210000000E0	3.612022935E-1	7.972751230E-3
2.220000000E0	3.530380024E-1	9.006227689E-3
2.230000000E0	3.447419460E-1	1.024352404E-2
2.240000000E0	3.367684857E-1	1.141712183E-2
2.250000000E0	3.287201346E-1	1.260635146E-2
2.260000000E0	3.206541145E-1	1.380315616E-2
2.270000000E0	3.128866796E-1	1.498671077E-2
2.280000000E0	3.052172596E-1	1.621818115E-2
2.290000000E0	2.976038193E-1	1.772708279E-2
2.300000000E0	2.900671987E-1	1.919425740E-2
2.310000000E0	2.829231908E-1	2.045987028E-2
2.320000000E0	2.756228563E-1	2.218383135E-2
2.330000000E0	2.687108490E-1	2.366314319E-2
2.340000000E0	2.615836955E-1	2.509558244E-2
2.350000000E0	2.546658842E-1	2.679237668E-2
2.360000000E0	2.479738382E-1	2.819948422E-2
2.370000000E0	2.417090834E-1	3.010802118E-2
2.380000000E0	2.353710909E-1	3.215450727E-2
2.390000000E0	2.288835542E-1	3.393950790E-2
2.400000000E0	2.228695922E-1	3.463108082E-2
2.410000000E0	2.172372729E-1	3.570764767E-2
2.420000000E0	2.115074382E-1	3.736884863E-2
2.430000000E0	2.061222419E-1	3.890535112E-2
2.440000000E0	2.007437909E-1	4.029315857E-2
2.450000000E0	1.955019983E-1	4.186426655E-2
2.460000000E0	1.904951510E-1	4.341528225E-2
2.470000000E0	1.855621259E-1	4.479374043E-2
2.480000000E0	1.808826763E-1	4.631812031E-2
2.490000000E0	1.765183007E-1	4.780987485E-2
2.500000000E0	1.720755900E-1	4.919798317E-2
2.510000000E0	1.679435645E-1	5.072247439E-2
2.520000000E0	1.637151664E-1	5.212641688E-2
2.530000000E0	1.600499543E-1	5.338485888E-2
2.540000000E0	1.562163103E-1	5.455795746E-2
2.550000000E0	1.526321429E-1	5.575258484E-2
2.560000000E0	1.493595784E-1	5.675517663E-2
2.570000000E0	1.461830739E-1	5.782420828E-2
2.580000000E0	1.434406499E-1	5.884583055E-2
2.590000000E0	1.405859467E-1	5.985123446E-2
2.600000000E0	1.381986274E-1	6.088695754E-2
2.610000000E0	1.359113766E-1	6.185443544E-2
2.620000000E0	1.337841809E-1	6.266422451E-2
2.630000000E0	1.317352351E-1	6.333181741E-2
2.640000000E0	1.298498180E-1	6.411186398E-2
2.650000000E0	1.283717881E-1	6.461333093E-2
2.660000000E0	1.271571861E-1	6.526054162E-2
2.670000000E0	1.259919434E-1	6.558695355E-2
2.680000000E0	1.250789702E-1	6.616156709E-2
2.690000000E0	1.241387122E-1	6.643439671E-2
2.700000000E0	1.237064272E-1	6.659305540E-2
2.710000000E0	1.231485452E-1	6.661633228E-2
2.720000000E0	1.230072221E-1	6.659961113E-2
2.730000000E0	1.230058491E-1	6.655748681E-2
2.740000000E0	1.231451073E-1	6.646821101E-2
2.750000000E0	1.238314681E-1	6.642147593E-2
2.760000000E0	1.242943033E-1	6.623118672E-2
2.770000000E0	1.251203492E-1	6.590316821E-2
2.780000000E0	1.262124500E-1	6.539538926E-2
2.790000000E0	1.274269881E-1	6.496284464E-2
2.800000000E0	1.287690018E-1	6.434074876E-2
2.810000000E0	1.305703620E-1	6.386506685E-2
2.820000000E0	1.324789262E-1	6.312146648E-2
2.830000000E0	1.345924887E-1	6.222238430E-2
2.840000000E0	1.369231303E-1	6.135180576E-2
2.850000000E0	1.393745855E-1	6.028370994E-2
2.860000000E0	1.417268098E-1	5.934483094E-2
2.870000000E0	1.447769771E-1	5.830372344E-2
2.880000000E0	1.478895123E-1	5.739861386E-2
2.890000000E0	1.509720682E-1	5.628182722E-2
2.900000000E0	1.545398809E-1	5.519029362E-2
2.910000000E0	1.580915541E-1	5.410945980E-2
2.920000000E0	1.616096908E-1	5.271796932E-2
2.930000000E0	1.656295030E-1	5.121056459E-2
2.940000000E0	1.697502929E-1	4.996659624E-2
2.950000000E0	1.738804241E-1	4.854697462E-2
2.960000000E0	1.781316036E-1	4.702987121E-2
2.970000000E0	1.825494348E-1	4.559801717E-2
2.980000000E0	1.872939906E-1	4.427218832E-2
2.990000000E0	1.921994001E-1	4.268275823E-2
3.000000000E0	1.972213037E-1	4.127260955E-2
3.010000000E0	2.023023723E-1	3.984160340E-2
3.020000000E0	2.075014878E-1	3.821364697E-2
3.030000000E0	2.128952619E-1	3.678828878E-2
3.040000000E0	2.183611205E-1	3.540883736E-2
3.050000000E0	2.239143223E-1	3.436891435E-2
3.060000000E0	2.297123510E-1	3.355241955E-2
3.070000000E0	2.356834591E-1	3.216340776E-2
3.080000000E0	2.418863001E-1	3.012954636E-2
3.090000000E0	2.479611832E-1	2.813676112E-2
3.100000000E0	2.544154017E-1	2.663491091E-2
3.110000000E0	2.610807036E-1	2.504143325E-2
3.120000000E0	2.677967703E-1	2.360401506E-2
3.130000000E0	2.744795684E-1	2.223430883E-2
3.140000000E0	2.812425608E-1	2.074823658E-2
3.150000000E0	2.880938247E-1	1.925993448E-2
3.160000000E0	2.951394782E-1	1.798387150E-2
3.170000000E0	3.021592264E-1	1.678599131E-2
3.180000000E0	3.094139303E-1	1.557065735E-2
3.190000000E0	3.167988425E-1	1.423213203E-2
3.200000000E0	3.241155163E-1	1.288056635E-2
3.210000000E0	3.315348161E-1	1.167944007E-2
3.220000000E0	3.391628571E-1	1.056983007E-2
3.230000000E0	3.468431515E-1	9.493176060E-3
3.240000000E0	3.545486797E-1	8.421224997E-3
3.250000000E0	3.623278160E-1	7.457158152E-3
3.260000000E0	3.701103325E-1	6.773359685E-3
3.270000000E0	3.780390098E-1	6.015068031E-3
3.280000000E0	3.860258739E-1	5.198013764E-3
3.290000000E0	3.941286454E-1	4.611024542E-3
3.300000000E0	4.019247018E-1	3.895077989E-3
3.310000000E0	4.095857368E-1	3.578180840E-3
3.320000000E0	4.174800180E-1	3.961861474E-3
3.330000000E0	4.257408391E-1	3.377504476E-3
3.340000000E0	4.338688486E-1	2.234633364E-3
3.350000000E0	4.419522977E-1	1.595819534E-3
3.360000000E0	4.501629927E-1	1.419286934E-3
3.370000000E0	4.586107663E-1	1.294532159E-3
3.380000000E0	4.666875628E-1	1.037850718E-3
3.390000000E0	4.747302164E-1	7.396876128E-4
3.400000000E0	4.828696413E-1	7.165169313E-4
3.410000000E0	4.909087373E-1	6.270153583E-4
3.420000000E0	4.992640824E-1	6.082692039E-4
3.430000000E0	5.072290107E-1	6.024642150E-4
3.440000000E0	5.153995747E-1	6.144927792E-4
3.450000000E0	5.235878128E-1	6.359552327E-4
3.460000000E0	5.315657358E-1	6.802742555E-4
3.470000000E0	5.396207459E-1	7.294699066E-4
3.480000000E0	5.476663800E-1	8.109185955E-4
3.490000000E0	5.555224883E-1	8.887265058E-4
3.500000000E0	5.634149906E-1	1.053171554E-3
3.510000000E0	5.714325839E-1	1.325460930E-3
3.520000000E0	5.794184703E-1	1.656301965E-3
3.530000000E0	5.872619321E-1	1.612494863E-3
3.540000000E0	5.949286747E-1	1.820110632E-3
3.550000000E0	6.023968394E-1	2.128939110E-3
3.560000000E0	6.101225864E-1	3.064559307E-3
3.570000000E0	6.183604665E-1	2.742464085E-3
3.580000000E0	6.261279373E-1	2.430183084E-3
3.590000000E0	6.338159992E-1	2.746298235E-3
3.600000000E0	6.415600094E-1	3.259092985E-3
3.610000000E0	6.489773401E-1	3.832231672E-3
3.620000000E0	6.564992089E-1	4.494333306E-3
3.630000000E0	6.639276723E-1	5.225400992E-3
3.640000000E0	6.712929619E-1	6.122416627E-3
3.650000000E0	6.786120016E-1	7.095257028E-3
3.660000000E0	6.859887053E-1	8.155964901E-3
3.670000000E0	6.929244719E-1	9.227428322E-3
3.680000000E0	7.001230688E-1	1.039582048E-2
3.690000000E0	7.069644086E-1	1.156181702E-2
3.700000000E0	7.137537678E-1	1.268788141E-2
3.710000000E0	7.203502446E-1	1.384640182E-2
3.720000000E0	7.268624291E-1	1.502656806E-2
3.730000000E0	7.333220089E-1	1.624850524E-2
3.740000000E0	7.397948388E-1	1.758921828E-2
3.750000000E0	7.461178569E-1	1.896886803E-2
3.760000000E0	7.519941522E-1	2.033560999E-2
3.770000000E0	7.578023811E-1	2.154802510E-2
3.780000000E0	7.635883296E-1	2.290178782E-2
3.790000000E0	7.693255443E-1	2.405783196E-2
3.800000000E0	7.747962297E-1	2.550351301E-2
3.810000000E0	7.801226118E-1	2.694375683E-2
3.820000000E0	7.849683936E-1	2.828489557E-2
3.830000000E0	7.897434486E-1	2.989307664E-2
3.840000000E0	7.944640683E-1	3.156180242E-2
3.850000000E0	7.994623609E-1	3.279342914E-2
3.860000000E0	8.041343829E-1	3.375517352E-2
3.870000000E0	8.087936021E-1	3.460154005E-2
3.880000000E0	8.131606302E-1	3.578270632E-2
3.890000000E0	8.175572098E-1	3.690021803E-2
3.900000000E0	8.215382579E-1	3.805924637E-2
3.910000000E0	8.254241240E-1	3.914828421E-2
3.920000000E0	8.292612966E-1	4.023450656E-2
3.930000000E0	8.328337732E-1	4.129693723E-2
3.940000000E0	8.363637643E-1	4.231410999E-2
3.950000000E0	8.396065792E-1	4.333986831E-2
3.960000000E0	8.427679530E-1	4.432364302E-2
3.970000000E0	8.456185494E-1	4.528741045E-2
3.980000000E0	8.484032594E-1	4.608615457E-2
3.990000000E0	8.508248159E-1	4.680279569E-2
4.000000000E0	8.530915665E-1	4.771500962E-2
4.010000000E0	8.552821440E-1	4.860515617E-2
4.020000000E0	8.573165655E-1	4.917027115E-2
4.030000000E0	8.593293758E-1	4.991384914E-2
4.040000000E0	8.608602850E-1	5.041043941E-2
4.050000000E0	8.624553115E-1	5.098215641E-2
4.060000000E0	8.638307166E-1	5.132776468E-2
4.070000000E0	8.649588330E-1	5.193270886E-2
4.080000000E0	8.660299295E-1	5.225542593E-2
4.090000000E0	8.669575537E-1	5.249434072E-2
4.100000000E0	8.673440809E-1	5.300514984E-2
4.110000000E0	8.680629437E-1	5.321603322E-2
4.120000000E0	8.682651225E-1	5.335412478E-2
4.130000000E0	8.683352927E-1	5.341059734E-2
4.140000000E0	8.683350498E-1	5.341127682E-2
4.150000000E0	8.682717300E-1	5.334474250E-2
4.160000000E0	8.681253207E-1	5.323559526E-2
4.170000000E0	8.674558607E-1	5.311990258E-2
4.180000000E0	8.670718567E-1	5.270290023E-2
4.190000000E0	8.661638254E-1	5.228143913E-2
4.200000000E0	8.651362650E-1	5.207575425E-2
4.210000000E0	8.640196717E-1	5.152055433E-2
4.220000000E0	8.627727480E-1	5.106482929E-2
4.230000000E0	8.614505119E-1	5.032882271E-2
4.240000000E0	8.595740397E-1	4.992372466E-2
4.250000000E0	8.578027711E-1	4.912997119E-2
4.260000000E0	8.557889628E-1	4.847293521E-2
4.270000000E0	8.538161598E-1	4.778484427E-2
4.280000000E0	8.515335435E-1	4.685429693E-2
4.290000000E0	8.488827589E-1	4.607977021E-2
4.300000000E0	8.462531365E-1	4.523605043E-2
4.310000000E0	8.432380931E-1	4.444136175E-2
4.320000000E0	8.403212695E-1	4.347290437E-2
4.330000000E0	8.374020565E-1	4.247667649E-2
4.340000000E0	8.341578616E-1	4.143265591E-2
4.350000000E0	8.307950425E-1	4.033973147E-2
4.360000000E0	8.270063140E-1	3.924008587E-2
4.370000000E0	8.231988659E-1	3.809949444E-2
4.380000000E0	8.192035081E-1	3.688388560E-2
4.390000000E0	8.152980137E-1	3.573546397E-2
4.400000000E0	8.111029830E-1	3.459886480E-2
4.410000000E0	8.068554274E-1	3.364120290E-2
4.420000000E0	8.024603626E-1	3.278032395E-2
4.430000000E0	7.978276402E-1	3.187547036E-2
4.440000000E0	7.930544016E-1	3.040462501E-2
4.450000000E0	7.881293066E-1	2.883257292E-2
4.460000000E0	7.834621671E-1	2.722922393E-2
4.470000000E0	7.784494124E-1	2.575460288E-2
4.480000000E0	7.733017469E-1	2.455516899E-2
4.490000000E0	7.681116841E-1	2.333255829E-2
4.500000000E0	7.626600763E-1	2.218369030E-2
4.510000000E0	7.572385492E-1	2.095951942E-2
4.520000000E0	7.514735989E-1	1.985005388E-2
4.530000000E0	7.457301511E-1	1.827715893E-2
4.540000000E0	7.398246007E-1	1.707870073E-2
4.550000000E0	7.337207323E-1	1.582823524E-2
4.560000000E0	7.276217105E-1	1.476150495E-2
4.570000000E0	7.212578308E-1	1.360599075E-2
4.580000000E0	7.148887463E-1	1.235936242E-2
4.590000000E0	7.083236307E-1	1.133809635E-2
4.600000000E0	7.017006286E-1	1.017363565E-2
4.610000000E0	6.950113159E-1	9.214894452E-3
4.620000000E0	6.883717901E-1	8.218057144E-3
4.630000000E0	6.816738625E-1	7.219361457E-3
4.640000000E0	6.749731632E-1	6.221749080E-3
4.650000000E0	6.681280274E-1	5.345043809E-3
4.660000000E0	6.611442660E-1	4.461538200E-3
4.670000000E0	6.542223207E-1	3.814642412E-3
4.680000000E0	6.473105255E-1	3.051452298E-3
4.690000000E0	6.401953386E-1	2.585039907E-3
4.700000000E0	6.330600378E-1	1.990649182E-3
4.710000000E0	6.259093254E-1	1.657498337E-3
4.720000000E0	6.189964249E-1	1.960019953E-3
4.730000000E0	6.114879728E-1	2.021974387E-3
4.740000000E0	6.041481558E-1	1.399047871E-3
4.750000000E0	5.971831209E-1	7.349255127E-4
4.760000000E0	5.901351867E-1	6.236701707E-4
4.770000000E0	5.830597863E-1	4.752378705E-4
4.780000000E0	5.760577299E-1	4.347107207E-4
4.790000000E0	5.688477639E-1	3.522070199E-4
4.800000000E0	5.618159016E-1	3.331958767E-4
4.810000000E0	5.546714557E-1	1.546338807E-4
4.820000000E0	5.476092965E-1	2.238883778E-4
4.830000000E0	5.404155411E-1	1.822003576E-4
4.840000000E0	5.333902610E-1	3.167198780E-4
4.850000000E0	5.262116822E-1	1.981339470E-4
4.860000000E0	5.191321237E-1	3.656512013E-4
4.870000000E0	5.119893099E-1	3.072726818E-4
4.880000000E0	5.048769895E-1	4.723474255E-4
4.890000000E0	4.977449256E-1	4.826689862E-4
4.900000000E0	4.905630763E-1	5.642349661E-4
4.910000000E0	4.834288197E-1	5.652773896E-4
4.920000000E0	4.763859773E-1	6.207108889E-4
4.930000000E0	4.695243399E-1	6.989349807E-4
4.940000000E0	4.623836037E-1	7.425764791E-4
4.950000000E0	4.555099552E-1	8.097244326E-4
4.960000000E0	4.484746886E-1	1.093371170E-3
4.970000000E0	4.416606389E-1	1.264131874E-3
4.980000000E0	4.348213622E-1	1.702996985E-3
4.990000000E0	4.283059781E-1	2.514259366E-3
5.000000000E0	4.213547361E-1	3.204545909E-3
5.010000000E0	4.144677713E-1	3.251543073E-3
5.020000000E0	4.079858713E-1	3.050112558E-3
5.030000000E0	4.017116091E-1	3.444487380E-3
5.040000000E0	3.951300928E-1	4.035642493E-3
5.050000000E0	3.886346360E-1	4.747079476E-3
5.060000000E0	3.820756833E-1	5.159824442E-3
5.070000000E0	3.756802659E-1	5.846606846E-3
5.080000000E0	3.692305754E-1	6.442449969E-3
5.090000000E0	3.631083678E-1	7.167983933E-3
5.100000000E0	3.568458288E-1	7.977637354E-3
5.110000000E0	3.509848477E-1	8.535879824E-3
5.120000000E0	3.448108821E-1	9.425515233E-3
5.130000000E0	3.390941184E-1	1.036472128E-2
5.140000000E0	3.333830280E-1	1.117677113E-2
5.150000000E0	3.275931570E-1	1.202764752E-2
5.160000000E0	3.218959093E-1	1.278833111E-2
5.170000000E0	3.163296004E-1	1.376376807E-2
5.180000000E0	3.108676493E-1	1.478025571E-2
5.190000000E0	3.056131075E-1	1.571109079E-2
5.200000000E0	3.005728835E-1	1.679751353E-2
5.210000000E0	2.955183462E-1	1.774513340E-2
5.220000000E0	2.906819914E-1	1.853019681E-2
5.230000000E0	2.859630034E-1	1.930073885E-2
5.240000000E0	2.812378781E-1	2.028010703E-2
5.250000000E0	2.766535788E-1	2.124253525E-2
5.260000000E0	2.721149210E-1	2.210893371E-2
5.270000000E0	2.676807686E-1	2.293457611E-2
5.280000000E0	2.633833422E-1	2.373073654E-2
5.290000000E0	2.591582655E-1	2.465447953E-2
5.300000000E0	2.550152984E-1	2.554527164E-2
5.310000000E0	2.510813765E-1	2.635909886E-2
5.320000000E0	2.473860087E-1	2.705321103E-2
5.330000000E0	2.438103430E-1	2.796932300E-2
5.340000000E0	2.405000799E-1	2.892032453E-2
5.350000000E0	2.373569537E-1	2.988066452E-2
5.360000000E0	2.342192750E-1	3.069144441E-2
5.370000000E0	2.312957454E-1	3.139640705E-2
5.380000000E0	2.284928325E-1	3.204760178E-2
5.390000000E0	2.257206370E-1	3.278788534E-2
5.400000000E0	2.231321359E-1	3.320720114E-2
5.410000000E0	2.206277698E-1	3.374106684E-2
5.420000000E0	2.184498271E-1	3.428088936E-2
5.430000000E0	2.162523154E-1	3.484285441E-2
5.440000000E0	2.143144884E-1	3.546099526E-2
5.450000000E0	2.122315920E-1	3.595890090E-2
5.460000000E0	2.106196077E-1	3.665875620E-2
5.470000000E0	2.087930267E-1	3.697066012E-2
5.480000000E0	2.074759289E-1	3.753602183E-2
5.490000000E0	2.062213441E-1	3.798316420E-2
5.500000000E0	2.050437088E-1	3.832608621E-2
5.510000000E0	2.041209939E-1	3.873093863E-2
5.520000000E0	2.031075670E-1	3.901070478E-2
5.530000000E0	2.022784162E-1	3.911707555E-2
5.540000000E0	2.018013901E-1	3.940799119E-2
5.550000000E0	2.011790028E-1	3.940939495E-2
5.560000000E0	2.008989779E-1	3.926614367E-2
5.570000000E0	2.008372175E-1	3.919449041E-2
5.580000000E0	2.008309871E-1	3.916148692E-2
5.590000000E0	2.008722136E-1	3.908919729E-2
5.600000000E0	2.009364804E-1	3.903488873E-2
5.610000000E0	2.013637340E-1	3.889496550E-2
5.620000000E0	2.018995960E-1	3.889473697E-2
5.630000000E0	2.025784916E-1	3.882145220E-2
5.640000000E0	2.032053561E-1	3.832298893E-2
5.650000000E0	2.042097867E-1	3.797703340E-2
5.660000000E0	2.053161142E-1	3.779727383E-2
5.670000000E0	2.064373923E-1	3.727202411E-2
5.680000000E0	2.078249680E-1	3.680797956E-2
5.690000000E0	2.094979733E-1	3.660908833E-2
5.700000000E0	2.109869720E-1	3.590626520E-2
5.710000000E0	2.129067814E-1	3.554915416E-2
5.720000000E0	2.149372688E-1	3.485541158E-2
5.730000000E0	2.171028754E-1	3.450878631E-2
5.740000000E0	2.192789295E-1	3.387419811E-2
5.750000000E0	2.216049264E-1	3.341946580E-2
5.760000000E0	2.239668715E-1	3.293202251E-2
5.770000000E0	2.267041767E-1	3.245054754E-2
5.780000000E0	2.295607086E-1	3.183884455E-2
5.790000000E0	2.325548257E-1	3.108585150E-2
5.800000000E0	2.356845733E-1	3.034059855E-2
5.810000000E0	2.389837117E-1	2.942516430E-2
5.820000000E0	2.422597969E-1	2.844544519E-2
5.830000000E0	2.457290957E-1	2.726340725E-2
5.840000000E0	2.491590349E-1	2.608165931E-2
5.850000000E0	2.527629968E-1	2.510390177E-2
5.860000000E0	2.568023422E-1	2.434046616E-2
5.870000000E0	2.606056165E-1	2.351156857E-2
5.880000000E0	2.645853296E-1	2.261640257E-2
5.890000000E0	2.688375272E-1	2.165709080E-2
5.900000000E0	2.731500243E-1	2.075406955E-2
5.910000000E0	2.776206793E-1	1.985122981E-2
5.920000000E0	2.820627152E-1	1.916507514E-2
5.930000000E0	2.864972021E-1	1.820779836E-2
5.940000000E0	2.910326162E-1	1.723383023E-2
5.950000000E0	2.959229029E-1	1.639092880E-2
5.960000000E0	3.008027882E-1	1.543492438E-2
5.970000000E0	3.059627554E-1	1.455305185E-2
5.980000000E0	3.108509894E-1	1.375185534E-2
5.990000000E0	3.160867043E-1	1.281372298E-2
6.000000000E0	3.214043488E-1	1.188783447E-2
6.010000000E0	3.269110554E-1	1.122157530E-2
6.020000000E0	3.323505647E-1	1.045265636E-2
6.030000000E0	3.379037805E-1	9.588361825E-3
6.040000000E0	3.434683592E-1	8.884078632E-3
6.050000000E0	3.490651887E-1	8.299890744E-3
6.060000000E0	3.546909417E-1	7.491724184E-3
6.070000000E0	3.604650433E-1	6.971464476E-3
6.080000000E0	3.662848021E-1	6.304704615E-3
6.090000000E0	3.721475090E-1	5.723540350E-3
6.100000000E0	3.778876919E-1	5.146571517E-3
6.110000000E0	3.839374688E-1	4.669087341E-3
6.120000000E0	3.897442716E-1	4.018729358E-3
6.130000000E0	3.958991046E-1	3.703201582E-3
6.140000000E0	4.018252533E-1	3.003014052E-3
6.150000000E0	4.076027794E-1	2.745847760E-3
6.160000000E0	4.134782539E-1	2.819238037E-3
6.170000000E0	4.197983323E-1	2.750339041E-3
6.180000000E0	4.260907241E-1	2.314629419E-3
6.190000000E0	4.322533672E-1	1.707889518E-3
6.200000000E0	4.384197479E-1	1.157272269E-3
6.210000000E0	4.446028932E-1	7.099804700E-4
6.220000000E0	4.510768381E-1	6.167028157E-4
6.230000000E0	4.574873289E-1	6.162575680E-4
6.240000000E0	4.638333810E-1	4.028867224E-4
6.250000000E0	4.700161652E-1	2.717130619E-4
6.260000000E0	4.763549333E-1	2.010790403E-4
6.270000000E0	4.826584947E-1	3.697355012E-4
6.280000000E0	4.888048698E-1	2.304585027E-4
6.290000000E0	4.950964629E-1	3.506613872E-4
6.300000000E0	5.014137688E-1	4.187178916E-4
6.310000000E0	5.075135658E-1	4.326082268E-4
6.320000000E0	5.136604107E-1	5.203902104E-4
6.330000000E0	5.199638331E-1	5.870227862E-4
6.340000000E0	5.260234899E-1	6.108072043E-4
6.350000000E0	5.322770954E-1	6.434907144E-4
6.360000000E0	5.383006483E-1	6.895264621E-4
6.370000000E0	5.444468292E-1	7.060203974E-4
6.380000000E0	5.506967163E-1	7.754091069E-4
6.390000000E0	5.566849242E-1	7.686413944E-4
6.400000000E0	5.628820663E-1	9.372206439E-4
6.410000000E0	5.688631052E-1	9.388565256E-4
6.420000000E0	5.750744794E-1	1.388074632E-3
6.430000000E0	5.809181967E-1	1.370223211E-3
6.440000000E0	5.869281684E-1	1.558580012E-3
6.450000000E0	5.927903584E-1	1.651913938E-3
6.460000000E0	5.986134923E-1	1.743337786E-3
6.470000000E0	6.040952715E-1	2.128683828E-3
6.480000000E0	6.100275351E-1	2.604899933E-3
6.490000000E0	6.162291506E-1	2.705571957E-3
6.500000000E0	6.221304524E-1	2.458909751E-3
6.510000000E0	6.279357093E-1	2.627519069E-3
6.520000000E0	6.335901595E-1	2.794828598E-3
6.530000000E0	6.396551976E-1	3.118327450E-3
6.540000000E0	6.454394206E-1	3.720421829E-3
6.550000000E0	6.510687641E-1	4.023634408E-3
6.560000000E0	6.565178167E-1	4.629354004E-3
6.570000000E0	6.619647713E-1	5.075501624E-3
6.580000000E0	6.675188745E-1	5.768187901E-3
6.590000000E0	6.728827934E-1	6.298366791E-3
6.600000000E0	6.783151882E-1	7.131924232E-3
6.610000000E0	6.836936725E-1	7.959588307E-3
6.620000000E0	6.886034594E-1	8.834880787E-3
6.630000000E0	6.937059103E-1	9.354225727E-3
6.640000000E0	6.987124070E-1	1.021622104E-2
6.650000000E0	7.036073040E-1	1.087740234E-2
6.660000000E0	7.082447506E-1	1.160755957E-2
6.670000000E0	7.130044996E-1	1.259131752E-2
6.680000000E0	7.177772935E-1	1.343276842E-2
6.690000000E0	7.221849698E-1	1.414014190E-2
6.700000000E0	7.265272719E-1	1.493692302E-2
6.710000000E0	7.308581372E-1	1.587235974E-2
6.720000000E0	7.347356088E-1	1.674269187E-2
6.730000000E0	7.386568492E-1	1.753037096E-2
6.740000000E0	7.424459796E-1	1.821360548E-2
6.750000000E0	7.462579015E-1	1.917573571E-2
6.760000000E0	7.497439679E-1	1.993849429E-2
6.770000000E0	7.530735493E-1	2.064552891E-2
6.780000000E0	7.563631354E-1	2.143443242E-2
6.790000000E0	7.596312963E-1	2.232988831E-2
6.800000000E0	7.627884865E-1	2.284347121E-2
6.810000000E0	7.658274444E-1	2.359844172E-2
6.820000000E0	7.685460882E-1	2.410713604E-2
6.830000000E0	7.713540675E-1	2.478009217E-2
6.840000000E0	7.738870022E-1	2.552936383E-2
6.850000000E0	7.762460333E-1	2.602239889E-2
6.860000000E0	7.785461983E-1	2.677526482E-2
6.870000000E0	7.806309679E-1	2.717587928E-2
6.880000000E0	7.826442759E-1	2.788270539E-2
6.890000000E0	7.845766876E-1	2.838169632E-2
6.900000000E0	7.862333008E-1	2.899331618E-2
6.910000000E0	7.878553165E-1	2.941314417E-2
6.920000000E0	7.892985930E-1	2.987223190E-2
6.930000000E0	7.906436763E-1	3.035878374E-2
6.940000000E0	7.918091896E-1	3.064705782E-2
6.950000000E0	7.927636940E-1	3.089282666E-2
6.960000000E0	7.937076895E-1	3.129609540E-2
6.970000000E0	7.945488815E-1	3.146652327E-2
6.980000000E0	7.953092529E-1	3.153033884E-2
6.990000000E0	7.959394799E-1	3.163277641E-2
7.000000000E0	7.964033501E-1	3.167728521E-2
7.010000000E0	7.968592519E-1	3.161283603E-2
7.020000000E0	7.969322272E-1	3.156488198E-2
7.030000000E0	7.969210425E-1	3.147945954E-2
7.040000000E0	7.968606417E-1	3.145254562E-2
7.050000000E0	7.967107460E-1	3.139489355E-2
7.060000000E0	7.961391465E-1	3.135751618E-2
7.070000000E0	7.957050018E-1	3.131757845E-2
7.080000000E0	7.948991255E-1	3.125128815E-2
7.090000000E0	7.940761753E-1	3.112855276E-2
7.100000000E0	7.929586055E-1	3.096417231E-2
7.110000000E0	7.917258665E-1	3.070246046E-2
7.120000000E0	7.904188070E-1	3.026098606E-2
7.130000000E0	7.890562949E-1	2.991759156E-2
7.140000000E0	7.874670608E-1	2.954725679E-2
7.150000000E0	7.858082902E-1	2.898226388E-2
7.160000000E0	7.839754242E-1	2.831827126E-2
7.170000000E0	7.820042631E-1	2.781028485E-2
7.180000000E0	7.797780837E-1	2.710931680E-2
7.190000000E0	7.774706731E-1	2.665994494E-2
7.200000000E0	7.750496297E-1	2.597603422E-2
7.210000000E0	7.727021289E-1	2.556412248E-2
7.220000000E0	7.701631992E-1	2.480016074E-2
7.230000000E0	7.674572880E-1	2.422033748E-2
7.240000000E0	7.647570728E-1	2.354353291E-2
7.250000000E0	7.617543533E-1	2.274517740E-2
7.260000000E0	7.586356839E-1	2.210587695E-2
7.270000000E0	7.553391418E-1	2.144686768E-2
7.280000000E0	7.520588132E-1	2.060298668E-2
7.290000000E0	7.487023459E-1	2.000624669E-2
7.300000000E0	7.452803613E-1	1.923832072E-2
7.310000000E0	7.418178756E-1	1.836432556E-2
7.320000000E0	7.379210721E-1	1.746904970E-2
7.330000000E0	7.342459766E-1	1.684888417E-2
7.340000000E0	7.300904977E-1	1.597933558E-2
7.350000000E0	7.261580812E-1	1.512795581E-2
7.360000000E0	7.221873246E-1	1.429705533E-2
7.370000000E0	7.179615834E-1	1.347434531E-2
7.380000000E0	7.135740676E-1	1.266262457E-2
7.390000000E0	7.091550056E-1	1.171395540E-2
7.400000000E0	7.046963026E-1	1.102231549E-2
7.410000000E0	7.002298257E-1	1.025979639E-2
7.420000000E0	6.956288469E-1	9.472737028E-3
7.430000000E0	6.906638593E-1	8.546146088E-3
7.440000000E0	6.859678784E-1	8.084809563E-3
7.450000000E0	6.808356408E-1	7.170942621E-3
7.460000000E0	6.760166451E-1	6.395511555E-3
7.470000000E0	6.708963113E-1	5.851194826E-3
7.480000000E0	6.657496793E-1	5.173880407E-3
7.490000000E0	6.608140040E-1	4.762861755E-3
7.500000000E0	6.554734070E-1	4.022392745E-3
7.510000000E0	6.503951870E-1	3.715660476E-3
7.520000000E0	6.452787243E-1	3.064958406E-3
7.530000000E0	6.399531570E-1	2.704314247E-3
7.540000000E0	6.345525655E-1	2.307645906E-3
7.550000000E0	6.291100410E-1	2.011539407E-3
7.560000000E0	6.237703726E-1	1.779600032E-3
7.570000000E0	6.185330514E-1	2.030611198E-3
7.580000000E0	6.128843919E-1	1.918240400E-3
7.590000000E0	6.071829879E-1	1.874903792E-3
7.600000000E0	6.017765578E-1	1.407731441E-3
7.610000000E0	5.964101040E-1	9.636982121E-4
7.620000000E0	5.908658456E-1	6.783939755E-4
7.630000000E0	5.855632101E-1	5.234282859E-4
7.640000000E0	5.799606677E-1	4.904933650E-4
7.650000000E0	5.744379101E-1	4.351944892E-4
7.660000000E0	5.688460935E-1	5.061769215E-4
7.670000000E0	5.633834316E-1	3.732433122E-4
7.680000000E0	5.578933303E-1	3.151685206E-4
7.690000000E0	5.523644126E-1	3.216397337E-4
7.700000000E0	5.469391000E-1	3.322981901E-4
7.710000000E0	5.414088826E-1	3.720094404E-4
7.720000000E0	5.360250074E-1	3.660750332E-4
7.730000000E0	5.304498794E-1	3.626822232E-4
7.740000000E0	5.250650359E-1	3.664260532E-4
7.750000000E0	5.196156752E-1	4.055327887E-4
7.760000000E0	5.141812854E-1	3.708876758E-4
7.770000000E0	5.088315033E-1	4.848882640E-4
7.780000000E0	5.037018698E-1	5.235537384E-4
7.790000000E0	4.983323739E-1	5.533343063E-4
7.800000000E0	4.929282852E-1	5.466907467E-4
7.810000000E0	4.875210956E-1	5.602029959E-4
7.820000000E0	4.822169528E-1	5.657779457E-4
7.830000000E0	4.767523162E-1	6.078001471E-4
7.840000000E0	4.715919238E-1	7.217704371E-4
7.850000000E0	4.664318428E-1	7.648606789E-4
7.860000000E0	4.610775905E-1	7.627676266E-4
7.870000000E0	4.557312452E-1	8.324828224E-4
7.880000000E0	4.507970620E-1	1.275085644E-3
7.890000000E0	4.455901320E-1	1.535656189E-3
7.900000000E0	4.403557737E-1	1.645581882E-3
7.910000000E0	4.353142689E-1	1.768197361E-3
7.920000000E0	4.304428423E-1	2.179188739E-3
7.930000000E0	4.256772365E-1	2.813114951E-3
7.940000000E0	4.206138719E-1	3.211189277E-3
7.950000000E0	4.155943839E-1	3.516134105E-3
7.960000000E0	4.107604831E-1	3.667059000E-3
7.970000000E0	4.059846034E-1	3.785597803E-3
7.980000000E0	4.014734880E-1	3.924008628E-3
7.990000000E0	3.967188421E-1	4.138816079E-3
8.000000000E0	3.920315577E-1	4.621851028E-3
8.010000000E0	3.874546170E-1	5.051604349E-3
8.020000000E0	3.828861524E-1	5.506490511E-3
8.030000000E0	3.786248380E-1	5.987362826E-3
8.040000000E0	3.743064336E-1	6.221191494E-3
8.050000000E0	3.699168201E-1	6.520463658E-3
8.060000000E0	3.656108519E-1	7.057340461E-3
8.070000000E0	3.612196856E-1	7.341025543E-3
8.080000000E0	3.571036203E-1	7.955413003E-3
8.090000000E0	3.530258827E-1	8.391136275E-3
8.100000000E0	3.490820369E-1	8.978826466E-3
8.110000000E0	3.449018953E-1	9.442154735E-3
8.120000000E0	3.412721606E-1	1.008894367E-2
8.130000000E0	3.372198567E-1	1.050912766E-2
8.140000000E0	3.336174644E-1	1.115190135E-2
8.150000000E0	3.300479366E-1	1.168201059E-2
8.160000000E0	3.262799459E-1	1.203325853E-2
8.170000000E0	3.228547529E-1	1.260499257E-2
8.180000000E0	3.194174478E-1	1.297258908E-2
8.190000000E0	3.161983418E-1	1.366967209E-2
8.200000000E0	3.129359459E-1	1.392277480E-2
8.210000000E0	3.099009199E-1	1.456721002E-2
8.220000000E0	3.070072143E-1	1.504596018E-2
8.230000000E0	3.041021199E-1	1.572488830E-2
8.240000000E0	3.012686941E-1	1.602836656E-2
8.250000000E0	2.985724177E-1	1.679103560E-2
8.260000000E0	2.961796450E-1	1.718332232E-2
8.270000000E0	2.938877661E-1	1.777197326E-2
8.280000000E0	2.915563623E-1	1.822474962E-2
8.290000000E0	2.895122478E-1	1.880963051E-2
8.300000000E0	2.874616174E-1	1.930361602E-2
8.310000000E0	2.853850267E-1	1.948657301E-2
8.320000000E0	2.834698703E-1	2.007113776E-2
8.330000000E0	2.818581119E-1	2.042108456E-2
8.340000000E0	2.799911742E-1	2.054320780E-2
8.350000000E0	2.786551498E-1	2.101760583E-2
8.360000000E0	2.770603557E-1	2.130492576E-2
8.370000000E0	2.755281332E-1	2.153015710E-2
8.380000000E0	2.743396567E-1	2.166636389E-2
8.390000000E0	2.732148173E-1	2.188455482E-2
8.400000000E0	2.722491362E-1	2.216492070E-2
8.410000000E0	2.712125038E-1	2.244546442E-2
8.420000000E0	2.703635102E-1	2.250806853E-2
8.430000000E0	2.697447277E-1	2.266171337E-2
8.440000000E0	2.690206524E-1	2.265209225E-2
8.450000000E0	2.687582959E-1	2.274149538E-2
8.460000000E0	2.682970444E-1	2.266494579E-2
8.470000000E0	2.678776662E-1	2.268404209E-2
8.480000000E0	2.678257139E-1	2.269547682E-2
8.490000000E0	2.678058241E-1	2.267096901E-2
8.500000000E0	2.678599025E-1	2.264363835E-2
8.510000000E0	2.679849301E-1	2.256587864E-2
8.520000000E0	2.684252186E-1	2.264667680E-2
8.530000000E0	2.689480333E-1	2.254489087E-2
8.540000000E0	2.696537594E-1	2.253756019E-2
8.550000000E0	2.702245124E-1	2.229068565E-2
8.560000000E0	2.710996699E-1	2.240814020E-2
8.570000000E0	2.721067806E-1	2.232564023E-2
8.580000000E0	2.731691413E-1	2.209538662E-2
8.590000000E0	2.742366510E-1	2.184335664E-2
8.600000000E0	2.754994401E-1	2.152657020E-2
8.610000000E0	2.767511117E-1	2.135833698E-2
8.620000000E0	2.784555954E-1	2.122245081E-2
8.630000000E0	2.798342294E-1	2.077242610E-2
8.640000000E0	2.816799575E-1	2.046615615E-2
8.650000000E0	2.833848697E-1	2.014512729E-2
8.660000000E0	2.852643855E-1	1.968337397E-2
8.670000000E0	2.873987187E-1	1.928744340E-2
8.680000000E0	2.896565668E-1	1.905382228E-2
8.690000000E0	2.917938413E-1	1.842467186E-2
8.700000000E0	2.941428937E-1	1.810436965E-2
8.710000000E0	2.963594479E-1	1.753447107E-2
8.720000000E0	2.988223250E-1	1.701560003E-2
8.730000000E0	3.016579830E-1	1.668890191E-2
8.740000000E0	3.041375204E-1	1.604539812E-2
8.750000000E0	3.071823737E-1	1.576686506E-2
8.760000000E0	3.097835280E-1	1.504973329E-2
8.770000000E0	3.128871908E-1	1.474462867E-2
8.780000000E0	3.160094159E-1	1.404610434E-2
8.790000000E0	3.192949307E-1	1.369005878E-2
8.800000000E0	3.225250536E-1	1.303403393E-2
8.810000000E0	3.259601211E-1	1.263035649E-2
8.820000000E0	3.292703285E-1	1.189802842E-2
8.830000000E0	3.326936478E-1	1.151268518E-2
8.840000000E0	3.361685016E-1	1.077265817E-2
8.850000000E0	3.399837059E-1	1.043442734E-2
8.860000000E0	3.435658852E-1	9.802602064E-3
8.870000000E0	3.474053126E-1	9.292173424E-3
8.880000000E0	3.512015757E-1	8.908782191E-3
8.890000000E0	3.548404817E-1	8.376670364E-3
8.900000000E0	3.589228180E-1	8.129085915E-3
8.910000000E0	3.628565889E-1	7.615672979E-3
8.920000000E0	3.668915624E-1	7.148509527E-3
8.930000000E0	3.710521554E-1	6.873803220E-3
8.940000000E0	3.752278968E-1	6.332011926E-3
8.950000000E0	3.795613228E-1	6.083894598E-3
8.960000000E0	3.839308149E-1	5.765794690E-3
8.970000000E0	3.882080562E-1	5.302302428E-3
8.980000000E0	3.927483377E-1	5.062434492E-3
8.990000000E0	3.971295002E-1	4.804988556E-3
9.000000000E0	4.013646773E-1	4.482221962E-3
9.010000000E0	4.057534388E-1	4.051375484E-3
9.020000000E0	4.102472993E-1	3.972780787E-3
9.030000000E0	4.147280473E-1	3.927679611E-3
9.040000000E0	4.192889448E-1	3.898447168E-3
9.050000000E0	4.239702458E-1	3.563561272E-3
9.060000000E0	4.286257265E-1	3.106822219E-3
9.070000000E0	4.331072292E-1	2.476925465E-3
9.080000000E0	4.378733739E-1	2.136069809E-3
9.090000000E0	4.425541807E-1	1.745309072E-3
9.100000000E0	4.474622590E-1	1.658136602E-3
9.110000000E0	4.523091193E-1	1.572192576E-3
9.120000000E0	4.569105430E-1	1.492304204E-3
9.130000000E0	4.617321156E-1	1.560157367E-3
9.140000000E0	4.665313245E-1	1.482268824E-3
9.150000000E0	4.711048975E-1	1.423274665E-3
9.160000000E0	4.758968037E-1	1.477859005E-3
9.170000000E0	4.807634986E-1	1.561385100E-3
9.180000000E0	4.853442157E-1	1.520642806E-3
9.190000000E0	4.902152085E-1	1.578144021E-3
9.200000000E0	4.950169638E-1	1.622472360E-3
9.210000000E0	4.996229441E-1	1.619810527E-3
9.220000000E0	5.044197561E-1	1.672528632E-3
9.230000000E0	5.092712345E-1	1.697978658E-3
9.240000000E0	5.138287305E-1	1.707635564E-3
9.250000000E0	5.184247159E-1	1.719110295E-3
9.260000000E0	5.233898730E-1	1.776050605E-3
9.270000000E0	5.279805549E-1	1.761578398E-3
9.280000000E0	5.325569235E-1	1.791724314E-3
9.290000000E0	5.372738913E-1	1.813738689E-3
9.300000000E0	5.418994832E-1	1.873378489E-3
9.310000000E0	5.465876953E-1	1.840894950E-3
9.320000000E0	5.510990814E-1	1.806699230E-3
9.330000000E0	5.556376475E-1	1.831235200E-3
9.340000000E0	5.602621769E-1	1.861670027E-3
9.350000000E0	5.647553615E-1	1.839267677E-3
9.360000000E0	5.692913000E-1	1.950131216E-3
9.370000000E0	5.739278275E-1	1.972269545E-3
9.380000000E0	5.784352175E-1	1.926040990E-3
9.390000000E0	5.829155944E-1	1.897556217E-3
9.400000000E0	5.872755226E-1	1.974647549E-3
9.410000000E0	5.917082393E-1	2.023526931E-3
9.420000000E0	5.960596762E-1	2.208842812E-3
9.430000000E0	6.003566417E-1	2.430460217E-3
9.440000000E0	6.046568481E-1	2.966678303E-3
9.450000000E0	6.091021520E-1	3.079006246E-3
9.460000000E0	6.136540975E-1	3.022851403E-3
9.470000000E0	6.180351495E-1	2.853725239E-3
9.480000000E0	6.223352597E-1	2.666638571E-3
9.490000000E0	6.267373686E-1	2.781433551E-3
9.500000000E0	6.310959357E-1	2.932912898E-3
9.510000000E0	6.354562468E-1	3.036296553E-3
9.520000000E0	6.399233101E-1	3.426770119E-3
9.530000000E0	6.441345746E-1	3.873382712E-3
9.540000000E0	6.482880721E-1	4.109062030E-3
9.550000000E0	6.522752849E-1	4.375131455E-3
9.560000000E0	6.563968015E-1	4.802000054E-3
9.570000000E0	6.603980131E-1	5.108012344E-3
