mass_A
t	x	y
0.000000000E0	5.503569824E-4	1.362133531E-1
1.000000000E-2	6.764660670E-4	1.361671859E-1
2.000000000E-2	1.359417528E-3	1.360525585E-1
3.000000000E-2	1.963714151E-3	1.352875433E-1
4.000000000E-2	2.937596971E-3	1.344243909E-1
5.000000000E-2	4.632880857E-3	1.336006783E-1
6.000000000E-2	6.241166086E-3	1.325190984E-1
7.000000000E-2	8.180010134E-3	1.311804806E-1
8.000000000E-2	1.050276755E-2	1.295869996E-1
9.000000000E-2	1.306872414E-2	1.277743451E-1
1.000000000E-1	1.608448357E-2	1.260515079E-1
1.100000000E-1	1.919003864E-2	1.240786489E-1
1.200000000E-1	2.260200053E-2	1.219451625E-1
1.300000000E-1	2.613835734E-2	1.196001597E-1
1.400000000E-1	3.010812552E-2	1.172656223E-1
1.500000000E-1	3.423691281E-2	1.146566332E-1
1.600000000E-1	3.881681362E-2	1.118511461E-1
1.700000000E-1	4.349197331E-2	1.097162523E-1
1.800000000E-1	4.883991673E-2	1.077501185E-1
1.900000000E-1	5.486258699E-2	1.045149798E-1
2.000000000E-1	6.047018808E-2	9.971822412E-2
2.100000000E-1	6.612296598E-2	9.586789585E-2
2.200000000E-1	7.277750612E-2	9.216865720E-2
2.300000000E-1	7.971882044E-2	8.877831831E-2
2.400000000E-1	8.658818533E-2	8.538977796E-2
2.500000000E-1	9.375305796E-2	8.208219651E-2
2.600000000E-1	1.009111068E-1	7.879623497E-2
2.700000000E-1	1.083392397E-1	7.546013941E-2
2.800000000E-1	1.159839409E-1	7.222407105E-2
2.900000000E-1	1.238326818E-1	6.899537490E-2
3.000000000E-1	1.316321247E-1	6.574439999E-2
3.100000000E-1	1.396727183E-1	6.257795901E-2
3.200000000E-1	1.479635915E-1	5.943807363E-2
3.300000000E-1	1.563814433E-1	5.648714747E-2
3.400000000E-1	1.650490321E-1	5.364161693E-2
3.500000000E-1	1.737372591E-1	5.056110161E-2
3.600000000E-1	1.828007161E-1	4.779620674E-2
3.700000000E-1	1.921720546E-1	4.504570171E-2
3.800000000E-1	2.013934414E-1	4.243028050E-2
3.900000000E-1	2.107486091E-1	3.968420391E-2
4.000000000E-1	2.199189097E-1	3.705160840E-2
4.100000000E-1	2.288773799E-1	3.535764529E-2
4.200000000E-1	2.392652411E-1	3.510902713E-2
4.300000000E-1	2.491256360E-1	2.956155764E-2
4.400000000E-1	2.592648078E-1	2.701657242E-2
4.500000000E-1	2.696904899E-1	2.475514726E-2
4.600000000E-1	2.802343169E-1	2.269223783E-2
4.700000000E-1	2.908114573E-1	2.060187439E-2
4.800000000E-1	3.014119116E-1	1.857335890E-2
4.900000000E-1	3.121181770E-1	1.654416501E-2
5.000000000E-1	3.230214282E-1	1.489970029E-2
5.100000000E-1	3.339601110E-1	1.305858357E-2
5.200000000E-1	3.449068717E-1	1.164800155E-2
5.300000000E-1	3.559602694E-1	1.009894236E-2
5.400000000E-1	3.670139015E-1	8.595286972E-3
5.500000000E-1	3.781193357E-1	7.449981248E-3
5.600000000E-1	3.891566295E-1	6.485461368E-3
5.700000000E-1	4.002908756E-1	5.525066991E-3
5.800000000E-1	4.109839136E-1	4.813136351E-3
5.900000000E-1	4.223997157E-1	6.937791215E-3
6.000000000E-1	4.337371512E-1	3.875618599E-3
6.100000000E-1	4.451465913E-1	2.863884065E-3
6.200000000E-1	4.566825610E-1	2.275463682E-3
6.300000000E-1	4.680417355E-1	1.904092549E-3
6.400000000E-1	4.791759723E-1	1.746489541E-3
6.500000000E-1	4.903600552E-1	1.666702361E-3
6.600000000E-1	5.014684695E-1	1.688013996E-3
6.700000000E-1	5.126255401E-1	1.682837603E-3
6.800000000E-1	5.237847317E-1	1.809128583E-3
6.900000000E-1	5.350259328E-1	1.908665980E-3
7.000000000E-1	5.464315172E-1	1.959197321E-3
7.100000000E-1	5.575768070E-1	1.988081289E-3
7.200000000E-1	5.685416664E-1	2.024272266E-3
7.300000000E-1	5.795142923E-1	2.198588492E-3
7.400000000E-1	5.905342649E-1	2.287431942E-3
7.500000000E-1	6.013084696E-1	2.513342471E-3
7.600000000E-1	6.113044825E-1	3.841845655E-3
7.700000000E-1	6.231159394E-1	3.610957706E-3
7.800000000E-1	6.341654660E-1	3.459172829E-3
7.900000000E-1	6.454251817E-1	4.032248301E-3
8.000000000E-1	6.563804414E-1	5.165115361E-3
8.100000000E-1	6.670152227E-1	5.955621286E-3
8.200000000E-1	6.774986942E-1	7.236615687E-3
8.300000000E-1	6.879158291E-1	8.534597594E-3
8.400000000E-1	6.979309294E-1	1.005793541E-2
8.500000000E-1	7.080542026E-1	1.163157134E-2
8.600000000E-1	7.180046438E-1	1.318333125E-2
8.700000000E-1	7.278162035E-1	1.508264199E-2
8.800000000E-1	7.377863561E-1	1.716788107E-2
8.900000000E-1	7.474841133E-1	1.940344809E-2
9.000000000E-1	7.568779019E-1	2.162038867E-2
9.100000000E-1	7.662221510E-1	2.390053234E-2
9.200000000E-1	7.754118846E-1	2.608724349E-2
9.300000000E-1	7.843306472E-1	2.834337268E-2
9.400000000E-1	7.925174186E-1	3.084352158E-2
9.500000000E-1	8.011272801E-1	3.401122041E-2
9.600000000E-1	8.099012254E-1	3.571627571E-2
9.700000000E-1	8.181405010E-1	3.732641236E-2
9.800000000E-1	8.262784905E-1	3.953464180E-2
9.900000000E-1	8.344935380E-1	4.183155424E-2
1.000000000E0	8.423653745E-1	4.411393506E-2
1.010000000E0	8.499006681E-1	4.640481436E-2
1.020000000E0	8.571560265E-1	4.866340883E-2
1.030000000E0	8.645233100E-1	5.118410485E-2
1.040000000E0	8.713765938E-1	5.362683188E-2
1.050000000E0	8.781179786E-1	5.595826820E-2
1.060000000E0	8.846003985E-1	5.831161420E-2
1.070000000E0	8.910162952E-1	6.075981162E-2
1.080000000E0	8.974178584E-1	6.316224279E-2
1.090000000E0	9.031906530E-1	6.565605519E-2
1.100000000E0	9.087444171E-1	6.796438638E-2
1.110000000E0	9.141283964E-1	7.024262656E-2
1.120000000E0	9.192218970E-1	7.251003892E-2
1.130000000E0	9.240567972E-1	7.459974931E-2
1.140000000E0	9.285529301E-1	7.671507559E-2
1.150000000E0	9.329316406E-1	7.868027484E-2
1.160000000E0	9.370925611E-1	8.045748629E-2
1.170000000E0	9.407512359E-1	8.224796053E-2
1.180000000E0	9.443604999E-1	8.385893996E-2
1.190000000E0	9.477098122E-1	8.548897051E-2
1.200000000E0	9.506492445E-1	8.693159334E-2
1.210000000E0	9.536973025E-1	8.857588786E-2
1.220000000E0	9.562997954E-1	8.999586528E-2
1.230000000E0	9.589249922E-1	9.123043021E-2
1.240000000E0	9.612967842E-1	9.239307032E-2
1.250000000E0	9.633800659E-1	9.344033075E-2
1.260000000E0	9.651214434E-1	9.444343032E-2
1.270000000E0	9.668133781E-1	9.540605330E-2
1.280000000E0	9.680992350E-1	9.624879992E-2
1.290000000E0	9.692464647E-1	9.673702139E-2
1.300000000E0	9.702229123E-1	9.745163399E-2
1.310000000E0	9.710066696E-1	9.770420626E-2
1.320000000E0	9.714591096E-1	9.784486312E-2
1.330000000E0	9.716180415E-1	9.795653303E-2
1.340000000E0	9.715126473E-1	9.782238160E-2
1.350000000E0	9.713515285E-1	9.770214559E-2
1.360000000E0	9.707299316E-1	9.758106612E-2
1.370000000E0	9.701202508E-1	9.701382568E-2
1.380000000E0	9.690933103E-1	9.650711283E-2
1.390000000E0	9.679720703E-1	9.562839234E-2
1.400000000E0	9.665644193E-1	9.472753548E-2
1.410000000E0	9.647960603E-1	9.400104213E-2
1.420000000E0	9.627493759E-1	9.306072093E-2
1.430000000E0	9.605835103E-1	9.198368102E-2
1.440000000E0	9.582450456E-1	9.082189101E-2
1.450000000E0	9.557320390E-1	8.936090525E-2
1.460000000E0	9.527499773E-1	8.780356663E-2
1.470000000E0	9.497134667E-1	8.645233382E-2
1.480000000E0	9.464485412E-1	8.463443648E-2
1.490000000E0	9.429099006E-1	8.317747153E-2
1.500000000E0	9.394182193E-1	8.125731615E-2
1.510000000E0	9.355854161E-1	7.934697619E-2
1.520000000E0	9.314892991E-1	7.756075871E-2
1.530000000E0	9.272800662E-1	7.561654091E-2
1.540000000E0	9.228747732E-1	7.351732708E-2
1.550000000E0	9.182396877E-1	7.144818547E-2
1.560000000E0	9.132258004E-1	6.929933215E-2
1.570000000E0	9.083604876E-1	6.706356034E-2
1.580000000E0	9.030945308E-1	6.484944965E-2
1.590000000E0	8.976357822E-1	6.266372549E-2
1.600000000E0	8.920315156E-1	6.038157729E-2
1.610000000E0	8.862554503E-1	5.817824590E-2
1.620000000E0	8.801211094E-1	5.590796013E-2
1.630000000E0	8.738832476E-1	5.367955369E-2
1.640000000E0	8.673514899E-1	5.143074962E-2
1.650000000E0	8.604854754E-1	4.920894070E-2
1.660000000E0	8.536616431E-1	4.701445290E-2
1.670000000E0	8.468659225E-1	4.483003148E-2
1.680000000E0	8.396714542E-1	4.260299623E-2
1.690000000E0	8.324852692E-1	4.041946989E-2
1.700000000E0	8.248988884E-1	3.814483357E-2
1.710000000E0	8.173357482E-1	3.590786756E-2
1.720000000E0	8.097423514E-1	3.416603250E-2
1.730000000E0	8.017843140E-1	3.298087566E-2
1.740000000E0	7.937648631E-1	2.998410197E-2
1.750000000E0	7.863299419E-1	2.721390163E-2
1.760000000E0	7.781212451E-1	2.511067630E-2
1.770000000E0	7.697397494E-1	2.297116842E-2
1.780000000E0	7.611675503E-1	2.089397893E-2
1.790000000E0	7.524673651E-1	1.894199504E-2
1.800000000E0	7.437844583E-1	1.693186237E-2
1.810000000E0	7.347681786E-1	1.511107050E-2
1.820000000E0	7.258267503E-1	1.313153014E-2
1.830000000E0	7.168979495E-1	1.162194892E-2
1.840000000E0	7.076479603E-1	9.762312559E-3
1.850000000E0	6.984206626E-1	8.441030070E-3
1.860000000E0	6.892274251E-1	7.189980399E-3
1.870000000E0	6.797730874E-1	5.929082594E-3
1.880000000E0	6.706058866E-1	4.948302923E-3
1.890000000E0	6.610218873E-1	3.944572939E-3
1.900000000E0	6.513565137E-1	3.009643006E-3
1.910000000E0	6.414672587E-1	2.165963600E-3
1.920000000E0	6.316623716E-1	1.717076124E-3
1.930000000E0	6.220733950E-1	2.138406873E-3
1.940000000E0	6.118274940E-1	1.933426478E-3
1.950000000E0	6.026383504E-1	8.118282758E-4
1.960000000E0	5.931904716E-1	5.454891467E-4
1.970000000E0	5.835320634E-1	4.973991636E-4
1.980000000E0	5.740839041E-1	4.643134762E-4
1.990000000E0	5.644478986E-1	6.915765467E-5
2.000000000E0	5.548931604E-1	-1.325149913E-4
2.010000000E0	5.453648791E-1	-2.775993076E-4
2.020000000E0	5.356434561E-1	-3.306416902E-4
2.030000000E0	5.259482278E-1	-3.904293795E-4
2.040000000E0	5.164311893E-1	-3.480391802E-4
2.050000000E0	5.068297722E-1	-3.541683594E-4
2.060000000E0	4.971502017E-1	-3.967664273E-4
2.070000000E0	4.876877370E-1	-3.813277159E-4
2.080000000E0	4.782453725E-1	-2.853628429E-4
2.090000000E0	4.688423764E-1	-1.751646768E-4
2.100000000E0	4.594472260E-1	-3.257653883E-5
2.110000000E0	4.498684815E-1	2.996399601E-4
2.120000000E0	4.405469818E-1	7.908607960E-4
2.130000000E0	4.316495764E-1	1.891274831E-3
2.140000000E0	4.219594045E-1	2.651522088E-3
2.150000000E0	4.126982377E-1	2.292013047E-3
2.160000000E0	4.038364939E-1	2.872648321E-3
2.170000000E0	3.946220998E-1	3.702858240E-3
2.180000000E0	3.856686997E-1	4.465102904E-3
2.190000000E0	3.768167973E-1	5.190879497E-3
2.200000000E0	3.679712725E-1	6.219344384E-3
2.210000000E0	3.592666969E-1	7.291806335E-3
2.220000000E0	3.505966605E-1	8.435572085E-3
2.230000000E0	3.419266919E-1	9.540426193E-3
2.240000000E0	3.335667016E-1	1.073476405E-2
2.250000000E0	3.253532377E-1	1.196523365E-2
2.260000000E0	3.173054640E-1	1.319670514E-2
2.270000000E0	3.090396991E-1	1.478264290E-2
2.280000000E0	3.010517393E-1	1.621247056E-2
2.290000000E0	2.932128226E-1	1.768182079E-2
2.300000000E0	2.854979962E-1	1.926539756E-2
2.310000000E0	2.778785319E-1	2.074485236E-2
2.320000000E0	2.702855512E-1	2.247757228E-2
2.330000000E0	2.628728886E-1	2.400566882E-2
2.340000000E0	2.555702391E-1	2.576129264E-2
2.350000000E0	2.487284848E-1	2.762719972E-2
2.360000000E0	2.419316970E-1	2.952705997E-2
2.370000000E0	2.351112556E-1	3.159591500E-2
2.380000000E0	2.282949452E-1	3.278626229E-2
2.390000000E0	2.220351374E-1	3.371030797E-2
2.400000000E0	2.159351554E-1	3.549439610E-2
2.410000000E0	2.099093796E-1	3.711413693E-2
2.420000000E0	2.040754360E-1	3.890686779E-2
2.430000000E0	1.983058360E-1	4.057979218E-2
2.440000000E0	1.929165449E-1	4.236072380E-2
2.450000000E0	1.875011088E-1	4.404261659E-2
2.460000000E0	1.821792435E-1	4.575575352E-2
2.470000000E0	1.770497370E-1	4.733486174E-2
2.480000000E0	1.721643904E-1	4.904210910E-2
2.490000000E0	1.675239267E-1	5.050199419E-2
2.500000000E0	1.631109425E-1	5.219108351E-2
2.510000000E0	1.589144788E-1	5.368681429E-2
2.520000000E0	1.547806668E-1	5.500560996E-2
2.530000000E0	1.510198472E-1	5.632376785E-2
2.540000000E0	1.473483355E-1	5.753172391E-2
2.550000000E0	1.437912925E-1	5.895154233E-2
2.560000000E0	1.404308510E-1	6.018598099E-2
2.570000000E0	1.372524077E-1	6.132320129E-2
2.580000000E0	1.345844921E-1	6.244564667E-2
2.590000000E0	1.316979017E-1	6.349399360E-2
2.600000000E0	1.292965855E-1	6.456284958E-2
2.610000000E0	1.270502328E-1	6.561599859E-2
2.620000000E0	1.249513774E-1	6.648841744E-2
2.630000000E0	1.228588751E-1	6.711450943E-2
2.640000000E0	1.213836098E-1	6.790088969E-2
2.650000000E0	1.197205393E-1	6.839161798E-2
2.660000000E0	1.184148970E-1	6.896352384E-2
2.670000000E0	1.172756662E-1	6.927176277E-2
2.680000000E0	1.163838797E-1	6.973472015E-2
2.690000000E0	1.158387115E-1	7.015747500E-2
2.700000000E0	1.152018338E-1	7.025733864E-2
2.710000000E0	1.149854815E-1	7.029046463E-2
2.720000000E0	1.149686616E-1	7.026663143E-2
2.730000000E0	1.150288259E-1	7.020654249E-2
2.740000000E0	1.152235252E-1	7.014667896E-2
2.750000000E0	1.159909183E-1	7.006526208E-2
2.760000000E0	1.167436852E-1	6.984622533E-2
2.770000000E0	1.175229510E-1	6.921957258E-2
2.780000000E0	1.186292051E-1	6.883699714E-2
2.790000000E0	1.197814108E-1	6.811453598E-2
2.800000000E0	1.214750707E-1	6.768245702E-2
2.810000000E0	1.230435548E-1	6.682347439E-2
2.820000000E0	1.249668817E-1	6.589399632E-2
2.830000000E0	1.271654521E-1	6.503738080E-2
2.840000000E0	1.294386547E-1	6.400699914E-2
2.850000000E0	1.319125212E-1	6.279249717E-2
2.860000000E0	1.347548641E-1	6.166483403E-2
2.870000000E0	1.378410033E-1	6.050320508E-2
2.880000000E0	1.411098874E-1	5.922034027E-2
2.890000000E0	1.446140433E-1	5.803114783E-2
2.900000000E0	1.480724684E-1	5.676366453E-2
2.910000000E0	1.517665148E-1	5.543198977E-2
2.920000000E0	1.557199330E-1	5.397517096E-2
2.930000000E0	1.600048292E-1	5.255622832E-2
2.940000000E0	1.643556101E-1	5.116480173E-2
2.950000000E0	1.688837532E-1	4.951093315E-2
2.960000000E0	1.734169819E-1	4.805796939E-2
2.970000000E0	1.782501756E-1	4.633589420E-2
2.980000000E0	1.831994830E-1	4.475055557E-2
2.990000000E0	1.884006903E-1	4.304082042E-2
3.000000000E0	1.938241582E-1	4.143336481E-2
3.010000000E0	1.992546876E-1	3.982222669E-2
3.020000000E0	2.050809526E-1	3.813265586E-2
3.030000000E0	2.107758519E-1	3.632228902E-2
3.040000000E0	2.164567173E-1	3.480659995E-2
3.050000000E0	2.222493347E-1	3.303406323E-2
3.060000000E0	2.280424060E-1	3.204380019E-2
3.070000000E0	2.344410420E-1	3.086150829E-2
3.080000000E0	2.410372217E-1	2.896369519E-2
3.090000000E0	2.473742931E-1	2.710149695E-2
3.100000000E0	2.538550197E-1	2.505297771E-2
3.110000000E0	2.607907539E-1	2.351131939E-2
3.120000000E0	2.677261568E-1	2.198497570E-2
3.130000000E0	2.749351343E-1	2.053013352E-2
3.140000000E0	2.822501448E-1	1.909230731E-2
3.150000000E0	2.894687805E-1	1.765985201E-2
3.160000000E0	2.967963094E-1	1.620887077E-2
3.170000000E0	3.043263353E-1	1.496930178E-2
3.180000000E0	3.119738105E-1	1.355449208E-2
3.190000000E0	3.197330466E-1	1.218584929E-2
3.200000000E0	3.274678606E-1	1.084888418E-2
3.210000000E0	3.352396959E-1	9.656241032E-3
3.220000000E0	3.430854353E-1	8.530894748E-3
3.230000000E0	3.509803971E-1	7.437730052E-3
3.240000000E0	3.591120316E-1	6.380923803E-3
3.250000000E0	3.671361430E-1	5.366407410E-3
3.260000000E0	3.755391249E-1	4.499926623E-3
3.270000000E0	3.836734851E-1	3.817112523E-3
3.280000000E0	3.921216963E-1	3.039160249E-3
3.290000000E0	4.003677625E-1	2.229106348E-3
3.300000000E0	4.086726836E-1	1.688770870E-3
3.310000000E0	4.167045343E-1	1.678237202E-3
3.320000000E0	4.252895396E-1	1.877754168E-3
3.330000000E0	4.340282715E-1	7.879228630E-4
3.340000000E0	4.424159666E-1	-1.300709587E-4
3.350000000E0	4.508296165E-1	-3.550532837E-4
3.360000000E0	4.595218846E-1	-5.175613138E-4
3.370000000E0	4.680557353E-1	-6.401142761E-4
3.380000000E0	4.763391796E-1	-9.228549949E-4
3.390000000E0	4.847977854E-1	-1.106995576E-3
3.400000000E0	4.933426563E-1	-1.287455030E-3
3.410000000E0	5.017233402E-1	-1.319663278E-3
3.420000000E0	5.102233456E-1	-1.316603935E-3
3.430000000E0	5.188821890E-1	-1.309478574E-3
3.440000000E0	5.272326590E-1	-1.262902596E-3
3.450000000E0	5.355404507E-1	-1.258117324E-3
3.460000000E0	5.440679392E-1	-1.243355033E-3
3.470000000E0	5.523089712E-1	-1.099554053E-3
3.480000000E0	5.606228306E-1	-1.023854799E-3
3.490000000E0	5.687570447E-1	-9.569345979E-4
3.500000000E0	5.770033400E-1	-8.924211218E-4
3.510000000E0	5.851083224E-1	-8.857687795E-4
3.520000000E0	5.931629009E-1	-8.875400801E-4
3.530000000E0	6.011513567E-1	-7.435026875E-4
3.540000000E0	6.088301808E-1	-1.802774301E-5
3.550000000E0	6.173665588E-1	7.398045317E-4
3.560000000E0	6.256721341E-1	2.774882696E-4
3.570000000E0	6.339288802E-1	5.056396856E-4
3.580000000E0	6.421211073E-1	9.552688888E-4
3.590000000E0	6.501758611E-1	1.721827540E-3
3.600000000E0	6.581290720E-1	2.182557209E-3
3.610000000E0	6.656673882E-1	2.969130591E-3
3.620000000E0	6.732951370E-1	3.833379041E-3
3.630000000E0	6.809004720E-1	4.891981785E-3
3.640000000E0	6.884773482E-1	6.010115624E-3
3.650000000E0	6.960043690E-1	7.205206545E-3
3.660000000E0	7.032442932E-1	8.294614665E-3
3.670000000E0	7.104674765E-1	9.577802687E-3
3.680000000E0	7.175225891E-1	1.071186747E-2
3.690000000E0	7.246222584E-1	1.199019185E-2
3.700000000E0	7.314735894E-1	1.328178886E-2
3.710000000E0	7.382477375E-1	1.471289584E-2
3.720000000E0	7.449043071E-1	1.618422251E-2
3.730000000E0	7.447653983E-1	1.538270665E-2
3.740000000E0	7.578878472E-1	1.900067463E-2
3.750000000E0	7.642447011E-1	2.059527558E-2
3.760000000E0	7.703223831E-1	2.181764749E-2
3.770000000E0	7.760939152E-1	2.326952843E-2
3.780000000E0	7.820187111E-1	2.477826893E-2
3.790000000E0	7.874341592E-1	2.620258275E-2
3.800000000E0	7.924976606E-1	2.772745094E-2
3.810000000E0	7.976023280E-1	2.926537203E-2
3.820000000E0	8.029344813E-1	3.103497969E-2
3.830000000E0	8.081330436E-1	3.186137429E-2
3.840000000E0	8.130687130E-1	3.270229467E-2
3.850000000E0	8.178327142E-1	3.407612425E-2
3.860000000E0	8.226518079E-1	3.527726490E-2
3.870000000E0	8.271703217E-1	3.648820815E-2
3.880000000E0	8.316073233E-1	3.779599409E-2
3.890000000E0	8.358641372E-1	3.926169465E-2
3.900000000E0	8.398099071E-1	4.041862367E-2
3.910000000E0	8.435991935E-1	4.158705791E-2
3.920000000E0	8.471291683E-1	4.272598175E-2
3.930000000E0	8.505599063E-1	4.378613446E-2
3.940000000E0	8.537539597E-1	4.487173419E-2
3.950000000E0	8.569245700E-1	4.594761187E-2
3.960000000E0	8.601085194E-1	4.701451058E-2
3.970000000E0	8.627657096E-1	4.798275271E-2
3.980000000E0	8.655049826E-1	4.897921597E-2
3.990000000E0	8.679110471E-1	4.987407632E-2
4.000000000E0	8.701139004E-1	5.063013229E-2
4.010000000E0	8.722874408E-1	5.143129710E-2
4.020000000E0	8.742840571E-1	5.218363975E-2
4.030000000E0	8.758538229E-1	5.273368921E-2
4.040000000E0	8.774617228E-1	5.343817497E-2
4.050000000E0	8.788710021E-1	5.380728681E-2
4.060000000E0	8.800307259E-1	5.438413585E-2
4.070000000E0	8.810750268E-1	5.479330198E-2
4.080000000E0	8.819902060E-1	5.500754997E-2
4.090000000E0	8.823980485E-1	5.555374495E-2
4.100000000E0	8.829998981E-1	5.578077790E-2
4.110000000E0	8.833025052E-1	5.589998040E-2
4.120000000E0	8.833425360E-1	5.590080367E-2
4.130000000E0	8.833108340E-1	5.586063376E-2
4.140000000E0	8.832128847E-1	5.577792033E-2
4.150000000E0	8.827739735E-1	5.558941726E-2
4.160000000E0	8.822713115E-1	5.547904232E-2
4.170000000E0	8.814661561E-1	5.507399601E-2
4.180000000E0	8.805224233E-1	5.472885241E-2
4.190000000E0	8.792040549E-1	5.438649169E-2
4.200000000E0	8.778704063E-1	5.377908690E-2
4.210000000E0	8.764909632E-1	5.338632479E-2
4.220000000E0	8.746696988E-1	5.272688265E-2
4.230000000E0	8.727741589E-1	5.220046775E-2
4.240000000E0	8.706986817E-1	5.147263498E-2
4.250000000E0	8.687132685E-1	5.055835788E-2
4.260000000E0	8.662662034E-1	4.991132910E-2
4.270000000E0	8.636790558E-1	4.918475256E-2
4.280000000E0	8.610936374E-1	4.819380845E-2
4.290000000E0	8.580697073E-1	4.715443367E-2
4.300000000E0	8.548914685E-1	4.607606461E-2
4.310000000E0	8.515814460E-1	4.501308299E-2
4.320000000E0	8.482034723E-1	4.388297346E-2
4.330000000E0	8.447782562E-1	4.276106866E-2
4.340000000E0	8.412116195E-1	4.161746995E-2
4.350000000E0	8.372691453E-1	4.048700567E-2
4.360000000E0	8.335220681E-1	3.930136570E-2
4.370000000E0	8.293077042E-1	3.808889902E-2
4.380000000E0	8.249692659E-1	3.683648171E-2
4.390000000E0	8.206262112E-1	3.551401378E-2
4.400000000E0	8.160773046E-1	3.434197198E-2
4.410000000E0	8.115689467E-1	3.299885801E-2
4.420000000E0	8.069004070E-1	3.211969149E-2
4.430000000E0	8.019693992E-1	3.127770741E-2
4.440000000E0	7.967141472E-1	2.981742161E-2
4.450000000E0	7.916801355E-1	2.795889596E-2
4.460000000E0	7.865887528E-1	2.619713866E-2
4.470000000E0	7.811487311E-1	2.483622734E-2
4.480000000E0	7.756128340E-1	2.347463354E-2
4.490000000E0	7.699098386E-1	2.208996929E-2
4.500000000E0	7.641250033E-1	2.068873874E-2
4.510000000E0	7.581060591E-1	1.934640001E-2
4.520000000E0	7.521908185E-1	1.805852908E-2
4.530000000E0	7.458264310E-1	1.644457733E-2
4.540000000E0	7.394088174E-1	1.509365221E-2
4.550000000E0	7.329840847E-1	1.380713669E-2
4.560000000E0	7.263270965E-1	1.246364753E-2
4.570000000E0	7.195311728E-1	1.108995163E-2
4.580000000E0	7.127992501E-1	9.761805507E-3
4.590000000E0	7.060773371E-1	8.566598898E-3
4.600000000E0	6.993479174E-1	7.445750175E-3
4.610000000E0	6.923713509E-1	6.381715029E-3
4.620000000E0	6.853869083E-1	5.271613756E-3
4.630000000E0	6.784346016E-1	4.291457349E-3
4.640000000E0	6.710851102E-1	3.206931164E-3
4.650000000E0	6.641421203E-1	2.513512491E-3
4.660000000E0	6.567406100E-1	1.867540390E-3
4.670000000E0	6.493097900E-1	1.085811960E-3
4.680000000E0	6.419133703E-1	6.591702209E-4
4.690000000E0	6.343158064E-1	4.322171822E-5
4.700000000E0	6.269772661E-1	-1.994035611E-4
4.710000000E0	6.195315013E-1	-1.107988810E-4
4.720000000E0	6.115939062E-1	-6.786646847E-5
4.730000000E0	6.044733507E-1	-4.830683893E-4
4.740000000E0	5.972533350E-1	-1.135283793E-3
4.750000000E0	5.901455257E-1	-1.301840477E-3
4.760000000E0	5.828376690E-1	-1.320170738E-3
4.770000000E0	5.753591696E-1	-1.392799577E-3
4.780000000E0	5.681973922E-1	-1.380740217E-3
4.790000000E0	5.608380418E-1	-1.461317629E-3
4.800000000E0	5.533968103E-1	-1.448165064E-3
4.810000000E0	5.461285201E-1	-1.430162267E-3
4.820000000E0	5.387745833E-1	-1.410760964E-3
4.830000000E0	5.312696089E-1	-1.409922317E-3
4.840000000E0	5.240423928E-1	-1.340970350E-3
4.850000000E0	5.168639351E-1	-1.425352165E-3
4.860000000E0	5.097982883E-1	-1.481118737E-3
4.870000000E0	5.025047779E-1	-1.496486145E-3
4.880000000E0	4.951112199E-1	-1.484305561E-3
4.890000000E0	4.879848477E-1	-1.441248141E-3
4.900000000E0	4.805978937E-1	-1.362487791E-3
4.910000000E0	4.736229936E-1	-1.363880274E-3
4.920000000E0	4.663615345E-1	-1.307836868E-3
4.930000000E0	4.593721825E-1	-1.253841748E-3
4.940000000E0	4.520735130E-1	-1.169012957E-3
4.950000000E0	4.449816714E-1	-9.978038701E-4
4.960000000E0	4.379164492E-1	-6.460490327E-4
4.970000000E0	4.311847680E-1	2.837673183E-4
4.980000000E0	4.239251109E-1	1.093325802E-3
4.990000000E0	4.166369367E-1	1.005312965E-3
5.000000000E0	4.098991529E-1	9.500343331E-4
5.010000000E0	4.032412785E-1	1.184244574E-3
5.020000000E0	3.964590808E-1	1.757378287E-3
5.030000000E0	3.897349535E-1	2.298127870E-3
5.040000000E0	3.832651048E-1	2.908189329E-3
5.050000000E0	3.768191327E-1	3.255089746E-3
5.060000000E0	3.702355458E-1	4.085901190E-3
5.070000000E0	3.637607794E-1	4.831426536E-3
5.080000000E0	3.573200586E-1	5.428881488E-3
5.090000000E0	3.510627281E-1	6.233773963E-3
5.100000000E0	3.449266414E-1	7.182142503E-3
5.110000000E0	3.387795988E-1	7.905363407E-3
5.120000000E0	3.328903423E-1	8.621388201E-3
5.130000000E0	3.270607004E-1	9.601267510E-3
5.140000000E0	3.211272842E-1	1.058100656E-2
5.150000000E0	3.154229540E-1	1.160836489E-2
5.160000000E0	3.098333944E-1	1.267994423E-2
5.170000000E0	3.043258812E-1	1.380456116E-2
5.180000000E0	2.989138618E-1	1.478791700E-2
5.190000000E0	2.935749432E-1	1.589163583E-2
5.200000000E0	2.883806133E-1	1.691300322E-2
5.210000000E0	2.833267566E-1	1.809601489E-2
5.220000000E0	2.782059562E-1	1.910256097E-2
5.230000000E0	2.734521592E-1	2.028446064E-2
5.240000000E0	2.688943042E-1	2.129350086E-2
5.250000000E0	2.643270359E-1	2.238479019E-2
5.260000000E0	2.600743683E-1	2.348200322E-2
5.270000000E0	2.557873353E-1	2.465388826E-2
5.280000000E0	2.515868278E-1	2.557905940E-2
5.290000000E0	2.477937431E-1	2.658037126E-2
5.300000000E0	2.441480533E-1	2.750973288E-2
5.310000000E0	2.405536662E-1	2.851640115E-2
5.320000000E0	2.370454895E-1	2.934616936E-2
5.330000000E0	2.336958404E-1	3.036495502E-2
5.340000000E0	2.303985933E-1	3.121542797E-2
5.350000000E0	2.272720862E-1	3.190299435E-2
5.360000000E0	2.242893666E-1	3.233732311E-2
5.370000000E0	2.214903879E-1	3.299774282E-2
5.380000000E0	2.190741957E-1	3.366454714E-2
5.390000000E0	2.164838663E-1	3.436014712E-2
5.400000000E0	2.140779805E-1	3.492386534E-2
5.410000000E0	2.119164072E-1	3.559475009E-2
5.420000000E0	2.097075221E-1	3.620520174E-2
5.430000000E0	2.076906424E-1	3.688164547E-2
5.440000000E0	2.058144940E-1	3.736421323E-2
5.450000000E0	2.041203083E-1	3.797120508E-2
5.460000000E0	2.024850019E-1	3.828536259E-2
5.470000000E0	2.009815455E-1	3.882417030E-2
5.480000000E0	1.997539458E-1	3.931925404E-2
5.490000000E0	1.986342329E-1	3.956954626E-2
5.500000000E0	1.976406033E-1	3.988567235E-2
5.510000000E0	1.968581255E-1	4.006416085E-2
5.520000000E0	1.963172568E-1	4.040857266E-2
5.530000000E0	1.956569546E-1	4.044410020E-2
5.540000000E0	1.953590519E-1	4.050746405E-2
5.550000000E0	1.952577519E-1	4.055099644E-2
5.560000000E0	1.952394279E-1	4.051095915E-2
5.570000000E0	1.953323019E-1	4.049773622E-2
5.580000000E0	1.954292602E-1	4.042487947E-2
5.590000000E0	1.957947042E-1	4.034868694E-2
5.600000000E0	1.963970169E-1	4.035525238E-2
5.610000000E0	1.969913740E-1	4.013788148E-2
5.620000000E0	1.976920885E-1	3.994356090E-2
5.630000000E0	1.986560936E-1	3.962031031E-2
5.640000000E0	1.998012023E-1	3.928760263E-2
5.650000000E0	2.010116165E-1	3.878495465E-2
5.660000000E0	2.025598071E-1	3.831917016E-2
5.670000000E0	2.042635029E-1	3.791876888E-2
5.680000000E0	2.061043325E-1	3.735700272E-2
5.690000000E0	2.079148834E-1	3.681832754E-2
5.700000000E0	2.097653561E-1	3.617988137E-2
5.710000000E0	2.119494252E-1	3.576506319E-2
5.720000000E0	2.141718731E-1	3.501618913E-2
5.730000000E0	2.165423222E-1	3.427804277E-2
5.740000000E0	2.191310732E-1	3.371140713E-2
5.750000000E0	2.217854928E-1	3.293537765E-2
5.760000000E0	2.245642319E-1	3.241455461E-2
5.770000000E0	2.274525375E-1	3.187445587E-2
5.780000000E0	2.306543478E-1	3.132891410E-2
5.790000000E0	2.338651478E-1	3.077294073E-2
5.800000000E0	2.372741712E-1	2.980419963E-2
5.810000000E0	2.408465378E-1	2.867903022E-2
5.820000000E0	2.444380083E-1	2.762844602E-2
5.830000000E0	2.481892277E-1	2.637432840E-2
5.840000000E0	2.519509301E-1	2.507631566E-2
5.850000000E0	2.559007826E-1	2.420788537E-2
5.860000000E0	2.602296173E-1	2.310994617E-2
5.870000000E0	2.645915694E-1	2.213176074E-2
5.880000000E0	2.691106494E-1	2.104621930E-2
5.890000000E0	2.736107699E-1	2.008219711E-2
5.900000000E0	2.782664544E-1	1.904191582E-2
5.910000000E0	2.830706445E-1	1.827304799E-2
5.920000000E0	2.879225363E-1	1.731826201E-2
5.930000000E0	2.930802878E-1	1.625029358E-2
5.940000000E0	2.980066553E-1	1.522999447E-2
5.950000000E0	3.032543341E-1	1.421770071E-2
5.960000000E0	3.086070263E-1	1.317053185E-2
5.970000000E0	3.139331681E-1	1.226238111E-2
5.980000000E0	3.196038890E-1	1.138150094E-2
5.990000000E0	3.251860637E-1	1.062306178E-2
6.000000000E0	3.307135305E-1	9.677526273E-3
6.010000000E0	3.363548642E-1	8.750241882E-3
6.020000000E0	3.420287794E-1	7.928758081E-3
6.030000000E0	3.478963906E-1	7.134016341E-3
6.040000000E0	3.538242843E-1	6.340386703E-3
6.050000000E0	3.596600212E-1	5.609043502E-3
6.060000000E0	3.658515814E-1	5.070665339E-3
6.070000000E0	3.717406767E-1	4.215425783E-3
6.080000000E0	3.779925408E-1	3.779300322E-3
6.090000000E0	3.838492635E-1	3.104906403E-3
6.100000000E0	3.901385493E-1	2.695972621E-3
6.110000000E0	3.964308380E-1	2.041508316E-3
6.120000000E0	4.026605802E-1	1.588494483E-3
6.130000000E0	4.088907751E-1	1.034866540E-3
6.140000000E0	4.150800572E-1	9.733684724E-4
6.150000000E0	4.216511180E-1	9.808092357E-4
6.160000000E0	4.285079055E-1	5.156728120E-4
6.170000000E0	4.350804922E-1	-1.963213673E-4
6.180000000E0	4.415221107E-1	-9.410114770E-4
6.190000000E0	4.481505117E-1	-1.289101599E-3
6.200000000E0	4.548332225E-1	-1.459890056E-3
6.210000000E0	4.614933130E-1	-1.585493664E-3
6.220000000E0	4.680882763E-1	-1.719674653E-3
6.230000000E0	4.746761733E-1	-1.801426578E-3
6.240000000E0	4.812447896E-1	-1.840760724E-3
6.250000000E0	4.878845921E-1	-1.758451949E-3
6.260000000E0	4.945674072E-1	-1.816336364E-3
6.270000000E0	5.011763586E-1	-1.638301467E-3
6.280000000E0	5.078584252E-1	-1.563545171E-3
6.290000000E0	5.144588003E-1	-1.499991888E-3
6.300000000E0	5.210686354E-1	-1.474713644E-3
6.310000000E0	5.276864734E-1	-1.416904813E-3
6.320000000E0	5.342658764E-1	-1.404332124E-3
6.330000000E0	5.408561218E-1	-1.388636718E-3
6.340000000E0	5.473405606E-1	-1.375235804E-3
6.350000000E0	5.539214386E-1	-1.333351312E-3
6.360000000E0	5.603492825E-1	-1.273964521E-3
6.370000000E0	5.667580436E-1	-1.246115821E-3
6.380000000E0	5.730061298E-1	-1.243422197E-3
6.390000000E0	5.793381430E-1	-1.184917788E-3
6.400000000E0	5.854820673E-1	-1.189721939E-3
6.410000000E0	5.916731513E-1	-1.153840424E-3
6.420000000E0	5.980084313E-1	-9.695537226E-4
6.430000000E0	6.040524694E-1	-7.100915951E-4
6.440000000E0	6.098469735E-1	-1.439827305E-4
6.450000000E0	6.164148025E-1	1.280645431E-4
6.460000000E0	6.229459824E-1	1.923608067E-4
6.470000000E0	6.291110984E-1	-4.605967910E-5
6.480000000E0	6.354179698E-1	6.600818665E-5
6.490000000E0	6.416310773E-1	4.048090902E-4
6.500000000E0	6.477897474E-1	9.327961360E-4
6.510000000E0	6.538186614E-1	1.507799747E-3
6.520000000E0	6.596589793E-1	2.019041028E-3
6.530000000E0	6.654473847E-1	2.705343590E-3
6.540000000E0	6.711681193E-1	3.206640669E-3
6.550000000E0	6.767539131E-1	4.025036547E-3
6.560000000E0	6.822537485E-1	4.567328485E-3
6.570000000E0	6.876760522E-1	5.286991384E-3
6.580000000E0	6.930288360E-1	6.204437756E-3
6.590000000E0	6.984169010E-1	6.973394138E-3
6.600000000E0	7.037449020E-1	7.847209595E-3
6.610000000E0	7.087189134E-1	8.604677417E-3
6.620000000E0	7.138077825E-1	9.573589274E-3
6.630000000E0	7.188366647E-1	1.056295037E-2
6.640000000E0	7.237592238E-1	1.156717849E-2
6.650000000E0	7.284441871E-1	1.249324306E-2
6.660000000E0	7.331807935E-1	1.358593271E-2
6.670000000E0	7.378477472E-1	1.468922600E-2
6.680000000E0	7.423631947E-1	1.578712427E-2
6.690000000E0	7.467279631E-1	1.667914459E-2
6.700000000E0	7.509574221E-1	1.745856252E-2
6.710000000E0	7.548504059E-1	1.846902772E-2
6.720000000E0	7.588875405E-1	1.942231911E-2
6.730000000E0	7.625390962E-1	2.036466681E-2
6.740000000E0	7.663164399E-1	2.132195967E-2
6.750000000E0	7.698922947E-1	2.206160790E-2
6.760000000E0	7.732508199E-1	2.284046479E-2
6.770000000E0	7.765061707E-1	2.378485931E-2
6.780000000E0	7.796049208E-1	2.466734207E-2
6.790000000E0	7.824569104E-1	2.538533822E-2
6.800000000E0	7.852460895E-1	2.607929120E-2
6.810000000E0	7.877322838E-1	2.670700722E-2
6.820000000E0	7.900457029E-1	2.744339246E-2
6.830000000E0	7.922828227E-1	2.820649537E-2
6.840000000E0	7.943379806E-1	2.883764104E-2
6.850000000E0	7.963900816E-1	2.932257034E-2
6.860000000E0	7.983627704E-1	2.979825792E-2
6.870000000E0	8.001895933E-1	3.014324492E-2
6.880000000E0	8.017644381E-1	3.071250871E-2
6.890000000E0	8.032571820E-1	3.101189633E-2
6.900000000E0	8.047362752E-1	3.125440026E-2
6.910000000E0	8.061762154E-1	3.164698823E-2
6.920000000E0	8.072941244E-1	3.179422380E-2
6.930000000E0	8.083288126E-1	3.194371031E-2
6.940000000E0	8.092673350E-1	3.199995926E-2
6.950000000E0	8.100616558E-1	3.194709905E-2
6.960000000E0	8.105670542E-1	3.194047565E-2
6.970000000E0	8.109819968E-1	3.193020918E-2
6.980000000E0	8.114171845E-1	3.188264252E-2
6.990000000E0	8.117144453E-1	3.181008527E-2
7.000000000E0	8.117717395E-1	3.176648920E-2
7.010000000E0	8.117596618E-1	3.171826759E-2
7.020000000E0	8.116945826E-1	3.168210055E-2
7.030000000E0	8.115385350E-1	3.163595155E-2
7.040000000E0	8.109505645E-1	3.161719953E-2
7.050000000E0	8.105754652E-1	3.160521357E-2
7.060000000E0	8.097910601E-1	3.154974754E-2
7.070000000E0	8.090722538E-1	3.148512810E-2
7.080000000E0	8.083508161E-1	3.143828680E-2
7.090000000E0	8.073237009E-1	3.130894249E-2
7.100000000E0	8.061512544E-1	3.115204957E-2
7.110000000E0	8.048196076E-1	3.100434808E-2
7.120000000E0	8.033577804E-1	3.052064799E-2
7.130000000E0	8.017371924E-1	3.022651092E-2
7.140000000E0	7.998794779E-1	2.986284565E-2
7.150000000E0	7.978687950E-1	2.926320397E-2
7.160000000E0	7.957116242E-1	2.866031181E-2
7.170000000E0	7.933804663E-1	2.795757851E-2
7.180000000E0	7.910257194E-1	2.729721669E-2
7.190000000E0	7.886483226E-1	2.650070643E-2
7.200000000E0	7.861864647E-1	2.563906226E-2
7.210000000E0	7.833153355E-1	2.504300898E-2
7.220000000E0	7.803613396E-1	2.427169537E-2
7.230000000E0	7.774113418E-1	2.359427408E-2
7.240000000E0	7.743282858E-1	2.281240595E-2
7.250000000E0	7.709986591E-1	2.194136020E-2
7.260000000E0	7.675163655E-1	2.128557077E-2
7.270000000E0	7.640999050E-1	2.058785668E-2
7.280000000E0	7.602983288E-1	1.959141705E-2
7.290000000E0	7.566197200E-1	1.865126725E-2
7.300000000E0	7.526111306E-1	1.767499932E-2
7.310000000E0	7.487544425E-1	1.674290485E-2
7.320000000E0	7.446178313E-1	1.585913599E-2
7.330000000E0	7.402715295E-1	1.502239389E-2
7.340000000E0	7.359055982E-1	1.401595368E-2
7.350000000E0	7.314685030E-1	1.298673781E-2
7.360000000E0	7.269727492E-1	1.200346442E-2
7.370000000E0	7.224956021E-1	1.113561172E-2
7.380000000E0	7.178164292E-1	1.029431636E-2
7.390000000E0	7.128761720E-1	9.524727886E-3
7.400000000E0	7.081641202E-1	8.570702755E-3
7.410000000E0	7.030337516E-1	7.655393290E-3
7.420000000E0	6.982013382E-1	6.950772125E-3
7.430000000E0	6.929439924E-1	6.289736075E-3
7.440000000E0	6.877239336E-1	5.356947052E-3
7.450000000E0	6.826077784E-1	4.772167284E-3
7.460000000E0	6.773115935E-1	4.144935132E-3
7.470000000E0	6.719330005E-1	3.441922609E-3
7.480000000E0	6.664642164E-1	2.896724294E-3
7.490000000E0	6.609066082E-1	2.078522864E-3
7.500000000E0	6.553993142E-1	1.817741123E-3
7.510000000E0	6.497537596E-1	1.178108707E-3
7.520000000E0	6.439019339E-1	7.363535265E-4
7.530000000E0	6.379872144E-1	4.033411984E-4
7.540000000E0	6.322412332E-1	3.570438256E-5
7.550000000E0	6.266295474E-1	4.570783514E-5
7.560000000E0	6.208852733E-1	1.161221733E-4
7.570000000E0	6.149574904E-1	-1.797094318E-4
7.580000000E0	6.090222354E-1	-5.049612544E-4
7.590000000E0	6.035674711E-1	-7.899547215E-4
7.600000000E0	5.979909845E-1	-7.946882810E-4
7.610000000E0	5.924471251E-1	-9.606903614E-4
7.620000000E0	5.865713276E-1	-1.238654059E-3
7.630000000E0	5.807712269E-1	-1.332612447E-3
7.640000000E0	5.751287501E-1	-1.389363528E-3
7.650000000E0	5.695210284E-1	-1.428434032E-3
7.660000000E0	5.638374815E-1	-1.526109345E-3
7.670000000E0	5.579916033E-1	-1.563178686E-3
7.680000000E0	5.520926820E-1	-1.554543549E-3
7.690000000E0	5.464414215E-1	-1.537004036E-3
7.700000000E0	5.407263093E-1	-1.584798843E-3
7.710000000E0	5.348560041E-1	-1.556143111E-3
7.720000000E0	5.289511974E-1	-1.505374449E-3
7.730000000E0	5.232692041E-1	-1.478429762E-3
7.740000000E0	5.174434311E-1	-1.539255752E-3
7.750000000E0	5.116510059E-1	-1.536842067E-3
7.760000000E0	5.058488891E-1	-1.487691126E-3
7.770000000E0	5.002209803E-1	-1.474258723E-3
7.780000000E0	4.945987472E-1	-1.431730059E-3
7.790000000E0	4.889776190E-1	-1.423655648E-3
7.800000000E0	4.833824666E-1	-1.382362627E-3
7.810000000E0	4.779449838E-1	-1.347602567E-3
7.820000000E0	4.724216691E-1	-1.296366231E-3
7.830000000E0	4.669905813E-1	-1.233563319E-3
7.840000000E0	4.615076465E-1	-1.181855640E-3
7.850000000E0	4.560258449E-1	-1.110429189E-3
7.860000000E0	4.505179075E-1	-9.139344426E-4
7.870000000E0	4.451062036E-1	-6.062702490E-4
7.880000000E0	4.397324809E-1	-2.421870597E-4
7.890000000E0	4.344241498E-1	2.961452217E-4
7.900000000E0	4.289748859E-1	9.892548410E-4
7.910000000E0	4.233752767E-1	1.282512587E-3
7.920000000E0	4.179279029E-1	1.312916119E-3
7.930000000E0	4.126532752E-1	1.186141790E-3
7.940000000E0	4.075260201E-1	1.329200219E-3
7.950000000E0	4.023809732E-1	1.684409116E-3
7.960000000E0	3.971931827E-1	2.110923446E-3
7.970000000E0	3.922594417E-1	2.618516822E-3
7.980000000E0	3.870840675E-1	3.092287656E-3
7.990000000E0	3.822990663E-1	3.495967357E-3
8.000000000E0	3.774096452E-1	4.000750967E-3
8.010000000E0	3.726368262E-1	4.374088267E-3
8.020000000E0	3.680177635E-1	5.057404489E-3
8.030000000E0	3.634771436E-1	5.407951845E-3
8.040000000E0	3.590832086E-1	6.165459172E-3
8.050000000E0	3.548323452E-1	6.480093496E-3
8.060000000E0	3.504871855E-1	7.280489432E-3
8.070000000E0	3.462001783E-1	7.693086640E-3
8.080000000E0	3.419124777E-1	8.431074850E-3
8.090000000E0	3.378468503E-1	9.063576400E-3
8.100000000E0	3.339367185E-1	9.604844887E-3
8.110000000E0	3.300108018E-1	1.027336440E-2
8.120000000E0	3.263313806E-1	1.079482327E-2
8.130000000E0	3.227612293E-1	1.136262682E-2
8.140000000E0	3.190694684E-1	1.192624484E-2
8.150000000E0	3.153853240E-1	1.268780647E-2
8.160000000E0	3.119863524E-1	1.309448248E-2
8.170000000E0	3.086372923E-1	1.386689343E-2
8.180000000E0	3.054123166E-1	1.423254749E-2
8.190000000E0	3.021794099E-1	1.495398508E-2
8.200000000E0	2.990599546E-1	1.535053533E-2
8.210000000E0	2.960269758E-1	1.598640903E-2
8.220000000E0	2.931628617E-1	1.639692349E-2
8.230000000E0	2.903033397E-1	1.710832832E-2
8.240000000E0	2.877978258E-1	1.741926335E-2
8.250000000E0	2.853093082E-1	1.792242891E-2
8.260000000E0	2.830067910E-1	1.847745058E-2
8.270000000E0	2.808869657E-1	1.880521732E-2
8.280000000E0	2.787089495E-1	1.934075082E-2
8.290000000E0	2.767607364E-1	1.961656238E-2
8.300000000E0	2.747074008E-1	2.012581583E-2
8.310000000E0	2.728368365E-1	2.055800026E-2
8.320000000E0	2.712281299E-1	2.075833172E-2
8.330000000E0	2.695507084E-1	2.115954292E-2
8.340000000E0	2.680181999E-1	2.142357171E-2
8.350000000E0	2.667725174E-1	2.168728283E-2
8.360000000E0	2.656757134E-1	2.183314978E-2
8.370000000E0	2.646273207E-1	2.201862999E-2
8.380000000E0	2.636541964E-1	2.218734616E-2
8.390000000E0	2.627307310E-1	2.222596734E-2
8.400000000E0	2.620656007E-1	2.225819614E-2
8.410000000E0	2.615331309E-1	2.225913414E-2
8.420000000E0	2.611990357E-1	2.213300591E-2
8.430000000E0	2.609269120E-1	2.210967747E-2
8.440000000E0	2.607624904E-1	2.202327710E-2
8.450000000E0	2.605354476E-1	2.190613709E-2
8.460000000E0	2.605349990E-1	2.183396648E-2
8.470000000E0	2.607820581E-1	2.179830945E-2
8.480000000E0	2.612176623E-1	2.173358729E-2
8.490000000E0	2.614897184E-1	2.170759495E-2
8.500000000E0	2.622838895E-1	2.164670750E-2
8.510000000E0	2.628798649E-1	2.153619931E-2
8.520000000E0	2.636680462E-1	2.144451745E-2
8.530000000E0	2.646681575E-1	2.119959058E-2
8.540000000E0	2.657929585E-1	2.092484816E-2
8.550000000E0	2.669618270E-1	2.064529090E-2
8.560000000E0	2.682469818E-1	2.044895523E-2
8.570000000E0	2.698784148E-1	2.016622784E-2
8.580000000E0	2.714398121E-1	1.977805267E-2
8.590000000E0	2.733190580E-1	1.952031355E-2
8.600000000E0	2.750585769E-1	1.920239582E-2
8.610000000E0	2.769306832E-1	1.865605768E-2
8.620000000E0	2.790426225E-1	1.836535860E-2
8.630000000E0	2.812382862E-1	1.784449023E-2
8.640000000E0	2.835037840E-1	1.730991414E-2
8.650000000E0	2.858339730E-1	1.689268989E-2
8.660000000E0	2.883326358E-1	1.637772560E-2
8.670000000E0	2.909912440E-1	1.599333120E-2
8.680000000E0	2.936209824E-1	1.533581760E-2
8.690000000E0	2.965681574E-1	1.501334823E-2
8.700000000E0	2.996162995E-1	1.425001825E-2
8.710000000E0	3.025849423E-1	1.383112629E-2
8.720000000E0	3.055573281E-1	1.310202718E-2
8.730000000E0	3.087954404E-1	1.276460159E-2
8.740000000E0	3.120802771E-1	1.195346620E-2
8.750000000E0	3.154656658E-1	1.157703186E-2
8.760000000E0	3.188389256E-1	1.083510828E-2
8.770000000E0	3.226208655E-1	1.038316074E-2
8.780000000E0	3.263467080E-1	9.756460322E-3
8.790000000E0	3.298858238E-1	9.373410129E-3
8.800000000E0	3.339287395E-1	8.639048744E-3
8.810000000E0	3.375993010E-1	8.288872393E-3
8.820000000E0	3.416877900E-1	7.548316641E-3
8.830000000E0	3.457169284E-1	7.166738904E-3
8.840000000E0	3.497963688E-1	6.505778989E-3
8.850000000E0	3.539160012E-1	6.144591007E-3
8.860000000E0	3.582346977E-1	5.461750970E-3
8.870000000E0	3.625362904E-1	5.092908509E-3
8.880000000E0	3.669958440E-1	4.450261312E-3
8.890000000E0	3.714474180E-1	4.110709317E-3
8.900000000E0	3.758826185E-1	3.670369300E-3
8.910000000E0	3.804532823E-1	3.157888135E-3
8.920000000E0	3.849672973E-1	2.949685143E-3
8.930000000E0	3.896035630E-1	2.571485631E-3
8.940000000E0	3.944089037E-1	2.086106250E-3
8.950000000E0	3.990408557E-1	1.844163121E-3
8.960000000E0	4.036522465E-1	1.363460349E-3
8.970000000E0	4.083860521E-1	8.753740390E-4
8.980000000E0	4.133147276E-1	7.432379165E-4
8.990000000E0	4.179443325E-1	8.923878115E-4
9.000000000E0	4.229142950E-1	8.820658594E-4
9.010000000E0	4.281291737E-1	5.796803297E-4
9.020000000E0	4.331246293E-1	1.389435644E-4
9.030000000E0	4.379591194E-1	-4.724145847E-4
9.040000000E0	4.428990305E-1	-1.094640242E-3
9.050000000E0	4.479327529E-1	-1.409768289E-3
9.060000000E0	4.529174344E-1	-1.548274542E-3
9.070000000E0	4.579742718E-1	-1.533492727E-3
9.080000000E0	4.630582765E-1	-1.782841639E-3
9.090000000E0	4.683042308E-1	-1.662655941E-3
9.100000000E0	4.733371343E-1	-1.728049880E-3
9.110000000E0	4.783402528E-1	-1.671386269E-3
9.120000000E0	4.835360347E-1	-1.644760745E-3
9.130000000E0	4.886073465E-1	-1.698256360E-3
9.140000000E0	4.937223822E-1	-1.684216659E-3
9.150000000E0	4.989018617E-1	-1.575882863E-3
9.160000000E0	5.038477400E-1	-1.490273177E-3
9.170000000E0	5.090899417E-1	-1.473365538E-3
9.180000000E0	5.143837760E-1	-1.478330442E-3
9.190000000E0	5.192465186E-1	-1.472130052E-3
9.200000000E0	5.244334677E-1	-1.407996839E-3
9.210000000E0	5.298177758E-1	-1.395223401E-3
9.220000000E0	5.347109261E-1	-1.409789373E-3
9.230000000E0	5.398484234E-1	-1.379647301E-3
9.240000000E0	5.449153792E-1	-1.335373820E-3
9.250000000E0	5.499223960E-1	-1.351572631E-3
9.260000000E0	5.551275687E-1	-1.300318327E-3
9.270000000E0	5.599533298E-1	-1.314291556E-3
9.280000000E0	5.650314971E-1	-1.255949882E-3
9.290000000E0	5.698454123E-1	-1.244816092E-3
9.300000000E0	5.749360172E-1	-1.174367676E-3
9.310000000E0	5.796478044E-1	-1.189630577E-3
9.320000000E0	5.844503257E-1	-1.130042294E-3
9.330000000E0	5.893434578E-1	-1.147944674E-3
9.340000000E0	5.941275639E-1	-1.149392758E-3
9.350000000E0	5.990167667E-1	-1.039247844E-3
9.360000000E0	6.037023290E-1	-8.565847128E-4
9.370000000E0	6.082532400E-1	-5.468282181E-4
