mass_A
t	x	y
0.000000000E0	-9.390776758E-5	1.331926146E-1
1.000000000E-2	6.976831164E-4	1.330556879E-1
2.000000000E-2	1.383154964E-3	1.320872502E-1
3.000000000E-2	2.458160320E-3	1.312297081E-1
4.000000000E-2	4.292545725E-3	1.305921588E-1
5.000000000E-2	5.770256788E-3	1.291465833E-1
6.000000000E-2	7.818937595E-3	1.277321839E-1
7.000000000E-2	1.029018671E-2	1.263074296E-1
8.000000000E-2	1.288382665E-2	1.246616672E-1
9.000000000E-2	1.606347729E-2	1.229243982E-1
1.000000000E-1	1.901351467E-2	1.209258571E-1
1.100000000E-1	2.252360713E-2	1.190017202E-1
1.200000000E-1	2.604355506E-2	1.166200189E-1
1.300000000E-1	2.972041429E-2	1.138817945E-1
1.400000000E-1	3.410239933E-2	1.113016950E-1
1.500000000E-1	3.862831052E-2	1.088684374E-1
1.600000000E-1	4.344341722E-2	1.072829895E-1
1.700000000E-1	4.871796308E-2	1.050571219E-1
1.800000000E-1	5.436377643E-2	1.018987302E-1
1.900000000E-1	5.976845422E-2	9.749324634E-2
2.000000000E-1	6.501377454E-2	9.363572592E-2
2.100000000E-1	7.146221592E-2	9.028753200E-2
2.200000000E-1	7.798561720E-2	8.697693838E-2
2.300000000E-1	8.471710478E-2	8.368299995E-2
2.400000000E-1	9.147691833E-2	8.037050584E-2
2.500000000E-1	9.862529417E-2	7.711107509E-2
2.600000000E-1	1.057933816E-1	7.377576563E-2
2.700000000E-1	1.132304578E-1	7.053566097E-2
2.800000000E-1	1.208359574E-1	6.727003485E-2
2.900000000E-1	1.285969514E-1	6.408922155E-2
3.000000000E-1	1.364872751E-1	6.107530021E-2
3.100000000E-1	1.444853716E-1	5.804879847E-2
3.200000000E-1	1.528491083E-1	5.499093294E-2
3.300000000E-1	1.614373481E-1	5.192682930E-2
3.400000000E-1	1.702106324E-1	4.915223785E-2
3.500000000E-1	1.792966392E-1	4.636064352E-2
3.600000000E-1	1.883245105E-1	4.377281351E-2
3.700000000E-1	1.975615261E-1	4.088065061E-2
3.800000000E-1	2.070237195E-1	3.823613463E-2
3.900000000E-1	2.163204004E-1	3.540606669E-2
4.000000000E-1	2.252960993E-1	3.351428439E-2
4.100000000E-1	2.355241092E-1	3.399720826E-2
4.200000000E-1	2.451687444E-1	2.854058095E-2
4.300000000E-1	2.551696597E-1	2.547146192E-2
4.400000000E-1	2.654520920E-1	2.309806685E-2
4.500000000E-1	2.758983821E-1	2.081833355E-2
4.600000000E-1	2.862691041E-1	1.871959552E-2
4.700000000E-1	2.968573116E-1	1.663469129E-2
4.800000000E-1	3.076665858E-1	1.453998012E-2
4.900000000E-1	3.183869182E-1	1.278537849E-2
5.000000000E-1	3.291531767E-1	1.101701091E-2
5.100000000E-1	3.400201995E-1	9.560076621E-3
5.200000000E-1	3.510301405E-1	7.809139779E-3
5.300000000E-1	3.619058816E-1	6.562895410E-3
5.400000000E-1	3.730545806E-1	5.408245272E-3
5.500000000E-1	3.840979346E-1	4.338210916E-3
5.600000000E-1	3.952639946E-1	3.325400093E-3
5.700000000E-1	4.062189195E-1	2.463260068E-3
5.800000000E-1	4.168179565E-1	2.565757678E-3
5.900000000E-1	4.289790201E-1	2.349786551E-3
6.000000000E-1	4.402692212E-1	3.131083166E-4
6.100000000E-1	4.516069647E-1	-1.454776023E-4
6.200000000E-1	4.630124326E-1	-3.840422527E-4
6.300000000E-1	4.742356492E-1	-7.117577546E-4
6.400000000E-1	4.852992459E-1	-1.039684200E-3
6.500000000E-1	4.963917784E-1	-1.103398436E-3
6.600000000E-1	5.075382326E-1	-1.102032761E-3
6.700000000E-1	5.186085477E-1	-1.047297236E-3
6.800000000E-1	5.298749803E-1	-9.426771261E-4
6.900000000E-1	5.409105186E-1	-8.029803542E-4
7.000000000E-1	5.521067050E-1	-7.072458179E-4
7.100000000E-1	5.633438992E-1	-6.265320180E-4
7.200000000E-1	5.744262812E-1	-2.332337236E-4
7.300000000E-1	5.853607030E-1	-4.159305786E-5
7.400000000E-1	5.960335792E-1	4.617039135E-5
7.500000000E-1	6.062693167E-1	7.647796414E-4
7.600000000E-1	6.172758558E-1	2.636607885E-3
7.700000000E-1	6.285909319E-1	1.311972706E-3
7.800000000E-1	6.394567179E-1	1.816088238E-3
7.900000000E-1	6.504921524E-1	3.003456580E-3
8.000000000E-1	6.611274941E-1	3.985503476E-3
8.100000000E-1	6.715927538E-1	5.132316111E-3
8.200000000E-1	6.820179647E-1	6.453796744E-3
8.300000000E-1	6.923194627E-1	7.751018394E-3
8.400000000E-1	7.025000355E-1	9.452365522E-3
8.500000000E-1	7.123322469E-1	1.105880887E-2
8.600000000E-1	7.222632047E-1	1.297791745E-2
8.700000000E-1	7.319224369E-1	1.461251515E-2
8.800000000E-1	7.417846435E-1	1.669054782E-2
8.900000000E-1	7.510654591E-1	1.883129941E-2
9.000000000E-1	7.605268969E-1	2.088029746E-2
9.100000000E-1	7.696878178E-1	2.305278301E-2
9.200000000E-1	7.785394114E-1	2.528358721E-2
9.300000000E-1	7.871269576E-1	2.753513422E-2
9.400000000E-1	7.951982466E-1	3.053864449E-2
9.500000000E-1	8.039069673E-1	3.336040684E-2
9.600000000E-1	8.123095767E-1	3.427787254E-2
9.700000000E-1	8.204293834E-1	3.631043863E-2
9.800000000E-1	8.285972474E-1	3.863899968E-2
9.900000000E-1	8.365266916E-1	4.087277375E-2
1.000000000E0	8.441489837E-1	4.314518082E-2
1.010000000E0	8.516355778E-1	4.538254344E-2
1.020000000E0	8.587780408E-1	4.814180798E-2
1.030000000E0	8.659952058E-1	5.040511682E-2
1.040000000E0	8.728613138E-1	5.279083751E-2
1.050000000E0	8.795259941E-1	5.510378950E-2
1.060000000E0	8.860319537E-1	5.736506919E-2
1.070000000E0	8.923041157E-1	5.969026190E-2
1.080000000E0	8.983148610E-1	6.183194220E-2
1.090000000E0	9.039389765E-1	6.416882298E-2
1.100000000E0	9.093662163E-1	6.639203197E-2
1.110000000E0	9.146053965E-1	6.840788203E-2
1.120000000E0	9.193182973E-1	7.046091969E-2
1.130000000E0	9.238676184E-1	7.256088660E-2
1.140000000E0	9.282158174E-1	7.468837966E-2
1.150000000E0	9.324287569E-1	7.677143119E-2
1.160000000E0	9.366492341E-1	7.864491855E-2
1.170000000E0	9.402694092E-1	8.034567503E-2
1.180000000E0	9.437436420E-1	8.219719338E-2
1.190000000E0	9.470658781E-1	8.379195291E-2
1.200000000E0	9.500914448E-1	8.553823813E-2
1.210000000E0	9.531527604E-1	8.693633112E-2
1.220000000E0	9.556934626E-1	8.823998416E-2
1.230000000E0	9.580544483E-1	8.938093134E-2
1.240000000E0	9.600783220E-1	9.036655625E-2
1.250000000E0	9.620621888E-1	9.139256779E-2
1.260000000E0	9.636829441E-1	9.236717582E-2
1.270000000E0	9.651563331E-1	9.320642962E-2
1.280000000E0	9.665178706E-1	9.378983326E-2
1.290000000E0	9.675661491E-1	9.450269663E-2
1.300000000E0	9.685496136E-1	9.474968454E-2
1.310000000E0	9.690023207E-1	9.508308352E-2
1.320000000E0	9.695268213E-1	9.504259318E-2
1.330000000E0	9.696983959E-1	9.490383492E-2
1.340000000E0	9.696302273E-1	9.474466753E-2
1.350000000E0	9.689364864E-1	9.463190474E-2
1.360000000E0	9.685381082E-1	9.403243854E-2
1.370000000E0	9.675394188E-1	9.349296008E-2
1.380000000E0	9.664384249E-1	9.257531040E-2
1.390000000E0	9.651847474E-1	9.185285094E-2
1.400000000E0	9.633313138E-1	9.109135969E-2
1.410000000E0	9.615684698E-1	9.004241065E-2
1.420000000E0	9.598056259E-1	8.900660281E-2
1.430000000E0	9.575564639E-1	8.784495335E-2
1.440000000E0	9.549897549E-1	8.651979577E-2
1.450000000E0	9.523142605E-1	8.505015206E-2
1.460000000E0	9.494518811E-1	8.356887812E-2
1.470000000E0	9.464119842E-1	8.215341422E-2
1.480000000E0	9.432208422E-1	8.036847518E-2
1.490000000E0	9.397302918E-1	7.866120512E-2
1.500000000E0	9.358588240E-1	7.691419317E-2
1.510000000E0	9.321409441E-1	7.487865382E-2
1.520000000E0	9.279556176E-1	7.295397966E-2
1.530000000E0	9.235657053E-1	7.095270149E-2
1.540000000E0	9.189996216E-1	6.893758131E-2
1.550000000E0	9.140799840E-1	6.701229383E-2
1.560000000E0	9.091438277E-1	6.491666972E-2
1.570000000E0	9.038089519E-1	6.277090865E-2
1.580000000E0	8.983128012E-1	6.061122239E-2
1.590000000E0	8.927279771E-1	5.841529931E-2
1.600000000E0	8.868987884E-1	5.620999835E-2
1.610000000E0	8.807419739E-1	5.401420232E-2
1.620000000E0	8.743560298E-1	5.183139302E-2
1.630000000E0	8.677808729E-1	4.964730787E-2
1.640000000E0	8.610626533E-1	4.747643861E-2
1.650000000E0	8.542945979E-1	4.520208960E-2
1.660000000E0	8.475593545E-1	4.295156145E-2
1.670000000E0	8.406842984E-1	4.070742866E-2
1.680000000E0	8.334318898E-1	3.847389591E-2
1.690000000E0	8.260324469E-1	3.623083823E-2
1.700000000E0	8.185043679E-1	3.402610368E-2
1.710000000E0	8.111622551E-1	3.197899983E-2
1.720000000E0	8.034524717E-1	3.108238830E-2
1.730000000E0	7.953089824E-1	2.849152026E-2
1.740000000E0	7.876681502E-1	2.550262943E-2
1.750000000E0	7.797235838E-1	2.314847185E-2
1.760000000E0	7.716196589E-1	2.109634493E-2
1.770000000E0	7.629337998E-1	1.900115287E-2
1.780000000E0	7.542430911E-1	1.680637424E-2
1.790000000E0	7.455595227E-1	1.466920964E-2
1.800000000E0	7.366673321E-1	1.280927924E-2
1.810000000E0	7.277063325E-1	1.094123728E-2
1.820000000E0	7.186893888E-1	9.098797029E-3
1.830000000E0	7.098183153E-1	7.559141671E-3
1.840000000E0	7.005715262E-1	5.743962931E-3
1.850000000E0	6.913207152E-1	4.411814588E-3
1.860000000E0	6.822099381E-1	3.211661149E-3
1.870000000E0	6.727711584E-1	2.052046597E-3
1.880000000E0	6.633304395E-1	1.017079890E-3
1.890000000E0	6.538585567E-1	6.563580579E-5
1.900000000E0	6.440453608E-1	-7.020486057E-4
1.910000000E0	6.341628432E-1	-1.257600955E-3
1.920000000E0	6.248343182E-1	-1.321577338E-3
1.930000000E0	6.147105047E-1	-1.007562838E-3
1.940000000E0	6.052605530E-1	-1.254331435E-3
1.950000000E0	5.962406869E-1	-1.478932461E-3
1.960000000E0	5.870858350E-1	-2.214925783E-3
1.970000000E0	5.776658924E-1	-2.137887176E-3
1.980000000E0	5.681210602E-1	-2.317894031E-3
1.990000000E0	5.588341364E-1	-2.426088056E-3
2.000000000E0	5.493757589E-1	-2.494850299E-3
2.010000000E0	5.398079742E-1	-2.395385938E-3
2.020000000E0	5.303578572E-1	-2.351369264E-3
2.030000000E0	5.207127153E-1	-2.348462501E-3
2.040000000E0	5.111405119E-1	-2.347977285E-3
2.050000000E0	5.018358557E-1	-2.276681793E-3
2.060000000E0	4.925789013E-1	-2.299802123E-3
2.070000000E0	4.833063285E-1	-2.246141640E-3
2.080000000E0	4.741696069E-1	-2.175543848E-3
2.090000000E0	4.649916138E-1	-1.984926937E-3
2.100000000E0	4.556753280E-1	-1.827982468E-3
2.110000000E0	4.463526653E-1	-1.488523432E-3
2.120000000E0	4.373454472E-1	-9.722929089E-4
2.130000000E0	4.284071627E-1	2.091317479E-4
2.140000000E0	4.189001070E-1	7.063868251E-4
2.150000000E0	4.099562017E-1	1.092112637E-4
2.160000000E0	4.010678388E-1	7.847752547E-4
2.170000000E0	3.919119726E-1	1.406087240E-3
2.180000000E0	3.830505052E-1	2.143986415E-3
2.190000000E0	3.742961548E-1	3.009855069E-3
2.200000000E0	3.655243727E-1	3.988877640E-3
2.210000000E0	3.569052589E-1	5.026559055E-3
2.220000000E0	3.484665379E-1	6.091861305E-3
2.230000000E0	3.401775746E-1	7.357537664E-3
2.240000000E0	3.319814135E-1	8.606729167E-3
2.250000000E0	3.236855270E-1	9.837109025E-3
2.260000000E0	3.157434006E-1	1.102460018E-2
2.270000000E0	3.077939042E-1	1.229754366E-2
2.280000000E0	2.997702453E-1	1.376493588E-2
2.290000000E0	2.918023002E-1	1.529583272E-2
2.300000000E0	2.843178205E-1	1.660155241E-2
2.310000000E0	2.770345362E-1	1.806812546E-2
2.320000000E0	2.697114043E-1	1.959451694E-2
2.330000000E0	2.628248442E-1	2.103374839E-2
2.340000000E0	2.556549800E-1	2.283435249E-2
2.350000000E0	2.488488850E-1	2.446118867E-2
2.360000000E0	2.424794514E-1	2.644664894E-2
2.370000000E0	2.358382544E-1	2.840283662E-2
2.380000000E0	2.291608878E-1	2.996675714E-2
2.390000000E0	2.229509711E-1	3.094683023E-2
2.400000000E0	2.172554562E-1	3.219063239E-2
2.410000000E0	2.112656118E-1	3.391134733E-2
2.420000000E0	2.054896201E-1	3.570589349E-2
2.430000000E0	2.000831329E-1	3.729956766E-2
2.440000000E0	1.947225136E-1	3.878827172E-2
2.450000000E0	1.893579180E-1	4.055794733E-2
2.460000000E0	1.842323399E-1	4.198855826E-2
2.470000000E0	1.792712305E-1	4.370953405E-2
2.480000000E0	1.746633164E-1	4.522170982E-2
2.490000000E0	1.701602651E-1	4.675793678E-2
2.500000000E0	1.659489600E-1	4.821871915E-2
2.510000000E0	1.617228021E-1	4.954070610E-2
2.520000000E0	1.576921615E-1	5.086046070E-2
2.530000000E0	1.539893475E-1	5.235910690E-2
2.540000000E0	1.505042527E-1	5.382298241E-2
2.550000000E0	1.473422424E-1	5.506295880E-2
2.560000000E0	1.441478734E-1	5.615740258E-2
2.570000000E0	1.411539986E-1	5.713896912E-2
2.580000000E0	1.385756003E-1	5.819028625E-2
2.590000000E0	1.361650540E-1	5.914994714E-2
2.600000000E0	1.338647530E-1	6.009063131E-2
2.610000000E0	1.317937606E-1	6.094746713E-2
2.620000000E0	1.298005354E-1	6.164783065E-2
2.630000000E0	1.279178670E-1	6.244631299E-2
2.640000000E0	1.263951453E-1	6.294474934E-2
2.650000000E0	1.250614608E-1	6.366602790E-2
2.660000000E0	1.239088396E-1	6.392811416E-2
2.670000000E0	1.230580400E-1	6.452668027E-2
2.680000000E0	1.221237719E-1	6.488567861E-2
2.690000000E0	1.214107576E-1	6.502057903E-2
2.700000000E0	1.209950232E-1	6.511683078E-2
2.710000000E0	1.208518251E-1	6.518422121E-2
2.720000000E0	1.208585186E-1	6.511594721E-2
2.730000000E0	1.209913344E-1	6.501324354E-2
2.740000000E0	1.211659468E-1	6.490485258E-2
2.750000000E0	1.219870920E-1	6.484721730E-2
2.760000000E0	1.226945764E-1	6.462281087E-2
2.770000000E0	1.235563846E-1	6.408266383E-2
2.780000000E0	1.245761766E-1	6.369725583E-2
2.790000000E0	1.259201757E-1	6.297488159E-2
2.800000000E0	1.275262438E-1	6.251582411E-2
2.810000000E0	1.290185629E-1	6.167015730E-2
2.820000000E0	1.309269440E-1	6.082135445E-2
2.830000000E0	1.331356932E-1	6.013886028E-2
2.840000000E0	1.354025782E-1	5.930434086E-2
2.850000000E0	1.377694323E-1	5.830824713E-2
2.860000000E0	1.406682324E-1	5.724749514E-2
2.870000000E0	1.434375399E-1	5.613116304E-2
2.880000000E0	1.464259667E-1	5.501073501E-2
2.890000000E0	1.497501636E-1	5.389768611E-2
2.900000000E0	1.532412738E-1	5.265896831E-2
2.910000000E0	1.570587506E-1	5.146896683E-2
2.920000000E0	1.607843350E-1	5.000484157E-2
2.930000000E0	1.649642777E-1	4.851324281E-2
2.940000000E0	1.692644364E-1	4.724115124E-2
2.950000000E0	1.736731881E-1	4.580128885E-2
2.960000000E0	1.782259855E-1	4.423483542E-2
2.970000000E0	1.828241412E-1	4.283225421E-2
2.980000000E0	1.878767315E-1	4.124402820E-2
2.990000000E0	1.928494634E-1	3.962699982E-2
3.000000000E0	1.980860062E-1	3.822193879E-2
3.010000000E0	2.035039562E-1	3.646795235E-2
3.020000000E0	2.090233707E-1	3.500433793E-2
3.030000000E0	2.146058036E-1	3.322187415E-2
3.040000000E0	2.201750890E-1	3.177241975E-2
3.050000000E0	2.257355674E-1	3.072008834E-2
3.060000000E0	2.318414744E-1	2.994220589E-2
3.070000000E0	2.382127355E-1	2.820035336E-2
3.080000000E0	2.443885304E-1	2.623555410E-2
3.090000000E0	2.506432989E-1	2.419016852E-2
3.100000000E0	2.573212929E-1	2.263409544E-2
3.110000000E0	2.640515426E-1	2.109476686E-2
3.120000000E0	2.708611216E-1	1.971699902E-2
3.130000000E0	2.779469499E-1	1.831744326E-2
3.140000000E0	2.851020080E-1	1.682922251E-2
3.150000000E0	2.923802213E-1	1.540570730E-2
3.160000000E0	2.995559253E-1	1.416538406E-2
3.170000000E0	3.070080764E-1	1.289550344E-2
3.180000000E0	3.146195419E-1	1.142100838E-2
3.190000000E0	3.222939769E-1	1.000396975E-2
3.200000000E0	3.299544520E-1	8.880535820E-3
3.210000000E0	3.377010262E-1	7.700815206E-3
3.220000000E0	3.454852477E-1	6.586715152E-3
3.230000000E0	3.533062375E-1	5.509308747E-3
3.240000000E0	3.610676453E-1	4.482774656E-3
3.250000000E0	3.689679343E-1	3.526868904E-3
3.260000000E0	3.771342479E-1	2.648151457E-3
3.270000000E0	3.851559205E-1	1.979537038E-3
3.280000000E0	3.932861713E-1	1.144468588E-3
3.290000000E0	4.015403841E-1	5.032779490E-4
3.300000000E0	4.095165255E-1	-4.620601565E-5
3.310000000E0	4.172963949E-1	6.643835370E-5
3.320000000E0	4.258584542E-1	2.318403421E-4
3.330000000E0	4.345043305E-1	-1.062589618E-3
3.340000000E0	4.426859414E-1	-1.954010609E-3
3.350000000E0	4.510370836E-1	-2.242439869E-3
3.360000000E0	4.593842269E-1	-2.403518554E-3
3.370000000E0	4.677322381E-1	-2.555275622E-3
3.380000000E0	4.758455914E-1	-2.640829598E-3
3.390000000E0	4.841033271E-1	-2.532541796E-3
3.400000000E0	4.922651816E-1	-2.551627367E-3
3.410000000E0	5.006904768E-1	-2.465697817E-3
3.420000000E0	5.089644202E-1	-2.343264749E-3
3.430000000E0	5.172686257E-1	-2.292424639E-3
3.440000000E0	5.255185495E-1	-2.260796338E-3
3.450000000E0	5.338177563E-1	-2.190794552E-3
3.460000000E0	5.420135587E-1	-2.172764176E-3
3.470000000E0	5.502647130E-1	-2.121017654E-3
3.480000000E0	5.582569345E-1	-2.083966350E-3
3.490000000E0	5.665189648E-1	-1.877752775E-3
3.500000000E0	5.745539691E-1	-1.830725044E-3
3.510000000E0	5.824754531E-1	-1.849060631E-3
3.520000000E0	5.905471636E-1	-1.847435792E-3
3.530000000E0	5.985464292E-1	-1.711227525E-3
3.540000000E0	6.060955905E-1	-1.219653963E-3
3.550000000E0	6.141496498E-1	-2.820600428E-4
3.560000000E0	6.225634440E-1	-4.154323577E-4
3.570000000E0	6.307047554E-1	-4.337193838E-4
3.580000000E0	6.386312967E-1	3.746134235E-5
3.590000000E0	6.466467355E-1	8.339565387E-4
3.600000000E0	6.543710057E-1	1.257054542E-3
3.610000000E0	6.618125228E-1	2.025234086E-3
3.620000000E0	6.694570454E-1	2.791074676E-3
3.630000000E0	6.769982155E-1	3.764969811E-3
3.640000000E0	6.845358803E-1	4.461186931E-3
3.650000000E0	6.917112701E-1	5.504255750E-3
3.660000000E0	6.989861857E-1	6.591035885E-3
3.670000000E0	7.060055666E-1	7.688047581E-3
3.680000000E0	7.131529588E-1	8.845958285E-3
3.690000000E0	7.199401656E-1	9.984156742E-3
3.700000000E0	7.267424362E-1	1.115949708E-2
3.710000000E0	7.333617425E-1	1.246594783E-2
3.720000000E0	7.399548605E-1	1.395755664E-2
3.730000000E0	7.464209146E-1	1.535840169E-2
3.740000000E0	7.528581587E-1	1.664235683E-2
3.750000000E0	7.591081580E-1	1.811907078E-2
3.760000000E0	7.652123539E-1	1.944329285E-2
3.770000000E0	7.712453608E-1	2.087336503E-2
3.780000000E0	7.770374578E-1	2.214095597E-2
3.790000000E0	7.826570675E-1	2.344348749E-2
3.800000000E0	7.878706473E-1	2.496918498E-2
3.810000000E0	7.927941079E-1	2.658330477E-2
3.820000000E0	7.978490725E-1	2.808823516E-2
3.830000000E0	8.032562351E-1	2.977513359E-2
3.840000000E0	8.081678684E-1	3.067448519E-2
3.850000000E0	8.128502855E-1	3.161593377E-2
3.860000000E0	8.172075480E-1	3.285563278E-2
3.870000000E0	8.215010331E-1	3.411672670E-2
3.880000000E0	8.257064319E-1	3.532957338E-2
3.890000000E0	8.299489540E-1	3.643699148E-2
3.900000000E0	8.339909478E-1	3.758232322E-2
3.910000000E0	8.376908939E-1	3.864514958E-2
3.920000000E0	8.411130385E-1	3.973770726E-2
3.930000000E0	8.444416888E-1	4.078091806E-2
3.940000000E0	8.477032550E-1	4.183727545E-2
3.950000000E0	8.508834473E-1	4.290195233E-2
3.960000000E0	8.539520662E-1	4.394297057E-2
3.970000000E0	8.565148269E-1	4.492970541E-2
3.980000000E0	8.591642374E-1	4.591054236E-2
3.990000000E0	8.618073983E-1	4.679183204E-2
4.000000000E0	8.640862849E-1	4.757022616E-2
4.010000000E0	8.662283155E-1	4.839412044E-2
4.020000000E0	8.681249861E-1	4.917007506E-2
4.030000000E0	8.697354974E-1	4.971923091E-2
4.040000000E0	8.713842161E-1	5.042804417E-2
4.050000000E0	8.728614554E-1	5.085857265E-2
4.060000000E0	8.740026879E-1	5.153970523E-2
4.070000000E0	8.750773034E-1	5.175817503E-2
4.080000000E0	8.760097885E-1	5.207219694E-2
4.090000000E0	8.764290258E-1	5.260041237E-2
4.100000000E0	8.771269972E-1	5.281609967E-2
4.110000000E0	8.773461658E-1	5.291033485E-2
4.120000000E0	8.774418543E-1	5.293680338E-2
4.130000000E0	8.774257878E-1	5.288923253E-2
4.140000000E0	8.773464880E-1	5.279479056E-2
4.150000000E0	8.772239504E-1	5.271273891E-2
4.160000000E0	8.766300445E-1	5.256997987E-2
4.170000000E0	8.761871156E-1	5.210814267E-2
4.180000000E0	8.752220584E-1	5.176853221E-2
4.190000000E0	8.741938668E-1	5.157905748E-2
4.200000000E0	8.730742247E-1	5.089581914E-2
4.210000000E0	8.718041593E-1	5.054332814E-2
4.220000000E0	8.704842859E-1	4.973830773E-2
4.230000000E0	8.685876897E-1	4.938107518E-2
4.240000000E0	8.667072087E-1	4.854231551E-2
4.250000000E0	8.647738329E-1	4.761867662E-2
4.260000000E0	8.626187763E-1	4.697558600E-2
4.270000000E0	8.602914016E-1	4.617576096E-2
4.280000000E0	8.577083795E-1	4.525197814E-2
4.290000000E0	8.552120249E-1	4.426279385E-2
4.300000000E0	8.522151000E-1	4.335121366E-2
4.310000000E0	8.491592295E-1	4.222186568E-2
4.320000000E0	8.457997351E-1	4.109717539E-2
4.330000000E0	8.423113030E-1	4.011311138E-2
4.340000000E0	8.388599426E-1	3.879373340E-2
4.350000000E0	8.353482127E-1	3.754633132E-2
4.360000000E0	8.313808888E-1	3.641209978E-2
4.370000000E0	8.275449933E-1	3.526417033E-2
4.380000000E0	8.234205062E-1	3.411947425E-2
4.390000000E0	8.191917511E-1	3.292284855E-2
4.400000000E0	8.148432018E-1	3.175398557E-2
4.410000000E0	8.104527313E-1	3.073414853E-2
4.420000000E0	8.058756897E-1	3.009388252E-2
4.430000000E0	8.010781436E-1	2.919283534E-2
4.440000000E0	7.961147512E-1	2.800617150E-2
4.450000000E0	7.910637212E-1	2.605240946E-2
4.460000000E0	7.861970091E-1	2.435760834E-2
4.470000000E0	7.810494131E-1	2.293275050E-2
4.480000000E0	7.758000997E-1	2.173169200E-2
4.490000000E0	7.703803198E-1	2.045342399E-2
4.500000000E0	7.644604726E-1	1.907448176E-2
4.510000000E0	7.585208554E-1	1.766081417E-2
4.520000000E0	7.527323986E-1	1.642151394E-2
4.530000000E0	7.466192616E-1	1.503103648E-2
4.540000000E0	7.404841484E-1	1.389507222E-2
4.550000000E0	7.341821317E-1	1.245342633E-2
4.560000000E0	7.277059275E-1	1.108067632E-2
4.570000000E0	7.211632116E-1	9.860671407E-3
4.580000000E0	7.145476423E-1	8.712026870E-3
4.590000000E0	7.079146357E-1	7.630316187E-3
4.600000000E0	7.012346642E-1	6.544642344E-3
4.610000000E0	6.945330450E-1	5.502291151E-3
4.620000000E0	6.878497849E-1	4.465559647E-3
4.630000000E0	6.809414676E-1	3.435691996E-3
4.640000000E0	6.738899082E-1	2.542522056E-3
4.650000000E0	6.669454527E-1	1.811830487E-3
4.660000000E0	6.596316562E-1	1.065959939E-3
4.670000000E0	6.525903282E-1	4.696987182E-4
4.680000000E0	6.451952945E-1	-1.098170105E-4
4.690000000E0	6.376076048E-1	-8.785034148E-4
4.700000000E0	6.304836053E-1	-1.241240368E-3
4.710000000E0	6.232535832E-1	-1.153310808E-3
4.720000000E0	6.157629894E-1	-1.006182188E-3
4.730000000E0	6.080647535E-1	-1.540764949E-3
4.740000000E0	6.009410935E-1	-2.163581928E-3
4.750000000E0	5.937734060E-1	-2.362584188E-3
4.760000000E0	5.865900815E-1	-2.428673049E-3
4.770000000E0	5.793176984E-1	-2.486127636E-3
4.780000000E0	5.721819043E-1	-2.481449868E-3
4.790000000E0	5.648622125E-1	-2.564096159E-3
4.800000000E0	5.577281723E-1	-2.647972533E-3
4.810000000E0	5.504479546E-1	-2.709556449E-3
4.820000000E0	5.430333000E-1	-2.672942752E-3
4.830000000E0	5.358350695E-1	-2.542955775E-3
4.840000000E0	5.284383701E-1	-2.552497771E-3
4.850000000E0	5.209666124E-1	-2.597023382E-3
4.860000000E0	5.137969790E-1	-2.528944914E-3
4.870000000E0	5.063710489E-1	-2.464954285E-3
4.880000000E0	4.990444783E-1	-2.561788766E-3
4.890000000E0	4.918711632E-1	-2.424438525E-3
4.900000000E0	4.845178023E-1	-2.389671454E-3
4.910000000E0	4.774962848E-1	-2.253512395E-3
4.920000000E0	4.703179346E-1	-2.188043959E-3
4.930000000E0	4.632850724E-1	-2.125993941E-3
4.940000000E0	4.561711146E-1	-2.053749207E-3
4.950000000E0	4.489799692E-1	-1.895883685E-3
4.960000000E0	4.420065702E-1	-1.555484992E-3
4.970000000E0	4.352548529E-1	-1.057027397E-3
4.980000000E0	4.283336280E-1	-2.872772327E-4
4.990000000E0	4.210501756E-1	4.498998888E-4
5.000000000E0	4.139548940E-1	2.647504267E-4
5.010000000E0	4.072600390E-1	1.518391405E-4
5.020000000E0	4.006359388E-1	6.028529820E-4
5.030000000E0	3.938552446E-1	1.269088037E-3
5.040000000E0	3.872513405E-1	1.931157839E-3
5.050000000E0	3.806614880E-1	2.362544091E-3
5.060000000E0	3.741674676E-1	3.060481066E-3
5.070000000E0	3.676513936E-1	3.629035983E-3
5.080000000E0	3.611821990E-1	4.363400381E-3
5.090000000E0	3.549886648E-1	5.207525966E-3
5.100000000E0	3.489441912E-1	5.974004423E-3
5.110000000E0	3.430923136E-1	6.621028117E-3
5.120000000E0	3.369774019E-1	7.541129697E-3
5.130000000E0	3.311939934E-1	8.500206078E-3
5.140000000E0	3.254355311E-1	9.442079286E-3
5.150000000E0	3.197548133E-1	1.027791896E-2
5.160000000E0	3.141739178E-1	1.113238284E-2
5.170000000E0	3.083812880E-1	1.213175539E-2
5.180000000E0	3.028845179E-1	1.313509560E-2
5.190000000E0	2.975434239E-1	1.419861838E-2
5.200000000E0	2.923987481E-1	1.527381928E-2
5.210000000E0	2.872331734E-1	1.633185130E-2
5.220000000E0	2.823818104E-1	1.732976257E-2
5.230000000E0	2.774685035E-1	1.838075612E-2
5.240000000E0	2.728298244E-1	1.944819982E-2
5.250000000E0	2.682253601E-1	2.038369158E-2
5.260000000E0	2.638390191E-1	2.160364931E-2
5.270000000E0	2.596280592E-1	2.271273444E-2
5.280000000E0	2.553473243E-1	2.370191909E-2
5.290000000E0	2.511244760E-1	2.468044154E-2
5.300000000E0	2.474679493E-1	2.562733605E-2
5.310000000E0	2.439966380E-1	2.670133925E-2
5.320000000E0	2.405754509E-1	2.769779250E-2
5.330000000E0	2.372771926E-1	2.860976590E-2
5.340000000E0	2.340460173E-1	2.961996020E-2
5.350000000E0	2.310020506E-1	3.045139478E-2
5.360000000E0	2.278114194E-1	3.109748371E-2
5.370000000E0	2.249550291E-1	3.138203976E-2
5.380000000E0	2.221924517E-1	3.203945767E-2
5.390000000E0	2.197890242E-1	3.265558158E-2
5.400000000E0	2.174144478E-1	3.326864013E-2
5.410000000E0	2.152052401E-1	3.396158031E-2
5.420000000E0	2.131703573E-1	3.456079541E-2
5.430000000E0	2.112353615E-1	3.514671785E-2
5.440000000E0	2.091996982E-1	3.560917977E-2
5.450000000E0	2.073830671E-1	3.609538099E-2
5.460000000E0	2.057333444E-1	3.647582542E-2
5.470000000E0	2.043396075E-1	3.679076743E-2
5.480000000E0	2.030455448E-1	3.717447222E-2
5.490000000E0	2.019431116E-1	3.748006257E-2
5.500000000E0	2.010989389E-1	3.765746778E-2
5.510000000E0	2.002036207E-1	3.779540378E-2
5.520000000E0	1.992886724E-1	3.795202167E-2
5.530000000E0	1.988799692E-1	3.806645060E-2
5.540000000E0	1.982570888E-1	3.828369168E-2
5.550000000E0	1.980404486E-1	3.842765366E-2
5.560000000E0	1.979657827E-1	3.845291583E-2
5.570000000E0	1.979988413E-1	3.845172689E-2
5.580000000E0	1.980429386E-1	3.842947004E-2
5.590000000E0	1.982035370E-1	3.832447567E-2
5.600000000E0	1.987865112E-1	3.827544264E-2
5.610000000E0	1.993147091E-1	3.802262822E-2
5.620000000E0	2.001215860E-1	3.777980083E-2
5.630000000E0	2.010773888E-1	3.742645597E-2
5.640000000E0	2.022384932E-1	3.719996979E-2
5.650000000E0	2.034328521E-1	3.669010864E-2
5.660000000E0	2.047038596E-1	3.627454220E-2
5.670000000E0	2.060907783E-1	3.574674170E-2
5.680000000E0	2.078786803E-1	3.516084147E-2
5.690000000E0	2.094572326E-1	3.459497332E-2
5.700000000E0	2.113209163E-1	3.404107788E-2
5.710000000E0	2.134098591E-1	3.338308044E-2
5.720000000E0	2.156847425E-1	3.285071528E-2
5.730000000E0	2.179426837E-1	3.206062441E-2
5.740000000E0	2.202401299E-1	3.158243619E-2
5.750000000E0	2.226516334E-1	3.092998044E-2
5.760000000E0	2.253662611E-1	3.061659413E-2
5.770000000E0	2.281682079E-1	3.008530753E-2
5.780000000E0	2.311587174E-1	2.951691684E-2
5.790000000E0	2.343382149E-1	2.892629518E-2
5.800000000E0	2.376319362E-1	2.796048844E-2
5.810000000E0	2.411797088E-1	2.689697988E-2
5.820000000E0	2.446784386E-1	2.576947017E-2
5.830000000E0	2.483628075E-1	2.467818499E-2
5.840000000E0	2.520616171E-1	2.332799833E-2
5.850000000E0	2.561676176E-1	2.239258146E-2
5.860000000E0	2.603109345E-1	2.144995119E-2
5.870000000E0	2.644833728E-1	2.029889985E-2
5.880000000E0	2.688928617E-1	1.943592917E-2
5.890000000E0	2.732797337E-1	1.857681808E-2
5.900000000E0	2.778324427E-1	1.759454676E-2
5.910000000E0	2.825832649E-1	1.664318059E-2
5.920000000E0	2.873111165E-1	1.572409123E-2
5.930000000E0	2.922051635E-1	1.473825312E-2
5.940000000E0	2.972488956E-1	1.386729709E-2
5.950000000E0	3.024624631E-1	1.302307654E-2
5.960000000E0	3.077083293E-1	1.206739818E-2
5.970000000E0	3.130196637E-1	1.112800380E-2
5.980000000E0	3.182027683E-1	1.015307245E-2
5.990000000E0	3.236326505E-1	9.482763839E-3
6.000000000E0	3.291314255E-1	8.738018070E-3
6.010000000E0	3.346517829E-1	7.757903708E-3
6.020000000E0	3.402656028E-1	6.883848601E-3
6.030000000E0	3.458850133E-1	6.243284786E-3
6.040000000E0	3.516643566E-1	5.473364373E-3
6.050000000E0	3.576672953E-1	4.688295951E-3
6.060000000E0	3.633772303E-1	4.225926733E-3
6.070000000E0	3.695291714E-1	3.326722563E-3
6.080000000E0	3.754336915E-1	2.792496503E-3
6.090000000E0	3.816684285E-1	2.216908912E-3
6.100000000E0	3.877005714E-1	1.575819458E-3
6.110000000E0	3.939202872E-1	9.812991490E-4
6.120000000E0	4.003120575E-1	3.939970142E-4
6.130000000E0	4.062932586E-1	-9.499171418E-5
6.140000000E0	4.125159348E-1	-3.258864969E-4
6.150000000E0	4.186165754E-1	-2.147321391E-4
6.160000000E0	4.250127779E-1	-1.867216358E-4
6.170000000E0	4.315974072E-1	-8.526446888E-4
6.180000000E0	4.378761010E-1	-1.847664113E-3
6.190000000E0	4.443489866E-1	-2.307804731E-3
6.200000000E0	4.507552194E-1	-2.473599362E-3
6.210000000E0	4.574293117E-1	-2.629891589E-3
6.220000000E0	4.639128023E-1	-2.801377058E-3
6.230000000E0	4.701279714E-1	-3.232537839E-3
6.240000000E0	4.765764521E-1	-3.313863747E-3
6.250000000E0	4.831146875E-1	-3.365837195E-3
6.260000000E0	4.896544610E-1	-3.409014321E-3
6.270000000E0	4.962402938E-1	-3.337206062E-3
6.280000000E0	5.027416362E-1	-3.398005335E-3
6.290000000E0	5.092390576E-1	-3.379968742E-3
6.300000000E0	5.158437932E-1	-3.343180201E-3
6.310000000E0	5.223459783E-1	-3.328511732E-3
6.320000000E0	5.289305783E-1	-3.342566756E-3
6.330000000E0	5.352717428E-1	-3.318982387E-3
6.340000000E0	5.416146452E-1	-3.263048468E-3
6.350000000E0	5.481003132E-1	-3.269860105E-3
6.360000000E0	5.544961832E-1	-3.255144553E-3
6.370000000E0	5.607137049E-1	-3.163629894E-3
6.380000000E0	5.668818881E-1	-3.166777890E-3
6.390000000E0	5.731738014E-1	-3.138123307E-3
6.400000000E0	5.792539863E-1	-3.130280266E-3
6.410000000E0	5.855297039E-1	-3.059748426E-3
6.420000000E0	5.916642993E-1	-3.042763139E-3
6.430000000E0	5.978209188E-1	-2.935070103E-3
6.440000000E0	6.038551912E-1	-2.830533891E-3
6.450000000E0	6.097646215E-1	-2.412493276E-3
6.460000000E0	6.161793572E-1	-1.710934377E-3
6.470000000E0	6.225483762E-1	-1.819227051E-3
6.480000000E0	6.288884260E-1	-2.130539712E-3
6.490000000E0	6.349127492E-1	-2.059970013E-3
6.500000000E0	6.409209192E-1	-1.714964941E-3
6.510000000E0	6.471574020E-1	-1.273210102E-3
6.520000000E0	6.529532882E-1	-9.471723700E-4
6.530000000E0	6.588453822E-1	-3.367525845E-4
6.540000000E0	6.647710207E-1	9.107907830E-5
6.550000000E0	6.704095583E-1	9.200990351E-4
6.560000000E0	6.759333586E-1	1.447782800E-3
6.570000000E0	6.814039902E-1	2.162893377E-3
6.580000000E0	6.868546817E-1	3.002047108E-3
6.590000000E0	6.922564690E-1	3.584795746E-3
6.600000000E0	6.976877290E-1	4.412781608E-3
6.610000000E0	7.026627975E-1	5.326982030E-3
6.620000000E0	7.077561118E-1	6.199423130E-3
6.630000000E0	7.127343735E-1	6.943965649E-3
6.640000000E0	7.176037712E-1	7.747865029E-3
6.650000000E0	7.222513841E-1	8.741551793E-3
6.660000000E0	7.269794135E-1	9.698517384E-3
6.670000000E0	7.317120825E-1	1.072823140E-2
6.680000000E0	7.362791201E-1	1.173980048E-2
6.690000000E0	7.406039974E-1	1.272416381E-2
6.700000000E0	7.450172832E-1	1.354396778E-2
6.710000000E0	7.492076641E-1	1.436344693E-2
6.720000000E0	7.530783378E-1	1.536314352E-2
6.730000000E0	7.570350878E-1	1.629947772E-2
6.740000000E0	7.607471996E-1	1.718724982E-2
6.750000000E0	7.643229952E-1	1.800170817E-2
6.760000000E0	7.676004148E-1	1.872586050E-2
6.770000000E0	7.708814830E-1	1.958580281E-2
6.780000000E0	7.740124062E-1	2.032897985E-2
6.790000000E0	7.770837224E-1	2.097931139E-2
6.800000000E0	7.800121079E-1	2.175926151E-2
6.810000000E0	7.827906598E-1	2.240873478E-2
6.820000000E0	7.853116714E-1	2.307929203E-2
6.830000000E0	7.876135911E-1	2.371301241E-2
6.840000000E0	7.899696909E-1	2.444966052E-2
6.850000000E0	7.921423083E-1	2.512281098E-2
6.860000000E0	7.940782281E-1	2.577338039E-2
6.870000000E0	7.958156464E-1	2.624416822E-2
6.880000000E0	7.975352231E-1	2.660678743E-2
6.890000000E0	7.991994909E-1	2.700173272E-2
6.900000000E0	8.005909700E-1	2.757151707E-2
6.910000000E0	8.019162754E-1	2.787377613E-2
6.920000000E0	8.033372465E-1	2.808670345E-2
6.930000000E0	8.044715824E-1	2.854314551E-2
6.940000000E0	8.054567813E-1	2.874216984E-2
6.950000000E0	8.063349028E-1	2.881498977E-2
6.960000000E0	8.070735346E-1	2.885659252E-2
6.970000000E0	8.076134412E-1	2.889210483E-2
6.980000000E0	8.080569349E-1	2.883208294E-2
6.990000000E0	8.082688524E-1	2.883146705E-2
7.000000000E0	8.083265747E-1	2.877248486E-2
7.010000000E0	8.082305338E-1	2.870507639E-2
7.020000000E0	8.081320317E-1	2.866021026E-2
7.030000000E0	8.080018272E-1	2.863369937E-2
7.040000000E0	8.079059104E-1	2.860582563E-2
7.050000000E0	8.075548083E-1	2.858839829E-2
7.060000000E0	8.070039133E-1	2.856037496E-2
7.070000000E0	8.065539357E-1	2.851903860E-2
7.080000000E0	8.058398890E-1	2.842391399E-2
7.090000000E0	8.049001257E-1	2.828228604E-2
7.100000000E0	8.038104659E-1	2.814069417E-2
7.110000000E0	8.025734244E-1	2.795607564E-2
7.120000000E0	8.012699874E-1	2.757048807E-2
7.130000000E0	7.999173525E-1	2.726430824E-2
7.140000000E0	7.982983416E-1	2.686236936E-2
7.150000000E0	7.965894830E-1	2.626642484E-2
7.160000000E0	7.946890204E-1	2.573419477E-2
7.170000000E0	7.927383262E-1	2.503442470E-2
7.180000000E0	7.905237933E-1	2.434015722E-2
7.190000000E0	7.883120576E-1	2.362735638E-2
7.200000000E0	7.859436292E-1	2.277893355E-2
7.210000000E0	7.834571993E-1	2.208691945E-2
7.220000000E0	7.805934839E-1	2.147997633E-2
7.230000000E0	7.778725314E-1	2.081905920E-2
7.240000000E0	7.750337416E-1	1.998747109E-2
7.250000000E0	7.718650604E-1	1.940474171E-2
7.260000000E0	7.684356856E-1	1.865179914E-2
7.270000000E0	7.650485575E-1	1.775650717E-2
7.280000000E0	7.616389621E-1	1.702701134E-2
7.290000000E0	7.579840523E-1	1.617986197E-2
7.300000000E0	7.541794047E-1	1.536474249E-2
7.310000000E0	7.505992544E-1	1.438540491E-2
7.320000000E0	7.464293834E-1	1.348623229E-2
7.330000000E0	7.422520730E-1	1.259257940E-2
7.340000000E0	7.380730404E-1	1.164424608E-2
7.350000000E0	7.339682237E-1	1.087133003E-2
7.360000000E0	7.296492191E-1	9.941704961E-3
7.370000000E0	7.252242863E-1	8.919580714E-3
7.380000000E0	7.205664613E-1	7.999410656E-3
7.390000000E0	7.158983028E-1	7.328213071E-3
7.400000000E0	7.110924645E-1	6.535184194E-3
7.410000000E0	7.062884678E-1	5.642479891E-3
7.420000000E0	7.013471251E-1	4.865341500E-3
7.430000000E0	6.965495273E-1	4.081168381E-3
7.440000000E0	6.913862853E-1	3.323192740E-3
7.450000000E0	6.863965396E-1	2.485171051E-3
7.460000000E0	6.812990428E-1	1.948207951E-3
7.470000000E0	6.759354526E-1	1.145330672E-3
7.480000000E0	6.705820333E-1	7.623077729E-4
7.490000000E0	6.651066397E-1	4.953503063E-5
7.500000000E0	6.596430965E-1	-3.624972637E-4
7.510000000E0	6.541092223E-1	-8.973998327E-4
7.520000000E0	6.483898361E-1	-1.229921240E-3
7.530000000E0	6.428405922E-1	-1.794601238E-3
7.540000000E0	6.371814445E-1	-2.245834787E-3
7.550000000E0	6.315448285E-1	-2.502372432E-3
7.560000000E0	6.260983091E-1	-2.226397795E-3
7.570000000E0	6.204215533E-1	-1.980611400E-3
7.580000000E0	6.144377968E-1	-2.160496870E-3
7.590000000E0	6.087335991E-1	-2.375290946E-3
7.600000000E0	6.032794121E-1	-3.096294178E-3
7.610000000E0	5.978095958E-1	-3.139108232E-3
7.620000000E0	5.923127422E-1	-3.527861139E-3
7.630000000E0	5.866172131E-1	-3.477043326E-3
7.640000000E0	5.810972984E-1	-3.488382748E-3
7.650000000E0	5.755603041E-1	-3.537848770E-3
7.660000000E0	5.700338942E-1	-3.586145538E-3
7.670000000E0	5.645783143E-1	-3.560679353E-3
7.680000000E0	5.589521909E-1	-3.495554808E-3
7.690000000E0	5.534897498E-1	-3.471678410E-3
7.700000000E0	5.479630970E-1	-3.567391721E-3
7.710000000E0	5.425336688E-1	-3.493824973E-3
7.720000000E0	5.369548323E-1	-3.530932135E-3
7.730000000E0	5.313734083E-1	-3.614595193E-3
7.740000000E0	5.258431610E-1	-3.627027988E-3
7.750000000E0	5.202608758E-1	-3.568717343E-3
7.760000000E0	5.146146385E-1	-3.546160077E-3
7.770000000E0	5.089473408E-1	-3.489749956E-3
7.780000000E0	5.032810251E-1	-3.502110583E-3
7.790000000E0	4.976356377E-1	-3.433640528E-3
7.800000000E0	4.921032134E-1	-3.364454630E-3
7.810000000E0	4.865412808E-1	-3.374039416E-3
7.820000000E0	4.810930921E-1	-3.361001350E-3
7.830000000E0	4.755923559E-1	-3.339246822E-3
7.840000000E0	4.701319106E-1	-3.286575874E-3
7.850000000E0	4.646723094E-1	-3.260893520E-3
7.860000000E0	4.593192627E-1	-3.158297510E-3
7.870000000E0	4.538829476E-1	-3.100468597E-3
7.880000000E0	4.486458696E-1	-3.027355569E-3
7.890000000E0	4.434488659E-1	-2.867094770E-3
7.900000000E0	4.383013553E-1	-2.398802072E-3
7.910000000E0	4.332827060E-1	-1.896926178E-3
7.920000000E0	4.281012126E-1	-1.609530768E-3
7.930000000E0	4.226358061E-1	-1.030946532E-3
7.940000000E0	4.174674747E-1	-1.117443966E-3
7.950000000E0	4.123781404E-1	-1.246116138E-3
7.960000000E0	4.074997607E-1	-1.049360722E-3
7.970000000E0	4.026174197E-1	-8.005132557E-4
7.980000000E0	3.975151971E-1	-3.370640224E-4
7.990000000E0	3.926786159E-1	2.111587830E-5
8.000000000E0	3.879049613E-1	4.180347610E-4
8.010000000E0	3.831150618E-1	8.916266924E-4
8.020000000E0	3.786490236E-1	1.211659848E-3
8.030000000E0	3.740652189E-1	1.786338179E-3
8.040000000E0	3.697003447E-1	2.316841111E-3
8.050000000E0	3.652577711E-1	3.033994923E-3
8.060000000E0	3.609619836E-1	3.419693144E-3
8.070000000E0	3.566138615E-1	4.168672247E-3
8.080000000E0	3.523683434E-1	4.563306032E-3
8.090000000E0	3.481941033E-1	5.350891333E-3
8.100000000E0	3.443415070E-1	5.704525580E-3
8.110000000E0	3.402948325E-1	6.458018426E-3
8.120000000E0	3.366716567E-1	6.910851196E-3
8.130000000E0	3.327637576E-1	7.640999733E-3
8.140000000E0	3.291252402E-1	8.310845325E-3
8.150000000E0	3.257357784E-1	8.867379431E-3
8.160000000E0	3.224405060E-1	9.740587553E-3
8.170000000E0	3.191944698E-1	1.013986954E-2
8.180000000E0	3.159232229E-1	1.078662152E-2
8.190000000E0	3.127132485E-1	1.109231333E-2
8.200000000E0	3.095376893E-1	1.166020301E-2
8.210000000E0	3.067020771E-1	1.212377303E-2
8.220000000E0	3.037796313E-1	1.242696236E-2
8.230000000E0	3.008578933E-1	1.304903985E-2
8.240000000E0	2.982128018E-1	1.332430503E-2
8.250000000E0	2.956899171E-1	1.368290566E-2
8.260000000E0	2.930170276E-1	1.412407776E-2
8.270000000E0	2.906313814E-1	1.438431762E-2
8.280000000E0	2.883624790E-1	1.479789212E-2
8.290000000E0	2.861317049E-1	1.519537636E-2
8.300000000E0	2.840287850E-1	1.540536715E-2
8.310000000E0	2.819707729E-1	1.564403639E-2
8.320000000E0	2.803079897E-1	1.609320439E-2
8.330000000E0	2.785424465E-1	1.645585774E-2
8.340000000E0	2.772032805E-1	1.660925487E-2
8.350000000E0	2.758057201E-1	1.691314864E-2
8.360000000E0	2.743488272E-1	1.734552367E-2
8.370000000E0	2.730577010E-1	1.759420766E-2
8.380000000E0	2.719237262E-1	1.774856503E-2
8.390000000E0	2.709537773E-1	1.803731897E-2
8.400000000E0	2.699132785E-1	1.834763742E-2
8.410000000E0	2.692439286E-1	1.862179271E-2
8.420000000E0	2.685834435E-1	1.873896171E-2
8.430000000E0	2.681524536E-1	1.886936201E-2
8.440000000E0	2.676301346E-1	1.889503741E-2
8.450000000E0	2.673832902E-1	1.896961928E-2
8.460000000E0	2.672805313E-1	1.909596216E-2
8.470000000E0	2.672568576E-1	1.905598229E-2
8.480000000E0	2.673250328E-1	1.895043615E-2
8.490000000E0	2.673993678E-1	1.887271862E-2
8.500000000E0	2.675106140E-1	1.883001940E-2
8.510000000E0	2.677458028E-1	1.872182865E-2
8.520000000E0	2.683450107E-1	1.863171047E-2
8.530000000E0	2.686705052E-1	1.858228775E-2
8.540000000E0	2.694649466E-1	1.843893037E-2
8.550000000E0	2.700462414E-1	1.819216624E-2
8.560000000E0	2.708272479E-1	1.794376238E-2
8.570000000E0	2.718234643E-1	1.764104682E-2
8.580000000E0	2.729203645E-1	1.749312441E-2
8.590000000E0	2.740670617E-1	1.730549823E-2
8.600000000E0	2.753162622E-1	1.681555207E-2
8.610000000E0	2.767645947E-1	1.651579487E-2
8.620000000E0	2.783063047E-1	1.625276318E-2
8.630000000E0	2.797811854E-1	1.565460752E-2
8.640000000E0	2.816575467E-1	1.533296642E-2
8.650000000E0	2.835636579E-1	1.487180394E-2
8.660000000E0	2.853983901E-1	1.449310499E-2
8.670000000E0	2.873688028E-1	1.420515876E-2
8.680000000E0	2.895620006E-1	1.367468096E-2
8.690000000E0	2.917750687E-1	1.319507561E-2
8.700000000E0	2.940701986E-1	1.289300374E-2
8.710000000E0	2.966657176E-1	1.228522858E-2
8.720000000E0	2.993997965E-1	1.196051789E-2
8.730000000E0	3.019828044E-1	1.143291569E-2
8.740000000E0	3.048195521E-1	1.095941755E-2
8.750000000E0	3.078513361E-1	1.053862734E-2
8.760000000E0	3.107553548E-1	1.000745654E-2
8.770000000E0	3.137651516E-1	9.709380055E-3
8.780000000E0	3.169784116E-1	9.022518186E-3
8.790000000E0	3.202624713E-1	8.688183140E-3
8.800000000E0	3.235908391E-1	8.083274667E-3
8.810000000E0	3.269585622E-1	7.628106072E-3
8.820000000E0	3.304160228E-1	7.067467879E-3
8.830000000E0	3.339648529E-1	6.510933885E-3
8.840000000E0	3.376783061E-1	6.042017387E-3
8.850000000E0	3.413001673E-1	5.559322386E-3
8.860000000E0	3.452975603E-1	5.240364578E-3
8.870000000E0	3.490957932E-1	4.654987322E-3
8.880000000E0	3.531408339E-1	4.347302199E-3
8.890000000E0	3.570332597E-1	3.811344597E-3
8.900000000E0	3.609743054E-1	3.219358782E-3
8.910000000E0	3.651504297E-1	2.474134805E-3
8.920000000E0	3.692422808E-1	2.102567994E-3
8.930000000E0	3.732419447E-1	1.686371037E-3
8.940000000E0	3.775612475E-1	1.148976934E-3
8.950000000E0	3.818966261E-1	8.927238243E-4
8.960000000E0	3.863229317E-1	4.258658610E-4
8.970000000E0	3.907205158E-1	-3.552992509E-5
8.980000000E0	3.951928083E-1	-4.643133582E-4
8.990000000E0	3.996200303E-1	-8.759852622E-4
9.000000000E0	4.040526849E-1	-1.194694149E-3
9.010000000E0	4.084692987E-1	-1.507745188E-3
9.020000000E0	4.129162383E-1	-1.617971121E-3
9.030000000E0	4.173976582E-1	-1.442810621E-3
9.040000000E0	4.220029627E-1	-1.134363284E-3
9.050000000E0	4.268661403E-1	-1.460220737E-3
9.060000000E0	4.317649037E-1	-1.848748972E-3
9.070000000E0	4.365689873E-1	-2.575422940E-3
9.080000000E0	4.414129674E-1	-3.050604061E-3
9.090000000E0	4.461946846E-1	-3.376311578E-3
9.100000000E0	4.510621978E-1	-3.449960907E-3
9.110000000E0	4.559735402E-1	-3.468034963E-3
9.120000000E0	4.609937180E-1	-3.537509056E-3
9.130000000E0	4.657240038E-1	-3.590279193E-3
9.140000000E0	4.707449973E-1	-3.647018221E-3
9.150000000E0	4.755622792E-1	-3.679370414E-3
9.160000000E0	4.805005297E-1	-3.685275353E-3
9.170000000E0	4.854466789E-1	-3.604620212E-3
9.180000000E0	4.902716845E-1	-3.584556637E-3
9.190000000E0	4.952561178E-1	-3.500797207E-3
9.200000000E0	5.000093982E-1	-3.518683827E-3
9.210000000E0	5.050309005E-1	-3.452865039E-3
9.220000000E0	5.097385229E-1	-3.410654957E-3
9.230000000E0	5.146722660E-1	-3.409470613E-3
9.240000000E0	5.195804780E-1	-3.336913837E-3
9.250000000E0	5.246031114E-1	-3.332421361E-3
9.260000000E0	5.294811273E-1	-3.262861645E-3
9.270000000E0	5.343430775E-1	-3.259083961E-3
9.280000000E0	5.391972376E-1	-3.251183982E-3
9.290000000E0	5.439016183E-1	-3.210828826E-3
9.300000000E0	5.487842626E-1	-3.179662549E-3
9.310000000E0	5.536590877E-1	-3.192959518E-3
