mass_A
t	x	y
0.000000000E0	-1.527046263E-3	1.359028723E-1
1.000000000E-2	-9.325344293E-4	1.358135680E-1
2.000000000E-2	-1.591736110E-4	1.352394243E-1
3.000000000E-2	8.336483773E-4	1.345793849E-1
4.000000000E-2	2.234269244E-3	1.336092292E-1
5.000000000E-2	3.762122898E-3	1.325712366E-1
6.000000000E-2	5.601382117E-3	1.313234944E-1
7.000000000E-2	7.747181924E-3	1.297949156E-1
8.000000000E-2	1.034933531E-2	1.280893907E-1
9.000000000E-2	1.305837530E-2	1.261458212E-1
1.000000000E-1	1.605300634E-2	1.244030384E-1
1.100000000E-1	1.935515685E-2	1.224845026E-1
1.200000000E-1	2.278417928E-2	1.202067297E-1
1.300000000E-1	2.654829980E-2	1.178762039E-1
1.400000000E-1	3.055028945E-2	1.152779236E-1
1.500000000E-1	3.475336249E-2	1.128304490E-1
1.600000000E-1	3.932883293E-2	1.102249530E-1
1.700000000E-1	4.418975142E-2	1.082562877E-1
1.800000000E-1	4.966264568E-2	1.053280644E-1
1.900000000E-1	5.531088130E-2	1.015450826E-1
2.000000000E-1	6.109760503E-2	9.771956721E-2
2.100000000E-1	6.701932255E-2	9.412280587E-2
2.200000000E-1	7.343295925E-2	9.075892556E-2
2.300000000E-1	8.000307314E-2	8.744826951E-2
2.400000000E-1	8.679660231E-2	8.413982470E-2
2.500000000E-1	9.394306931E-2	8.081776717E-2
2.600000000E-1	1.010076147E-1	7.753353350E-2
2.700000000E-1	1.084419119E-1	7.424834102E-2
2.800000000E-1	1.160627848E-1	7.093971463E-2
2.900000000E-1	1.238714494E-1	6.766731738E-2
3.000000000E-1	1.317308815E-1	6.447968432E-2
3.100000000E-1	1.398366397E-1	6.132752812E-2
3.200000000E-1	1.480591451E-1	5.855728046E-2
3.300000000E-1	1.565199329E-1	5.552175238E-2
3.400000000E-1	1.650200615E-1	5.257328850E-2
3.500000000E-1	1.734635368E-1	4.989491650E-2
3.600000000E-1	1.823901083E-1	4.695479493E-2
3.700000000E-1	1.914986592E-1	4.432307332E-2
3.800000000E-1	2.006173523E-1	4.165161346E-2
3.900000000E-1	2.098290071E-1	3.908876179E-2
4.000000000E-1	2.189848437E-1	3.659651041E-2
4.100000000E-1	2.284264412E-1	3.561185041E-2
4.200000000E-1	2.385537986E-1	3.254254437E-2
4.300000000E-1	2.482688977E-1	2.930259358E-2
4.400000000E-1	2.585233687E-1	2.685911891E-2
4.500000000E-1	2.687782740E-1	2.466585645E-2
4.600000000E-1	2.790348030E-1	2.259546496E-2
4.700000000E-1	2.893046495E-1	2.050519775E-2
4.800000000E-1	2.997205032E-1	1.841450342E-2
4.900000000E-1	3.102044237E-1	1.676376048E-2
5.000000000E-1	3.208712699E-1	1.494594087E-2
5.100000000E-1	3.317410244E-1	1.329170222E-2
5.200000000E-1	3.427549534E-1	1.168142298E-2
5.300000000E-1	3.537080871E-1	1.039479548E-2
5.400000000E-1	3.646675935E-1	9.209530191E-3
5.500000000E-1	3.757380185E-1	8.131277180E-3
5.600000000E-1	3.866970831E-1	7.119534867E-3
5.700000000E-1	3.976662707E-1	6.176687631E-3
5.800000000E-1	4.083465657E-1	5.528725841E-3
5.900000000E-1	4.193605693E-1	6.628986983E-3
6.000000000E-1	4.306679498E-1	4.542455645E-3
6.100000000E-1	4.419672852E-1	3.628272566E-3
6.200000000E-1	4.534287061E-1	3.081520995E-3
6.300000000E-1	4.648200692E-1	2.719766427E-3
6.400000000E-1	4.758532978E-1	2.572234386E-3
6.500000000E-1	4.869123619E-1	2.401554291E-3
6.600000000E-1	4.979889619E-1	2.591227368E-3
6.700000000E-1	5.090365072E-1	2.527826692E-3
6.800000000E-1	5.199675880E-1	2.600271309E-3
6.900000000E-1	5.309771460E-1	2.683122230E-3
7.000000000E-1	5.419671926E-1	2.778451204E-3
7.100000000E-1	5.530232666E-1	2.852894963E-3
7.200000000E-1	5.639789360E-1	2.943283932E-3
7.300000000E-1	5.749392168E-1	2.932687161E-3
7.400000000E-1	5.858785551E-1	3.011696660E-3
7.500000000E-1	5.966462278E-1	3.356337317E-3
7.600000000E-1	6.066882944E-1	4.291018780E-3
7.700000000E-1	6.180099950E-1	4.426321519E-3
7.800000000E-1	6.286929724E-1	4.030383774E-3
7.900000000E-1	6.396294487E-1	4.651240982E-3
8.000000000E-1	6.503635532E-1	5.785531906E-3
8.100000000E-1	6.607902753E-1	6.548871377E-3
8.200000000E-1	6.713199388E-1	7.563329193E-3
8.300000000E-1	6.817502207E-1	8.852311598E-3
8.400000000E-1	6.920305295E-1	1.036121545E-2
8.500000000E-1	7.019958138E-1	1.192465351E-2
8.600000000E-1	7.121237643E-1	1.367129268E-2
8.700000000E-1	7.218068812E-1	1.542577880E-2
8.800000000E-1	7.314349331E-1	1.712362638E-2
8.900000000E-1	7.409684669E-1	1.923182538E-2
9.000000000E-1	7.501565141E-1	2.135550572E-2
9.100000000E-1	7.593159279E-1	2.361950720E-2
9.200000000E-1	7.685142737E-1	2.579371279E-2
9.300000000E-1	7.772529893E-1	2.803076876E-2
9.400000000E-1	7.856636664E-1	3.035791770E-2
9.500000000E-1	7.936747346E-1	3.294819891E-2
9.600000000E-1	8.025984561E-1	3.551427473E-2
9.700000000E-1	8.109822283E-1	3.701390377E-2
9.800000000E-1	8.191551201E-1	3.915561043E-2
9.900000000E-1	8.270784568E-1	4.140598797E-2
1.000000000E0	8.347708602E-1	4.374411880E-2
1.010000000E0	8.421913594E-1	4.595181495E-2
1.020000000E0	8.493223843E-1	4.806475007E-2
1.030000000E0	8.563561143E-1	5.040236371E-2
1.040000000E0	8.631876885E-1	5.267510419E-2
1.050000000E0	8.698220296E-1	5.501341385E-2
1.060000000E0	8.763909151E-1	5.738620667E-2
1.070000000E0	8.828133815E-1	5.986385742E-2
1.080000000E0	8.887767008E-1	6.216230987E-2
1.090000000E0	8.947446948E-1	6.443791766E-2
1.100000000E0	9.004836423E-1	6.668739941E-2
1.110000000E0	9.058616256E-1	6.884482323E-2
1.120000000E0	9.109677993E-1	7.097427719E-2
1.130000000E0	9.158224584E-1	7.312304697E-2
1.140000000E0	9.203780968E-1	7.520454252E-2
1.150000000E0	9.247544983E-1	7.737879240E-2
1.160000000E0	9.290174406E-1	7.938031309E-2
1.170000000E0	9.328678699E-1	8.109200673E-2
1.180000000E0	9.365903389E-1	8.293632170E-2
1.190000000E0	9.400903944E-1	8.457101754E-2
1.200000000E0	9.433556894E-1	8.622974931E-2
1.210000000E0	9.463847204E-1	8.757676518E-2
1.220000000E0	9.491655933E-1	8.892519082E-2
1.230000000E0	9.516496241E-1	9.021761971E-2
1.240000000E0	9.539245604E-1	9.113933605E-2
1.250000000E0	9.561192363E-1	9.195529753E-2
1.260000000E0	9.579159723E-1	9.296532584E-2
1.270000000E0	9.595553374E-1	9.388956260E-2
1.280000000E0	9.610595232E-1	9.457783633E-2
1.290000000E0	9.621821549E-1	9.512215274E-2
1.300000000E0	9.632028776E-1	9.548920599E-2
1.310000000E0	9.638382919E-1	9.588304090E-2
1.320000000E0	9.644445399E-1	9.627810614E-2
1.330000000E0	9.649221693E-1	9.633036106E-2
1.340000000E0	9.653274359E-1	9.633568950E-2
1.350000000E0	9.653407872E-1	9.629373288E-2
1.360000000E0	9.649501980E-1	9.615401641E-2
1.370000000E0	9.644337538E-1	9.603242244E-2
1.380000000E0	9.638748581E-1	9.532118867E-2
1.390000000E0	9.629405228E-1	9.487530573E-2
1.400000000E0	9.617638686E-1	9.409380099E-2
1.410000000E0	9.601441165E-1	9.316965577E-2
1.420000000E0	9.587124615E-1	9.206789769E-2
1.430000000E0	9.567264217E-1	9.099960638E-2
1.440000000E0	9.545956261E-1	8.981918406E-2
1.450000000E0	9.521747289E-1	8.862947256E-2
1.460000000E0	9.496477469E-1	8.737086695E-2
1.470000000E0	9.467904544E-1	8.608059397E-2
1.480000000E0	9.436617872E-1	8.441333894E-2
1.490000000E0	9.403251847E-1	8.297601155E-2
1.500000000E0	9.369034903E-1	8.108754367E-2
1.510000000E0	9.333464275E-1	7.948475806E-2
1.520000000E0	9.293332661E-1	7.762049910E-2
1.530000000E0	9.250510211E-1	7.558242676E-2
1.540000000E0	9.206186820E-1	7.364641781E-2
1.550000000E0	9.159700588E-1	7.167117788E-2
1.560000000E0	9.112801107E-1	6.976356129E-2
1.570000000E0	9.061177645E-1	6.765537089E-2
1.580000000E0	9.007356299E-1	6.552445413E-2
1.590000000E0	8.952683153E-1	6.335912043E-2
1.600000000E0	8.895730294E-1	6.117335436E-2
1.610000000E0	8.838122916E-1	5.901436820E-2
1.620000000E0	8.775625374E-1	5.678865596E-2
1.630000000E0	8.712940496E-1	5.458850137E-2
1.640000000E0	8.648398265E-1	5.237788621E-2
1.650000000E0	8.584088519E-1	5.018539838E-2
1.660000000E0	8.517812304E-1	4.799702617E-2
1.670000000E0	8.448423229E-1	4.583390883E-2
1.680000000E0	8.379329953E-1	4.363935904E-2
1.690000000E0	8.310596243E-1	4.143869018E-2
1.700000000E0	8.235817969E-1	3.920828954E-2
1.710000000E0	8.161335588E-1	3.694375545E-2
1.720000000E0	8.087049388E-1	3.503553958E-2
1.730000000E0	8.008287666E-1	3.401356021E-2
1.740000000E0	7.927466040E-1	3.126840953E-2
1.750000000E0	7.851847397E-1	2.868897887E-2
1.760000000E0	7.771106055E-1	2.665031013E-2
1.770000000E0	7.690510414E-1	2.459606682E-2
1.780000000E0	7.604646495E-1	2.269907026E-2
1.790000000E0	7.520140183E-1	2.056558157E-2
1.800000000E0	7.434183846E-1	1.841281721E-2
1.810000000E0	7.346813383E-1	1.661438396E-2
1.820000000E0	7.258479186E-1	1.489947417E-2
1.830000000E0	7.169825993E-1	1.325197377E-2
1.840000000E0	7.080409812E-1	1.166984688E-2
1.850000000E0	6.990724997E-1	1.031008152E-2
1.860000000E0	6.898582885E-1	8.927731420E-3
1.870000000E0	6.804617291E-1	7.444780960E-3
1.880000000E0	6.708799958E-1	6.228367145E-3
1.890000000E0	6.614990710E-1	5.187481019E-3
1.900000000E0	6.520755165E-1	4.321899389E-3
1.910000000E0	6.425240497E-1	3.408364150E-3
1.920000000E0	6.327904863E-1	2.783946102E-3
1.930000000E0	6.234699555E-1	2.754214485E-3
1.940000000E0	6.135588452E-1	2.858481230E-3
1.950000000E0	6.040175286E-1	2.359092624E-3
1.960000000E0	5.946883424E-1	1.889829979E-3
1.970000000E0	5.854724661E-1	1.618812749E-3
1.980000000E0	5.760208835E-1	1.493396480E-3
1.990000000E0	5.664088607E-1	1.323249343E-3
2.000000000E0	5.569977158E-1	1.183871617E-3
2.010000000E0	5.473652233E-1	1.166942616E-3
2.020000000E0	5.377119205E-1	1.188671491E-3
2.030000000E0	5.283543338E-1	1.109934706E-3
2.040000000E0	5.188648271E-1	7.467264503E-4
2.050000000E0	5.095859308E-1	6.729366511E-4
2.060000000E0	5.002545545E-1	6.896737283E-4
2.070000000E0	4.910928446E-1	6.973244758E-4
2.080000000E0	4.816517597E-1	6.897262645E-4
2.090000000E0	4.724760009E-1	7.769783723E-4
2.100000000E0	4.631492422E-1	1.028296551E-3
2.110000000E0	4.537893771E-1	1.374375303E-3
2.120000000E0	4.443738964E-1	1.736434290E-3
2.130000000E0	4.351846527E-1	2.419712392E-3
2.140000000E0	4.261306243E-1	3.863215632E-3
2.150000000E0	4.165177950E-1	4.149962361E-3
2.160000000E0	4.077457819E-1	3.947748160E-3
2.170000000E0	3.989703782E-1	4.444068781E-3
2.180000000E0	3.900248112E-1	5.316774836E-3
2.190000000E0	3.812707535E-1	6.120081220E-3
2.200000000E0	3.726406976E-1	7.014906236E-3
2.210000000E0	3.638339188E-1	8.128768940E-3
2.220000000E0	3.551815712E-1	9.219729547E-3
2.230000000E0	3.468585647E-1	1.033263142E-2
2.240000000E0	3.384697162E-1	1.156327373E-2
2.250000000E0	3.304031511E-1	1.269912750E-2
2.260000000E0	3.221712929E-1	1.389383061E-2
2.270000000E0	3.142278260E-1	1.506915090E-2
2.280000000E0	3.063878206E-1	1.634168402E-2
2.290000000E0	2.984195466E-1	1.779148737E-2
2.300000000E0	2.908337923E-1	1.922181596E-2
2.310000000E0	2.833412164E-1	2.052051457E-2
2.320000000E0	2.757683204E-1	2.221399208E-2
2.330000000E0	2.684510444E-1	2.365359744E-2
2.340000000E0	2.613340251E-1	2.511480478E-2
2.350000000E0	2.541708457E-1	2.680651238E-2
2.360000000E0	2.472595924E-1	2.837401496E-2
2.370000000E0	2.407723050E-1	3.030912528E-2
2.380000000E0	2.340394294E-1	3.218205358E-2
2.390000000E0	2.273105557E-1	3.392897934E-2
2.400000000E0	2.210601259E-1	3.458602395E-2
2.410000000E0	2.150640972E-1	3.600398235E-2
2.420000000E0	2.089110714E-1	3.778592916E-2
2.430000000E0	2.030246932E-1	3.938639412E-2
2.440000000E0	1.973311559E-1	4.097647299E-2
2.450000000E0	1.919090958E-1	4.247109650E-2
2.460000000E0	1.864959092E-1	4.417086381E-2
2.470000000E0	1.812189345E-1	4.570459707E-2
2.480000000E0	1.764319788E-1	4.729437601E-2
2.490000000E0	1.714215402E-1	4.882751536E-2
2.500000000E0	1.668665249E-1	5.020664737E-2
2.510000000E0	1.624705089E-1	5.166608814E-2
2.520000000E0	1.581832972E-1	5.307390316E-2
2.530000000E0	1.541360672E-1	5.444798698E-2
2.540000000E0	1.502527377E-1	5.568449609E-2
2.550000000E0	1.467936619E-1	5.692551104E-2
2.560000000E0	1.432279885E-1	5.805797230E-2
2.570000000E0	1.402105285E-1	5.912379687E-2
2.580000000E0	1.371312349E-1	6.021697943E-2
2.590000000E0	1.342808666E-1	6.125839269E-2
2.600000000E0	1.315457906E-1	6.222772925E-2
2.610000000E0	1.291490660E-1	6.322096414E-2
2.620000000E0	1.269428426E-1	6.419899275E-2
2.630000000E0	1.248365642E-1	6.510790331E-2
2.640000000E0	1.228664638E-1	6.588205044E-2
2.650000000E0	1.213183526E-1	6.656987486E-2
2.660000000E0	1.197162158E-1	6.713685503E-2
2.670000000E0	1.184036779E-1	6.764965837E-2
2.680000000E0	1.172907667E-1	6.795948908E-2
2.690000000E0	1.162901498E-1	6.850041490E-2
2.700000000E0	1.155720515E-1	6.878256481E-2
2.710000000E0	1.150086236E-1	6.893780215E-2
2.720000000E0	1.147512994E-1	6.899157237E-2
2.730000000E0	1.147757680E-1	6.897167392E-2
2.740000000E0	1.149299606E-1	6.893094074E-2
2.750000000E0	1.151004033E-1	6.882787516E-2
2.760000000E0	1.155092884E-1	6.870228313E-2
2.770000000E0	1.161640069E-1	6.861512176E-2
2.780000000E0	1.170979687E-1	6.819468330E-2
2.790000000E0	1.183010939E-1	6.765719088E-2
2.800000000E0	1.194881179E-1	6.712289580E-2
2.810000000E0	1.208863931E-1	6.652354401E-2
2.820000000E0	1.226602318E-1	6.566381167E-2
2.830000000E0	1.244251896E-1	6.482100122E-2
2.840000000E0	1.264130706E-1	6.406288977E-2
2.850000000E0	1.285490420E-1	6.323027266E-2
2.860000000E0	1.311956799E-1	6.223704191E-2
2.870000000E0	1.337758543E-1	6.120764242E-2
2.880000000E0	1.367507735E-1	6.009694471E-2
2.890000000E0	1.396206413E-1	5.895116287E-2
2.900000000E0	1.427023395E-1	5.784499288E-2
2.910000000E0	1.460477212E-1	5.666203052E-2
2.920000000E0	1.495467165E-1	5.550209626E-2
2.930000000E0	1.533604316E-1	5.428505954E-2
2.940000000E0	1.571483962E-1	5.312667537E-2
2.950000000E0	1.612656921E-1	5.160691525E-2
2.960000000E0	1.655822452E-1	5.013598457E-2
2.970000000E0	1.700120322E-1	4.882637929E-2
2.980000000E0	1.745317321E-1	4.739751027E-2
2.990000000E0	1.792383749E-1	4.584324617E-2
3.000000000E0	1.842728923E-1	4.445800569E-2
3.010000000E0	1.894393287E-1	4.284254068E-2
3.020000000E0	1.946274895E-1	4.132354559E-2
3.030000000E0	1.998657758E-1	3.979244761E-2
3.040000000E0	2.053952469E-1	3.811612053E-2
3.050000000E0	2.109784448E-1	3.663711815E-2
3.060000000E0	2.168986516E-1	3.484388116E-2
3.070000000E0	2.226091161E-1	3.352937892E-2
3.080000000E0	2.286682418E-1	3.265252172E-2
3.090000000E0	2.351115890E-1	3.127108913E-2
3.100000000E0	2.415250916E-1	2.937742639E-2
3.110000000E0	2.478886725E-1	2.717126443E-2
3.120000000E0	2.545112706E-1	2.553674145E-2
3.130000000E0	2.612462097E-1	2.394710189E-2
3.140000000E0	2.680321964E-1	2.250159388E-2
3.150000000E0	2.748166792E-1	2.115511266E-2
3.160000000E0	2.820920321E-1	1.960945308E-2
3.170000000E0	2.890531276E-1	1.820032856E-2
3.180000000E0	2.963599410E-1	1.691330702E-2
3.190000000E0	3.036361592E-1	1.563104751E-2
3.200000000E0	3.111115450E-1	1.429412584E-2
3.210000000E0	3.186804891E-1	1.286066418E-2
3.220000000E0	3.263683416E-1	1.159077853E-2
3.230000000E0	3.340759683E-1	1.042558792E-2
3.240000000E0	3.418467406E-1	9.332604264E-3
3.250000000E0	3.497977553E-1	8.248805201E-3
3.260000000E0	3.575802387E-1	7.214473137E-3
3.270000000E0	3.656122551E-1	6.145312763E-3
3.280000000E0	3.736195485E-1	5.207272629E-3
3.290000000E0	3.815407074E-1	4.677365817E-3
3.300000000E0	3.897979540E-1	3.901064883E-3
3.310000000E0	3.978564379E-1	3.058725492E-3
3.320000000E0	4.057946428E-1	2.621038754E-3
3.330000000E0	4.135470144E-1	2.653754170E-3
3.340000000E0	4.219864366E-1	3.017137308E-3
3.350000000E0	4.308594422E-1	1.979504167E-3
3.360000000E0	4.390795114E-1	8.026706414E-4
3.370000000E0	4.475596503E-1	4.746161232E-4
3.380000000E0	4.560890656E-1	3.065508341E-4
3.390000000E0	4.645002793E-1	1.217641455E-4
3.400000000E0	4.727983382E-1	1.013304929E-4
3.410000000E0	4.811378647E-1	4.280581648E-5
3.420000000E0	4.893390654E-1	2.122799458E-4
3.430000000E0	4.977203172E-1	3.620188358E-4
3.440000000E0	5.058691440E-1	4.047526236E-4
3.450000000E0	5.141927428E-1	4.729565227E-4
3.460000000E0	5.223694072E-1	5.340145692E-4
3.470000000E0	5.307484190E-1	6.075340654E-4
3.480000000E0	5.388987777E-1	7.153345016E-4
3.490000000E0	5.472619583E-1	7.056586588E-4
3.500000000E0	5.554523963E-1	7.806186680E-4
3.510000000E0	5.636767318E-1	8.777560637E-4
3.520000000E0	5.718118760E-1	9.503352608E-4
3.530000000E0	5.798887271E-1	9.945690791E-4
3.540000000E0	5.881021111E-1	1.027513966E-3
3.550000000E0	5.960051853E-1	1.175023736E-3
3.560000000E0	6.035414578E-1	1.723769219E-3
3.570000000E0	6.114211976E-1	2.266737488E-3
3.580000000E0	6.197992405E-1	2.686892407E-3
3.590000000E0	6.277029225E-1	2.422609033E-3
3.600000000E0	6.356164542E-1	2.813424063E-3
3.610000000E0	6.436441517E-1	3.454362348E-3
3.620000000E0	6.514904208E-1	4.159045610E-3
3.630000000E0	6.592698970E-1	4.917376249E-3
3.640000000E0	6.671348691E-1	5.825131147E-3
3.650000000E0	6.747597079E-1	6.782267530E-3
3.660000000E0	6.822932539E-1	7.700809521E-3
3.670000000E0	6.896850018E-1	8.568059141E-3
3.680000000E0	6.969896771E-1	9.634181709E-3
3.690000000E0	7.041626213E-1	1.069492213E-2
3.700000000E0	7.111297542E-1	1.184739534E-2
3.710000000E0	7.179687246E-1	1.303126575E-2
3.720000000E0	7.246643439E-1	1.423724640E-2
3.730000000E0	7.313211453E-1	1.561653970E-2
3.740000000E0	7.377997617E-1	1.707711982E-2
3.750000000E0	7.441924992E-1	1.831276336E-2
3.760000000E0	7.501641807E-1	1.951151339E-2
3.770000000E0	7.562963656E-1	2.085893208E-2
3.780000000E0	7.623571640E-1	2.221751897E-2
3.790000000E0	7.684537574E-1	2.366242166E-2
3.800000000E0	7.740734484E-1	2.492440655E-2
3.810000000E0	7.797538479E-1	2.627466795E-2
3.820000000E0	7.851088392E-1	2.770907061E-2
3.830000000E0	7.900527859E-1	2.927465431E-2
3.840000000E0	7.953973916E-1	3.066594526E-2
3.850000000E0	8.006229253E-1	3.217081002E-2
3.860000000E0	8.057188615E-1	3.335279117E-2
3.870000000E0	8.104866413E-1	3.423154666E-2
3.880000000E0	8.151514778E-1	3.560170541E-2
3.890000000E0	8.194102923E-1	3.684962853E-2
3.900000000E0	8.235863180E-1	3.806208663E-2
3.910000000E0	8.275299110E-1	3.918823445E-2
3.920000000E0	8.313834293E-1	4.034159003E-2
3.930000000E0	8.350280351E-1	4.148685739E-2
3.940000000E0	8.385976940E-1	4.249380228E-2
3.950000000E0	8.421320808E-1	4.356964231E-2
3.960000000E0	8.454611578E-1	4.464591764E-2
3.970000000E0	8.485427828E-1	4.566994283E-2
3.980000000E0	8.513713978E-1	4.673367477E-2
3.990000000E0	8.542501433E-1	4.778488046E-2
4.000000000E0	8.566751057E-1	4.882493968E-2
4.010000000E0	8.590572172E-1	4.969501907E-2
4.020000000E0	8.612516331E-1	5.047027323E-2
4.030000000E0	8.632206980E-1	5.121657143E-2
4.040000000E0	8.652970382E-1	5.206520628E-2
4.050000000E0	8.669957996E-1	5.257098748E-2
4.060000000E0	8.685484311E-1	5.331506618E-2
4.070000000E0	8.698079777E-1	5.376266854E-2
4.080000000E0	8.710129970E-1	5.438539709E-2
4.090000000E0	8.720918883E-1	5.462882701E-2
4.100000000E0	8.731044600E-1	5.482258724E-2
4.110000000E0	8.740665005E-1	5.484087026E-2
4.120000000E0	8.747397992E-1	5.501758102E-2
4.130000000E0	8.753315971E-1	5.492279529E-2
4.140000000E0	8.757353789E-1	5.494791691E-2
4.150000000E0	8.760131562E-1	5.475925053E-2
4.160000000E0	8.761926710E-1	5.463395763E-2
4.170000000E0	8.761621483E-1	5.454748807E-2
4.180000000E0	8.758155351E-1	5.443799240E-2
4.190000000E0	8.753453412E-1	5.441112948E-2
4.200000000E0	8.748686149E-1	5.414999553E-2
4.210000000E0	8.741311778E-1	5.371803032E-2
4.220000000E0	8.730834698E-1	5.338142997E-2
4.230000000E0	8.719423062E-1	5.308717585E-2
4.240000000E0	8.707043420E-1	5.245406559E-2
4.250000000E0	8.689659208E-1	5.207828264E-2
4.260000000E0	8.674383525E-1	5.129450865E-2
4.270000000E0	8.654272529E-1	5.086651664E-2
4.280000000E0	8.632637609E-1	5.009850197E-2
4.290000000E0	8.610519460E-1	4.922274166E-2
4.300000000E0	8.587028310E-1	4.859077566E-2
4.310000000E0	8.563222852E-1	4.782881633E-2
4.320000000E0	8.534068644E-1	4.687179145E-2
4.330000000E0	8.506225423E-1	4.587169216E-2
4.340000000E0	8.477157894E-1	4.480139427E-2
4.350000000E0	8.444860465E-1	4.381680193E-2
4.360000000E0	8.411463134E-1	4.267776859E-2
4.370000000E0	8.377701747E-1	4.151563760E-2
4.380000000E0	8.342339117E-1	4.040309104E-2
4.390000000E0	8.302719809E-1	3.922766702E-2
4.400000000E0	8.263513584E-1	3.806078847E-2
4.410000000E0	8.223753535E-1	3.688049949E-2
4.420000000E0	8.181041601E-1	3.571664832E-2
4.430000000E0	8.137393859E-1	3.447118993E-2
4.440000000E0	8.092505815E-1	3.345225359E-2
4.450000000E0	8.047669720E-1	3.276991151E-2
4.460000000E0	7.999448567E-1	3.188565899E-2
4.470000000E0	7.950088044E-1	3.042240602E-2
4.480000000E0	7.898648917E-1	2.889327667E-2
4.490000000E0	7.849822507E-1	2.726121147E-2
4.500000000E0	7.797748138E-1	2.580757045E-2
4.510000000E0	7.742967084E-1	2.446902469E-2
4.520000000E0	7.689477852E-1	2.300201692E-2
4.530000000E0	7.631298151E-1	2.150650358E-2
4.540000000E0	7.574828047E-1	2.027327421E-2
4.550000000E0	7.517857966E-1	1.904062048E-2
4.560000000E0	7.457566269E-1	1.748153731E-2
4.570000000E0	7.397601693E-1	1.608220369E-2
4.580000000E0	7.334693031E-1	1.482071275E-2
4.590000000E0	7.273670618E-1	1.360848152E-2
4.600000000E0	7.211530688E-1	1.231096944E-2
4.610000000E0	7.146961251E-1	1.108689628E-2
4.620000000E0	7.081587432E-1	1.012384681E-2
4.630000000E0	7.014822117E-1	9.090522671E-3
4.640000000E0	6.947897280E-1	8.106380688E-3
4.650000000E0	6.880994211E-1	7.085850538E-3
4.660000000E0	6.812363155E-1	6.041995456E-3
4.670000000E0	6.742415042E-1	5.003274191E-3
4.680000000E0	6.672159367E-1	4.078428908E-3
4.690000000E0	6.601882625E-1	3.425240326E-3
4.700000000E0	6.531184966E-1	2.813272490E-3
4.710000000E0	6.460965687E-1	2.280487462E-3
4.720000000E0	6.386645889E-1	1.761194962E-3
4.730000000E0	6.313235931E-1	1.416672279E-3
4.740000000E0	6.243666965E-1	1.464428744E-3
4.750000000E0	6.169827861E-1	1.736590120E-3
4.760000000E0	6.093092388E-1	1.632271427E-3
4.770000000E0	6.022090988E-1	1.111547009E-3
4.780000000E0	5.952414164E-1	6.056388929E-4
4.790000000E0	5.880268401E-1	5.118452641E-4
4.800000000E0	5.807049838E-1	5.022742301E-4
4.810000000E0	5.735471914E-1	4.940762807E-4
4.820000000E0	5.662485487E-1	4.482674891E-4
4.830000000E0	5.590927230E-1	3.772442825E-4
4.840000000E0	5.518903625E-1	2.998663049E-4
4.850000000E0	5.447608885E-1	3.904714052E-4
4.860000000E0	5.375240979E-1	4.482493953E-4
4.870000000E0	5.302263274E-1	4.331592563E-4
4.880000000E0	5.231115885E-1	4.650990495E-4
4.890000000E0	5.157216621E-1	4.857202845E-4
4.900000000E0	5.085716625E-1	4.894667822E-4
4.910000000E0	5.014012378E-1	5.365993620E-4
4.920000000E0	4.944369897E-1	5.774880432E-4
4.930000000E0	4.871476104E-1	6.188780868E-4
4.940000000E0	4.801662029E-1	6.393816418E-4
4.950000000E0	4.732451582E-1	6.909319292E-4
4.960000000E0	4.664194541E-1	8.196106071E-4
4.970000000E0	4.593670681E-1	9.256324325E-4
4.980000000E0	4.523690515E-1	1.019490546E-3
4.990000000E0	4.453322062E-1	1.248031731E-3
5.000000000E0	4.384824090E-1	1.626711648E-3
5.010000000E0	4.319378428E-1	2.211894499E-3
5.020000000E0	4.250994236E-1	2.865859390E-3
5.030000000E0	4.179746080E-1	3.240850821E-3
5.040000000E0	4.110228435E-1	3.012987306E-3
5.050000000E0	4.046251285E-1	3.119377043E-3
5.060000000E0	3.979275579E-1	3.585758552E-3
5.070000000E0	3.912621807E-1	4.088627253E-3
5.080000000E0	3.846850918E-1	4.764661265E-3
5.090000000E0	3.782320309E-1	5.170144879E-3
5.100000000E0	3.717503945E-1	5.892136113E-3
5.110000000E0	3.654226019E-1	6.473408753E-3
5.120000000E0	3.592859567E-1	7.146794952E-3
5.130000000E0	3.530725207E-1	7.956665438E-3
5.140000000E0	3.470883812E-1	8.619997495E-3
5.150000000E0	3.409775901E-1	9.427355661E-3
5.160000000E0	3.350840838E-1	1.035353138E-2
5.170000000E0	3.291738482E-1	1.113818742E-2
5.180000000E0	3.236942696E-1	1.200559997E-2
5.190000000E0	3.181126196E-1	1.277095381E-2
5.200000000E0	3.126958391E-1	1.371513749E-2
5.210000000E0	3.074163121E-1	1.477199082E-2
5.220000000E0	3.020324999E-1	1.578841169E-2
5.230000000E0	2.967940547E-1	1.684357562E-2
5.240000000E0	2.917377018E-1	1.771038489E-2
5.250000000E0	2.867429517E-1	1.879592761E-2
5.260000000E0	2.820620024E-1	1.960765837E-2
5.270000000E0	2.773562715E-1	2.048834972E-2
5.280000000E0	2.726922095E-1	2.149136646E-2
5.290000000E0	2.681713084E-1	2.252910146E-2
5.300000000E0	2.636880477E-1	2.355036598E-2
5.310000000E0	2.594517135E-1	2.456784316E-2
5.320000000E0	2.553548934E-1	2.540906840E-2
5.330000000E0	2.515448068E-1	2.646786450E-2
5.340000000E0	2.479959990E-1	2.744409154E-2
5.350000000E0	2.444813648E-1	2.837810834E-2
5.360000000E0	2.411467441E-1	2.934102170E-2
5.370000000E0	2.378705930E-1	3.021709609E-2
5.380000000E0	2.347006939E-1	3.114941173E-2
5.390000000E0	2.316317531E-1	3.203381755E-2
5.400000000E0	2.285222194E-1	3.284224281E-2
5.410000000E0	2.255618128E-1	3.326958873E-2
5.420000000E0	2.228197940E-1	3.375425558E-2
5.430000000E0	2.203846997E-1	3.421346682E-2
5.440000000E0	2.179969120E-1	3.472643771E-2
5.450000000E0	2.159376178E-1	3.547176227E-2
5.460000000E0	2.138553308E-1	3.612621196E-2
5.470000000E0	2.118420238E-1	3.679175161E-2
5.480000000E0	2.098874633E-1	3.731402227E-2
5.490000000E0	2.082372358E-1	3.782466418E-2
5.500000000E0	2.065821314E-1	3.815698455E-2
5.510000000E0	2.051446140E-1	3.870629353E-2
5.520000000E0	2.039549849E-1	3.908525765E-2
5.530000000E0	2.028760646E-1	3.928318686E-2
5.540000000E0	2.018610039E-1	3.974492027E-2
5.550000000E0	2.009625630E-1	4.013274456E-2
5.560000000E0	2.001815589E-1	4.028041551E-2
5.570000000E0	1.997019028E-1	4.032764585E-2
5.580000000E0	1.992671799E-1	4.033622224E-2
5.590000000E0	1.989810747E-1	4.036558261E-2
5.600000000E0	1.987979484E-1	4.030846084E-2
5.610000000E0	1.987699981E-1	4.024539670E-2
5.620000000E0	1.988648520E-1	4.022690280E-2
5.630000000E0	1.992746000E-1	4.015631925E-2
5.640000000E0	1.998180668E-1	4.009706466E-2
5.650000000E0	2.006143415E-1	3.995072101E-2
5.660000000E0	2.012847318E-1	3.972057716E-2
5.670000000E0	2.020904493E-1	3.939376272E-2
5.680000000E0	2.031542636E-1	3.909478141E-2
5.690000000E0	2.043091250E-1	3.878459396E-2
5.700000000E0	2.056412365E-1	3.822225881E-2
5.710000000E0	2.072985208E-1	3.788327973E-2
5.720000000E0	2.088422922E-1	3.727557176E-2
5.730000000E0	2.107192271E-1	3.680579136E-2
5.740000000E0	2.126991493E-1	3.607754525E-2
5.750000000E0	2.147556636E-1	3.554658411E-2
5.760000000E0	2.171933241E-1	3.482099784E-2
5.770000000E0	2.194927976E-1	3.434684967E-2
5.780000000E0	2.218389325E-1	3.370307848E-2
5.790000000E0	2.242848770E-1	3.328293737E-2
5.800000000E0	2.270382309E-1	3.291273633E-2
5.810000000E0	2.299065698E-1	3.235974468E-2
5.820000000E0	2.328687843E-1	3.168991557E-2
5.830000000E0	2.361138110E-1	3.074977309E-2
5.840000000E0	2.394471359E-1	2.982590200E-2
5.850000000E0	2.429758091E-1	2.909166127E-2
5.860000000E0	2.464443207E-1	2.806685545E-2
5.870000000E0	2.499749298E-1	2.692205204E-2
5.880000000E0	2.537815944E-1	2.595240950E-2
5.890000000E0	2.578492068E-1	2.496055342E-2
5.900000000E0	2.618331108E-1	2.397882144E-2
5.910000000E0	2.659083271E-1	2.303121775E-2
5.920000000E0	2.702053298E-1	2.205740647E-2
5.930000000E0	2.746186619E-1	2.129508339E-2
5.940000000E0	2.790958607E-1	2.038338870E-2
5.950000000E0	2.836311600E-1	1.939702496E-2
5.960000000E0	2.883693722E-1	1.836362637E-2
5.970000000E0	2.933277890E-1	1.742674378E-2
5.980000000E0	2.983852620E-1	1.641238096E-2
5.990000000E0	3.032867909E-1	1.559472078E-2
6.000000000E0	3.086090598E-1	1.479085435E-2
6.010000000E0	3.139247712E-1	1.378347603E-2
6.020000000E0	3.192734394E-1	1.280333863E-2
6.030000000E0	3.248593214E-1	1.187347780E-2
6.040000000E0	3.304056630E-1	1.099280531E-2
6.050000000E0	3.360462558E-1	1.025463668E-2
6.060000000E0	3.416840172E-1	9.402439190E-3
6.070000000E0	3.473219904E-1	8.597124104E-3
6.080000000E0	3.529493465E-1	7.967201560E-3
6.090000000E0	3.589216383E-1	7.163430731E-3
6.100000000E0	3.648286844E-1	6.499335973E-3
6.110000000E0	3.707308940E-1	5.953552725E-3
6.120000000E0	3.768188464E-1	5.170379825E-3
6.130000000E0	3.827046261E-1	4.856634992E-3
6.140000000E0	3.888126102E-1	4.159078924E-3
6.150000000E0	3.947884680E-1	3.704663158E-3
6.160000000E0	4.010316963E-1	3.113826853E-3
6.170000000E0	4.071009048E-1	2.755985689E-3
6.180000000E0	4.129079308E-1	2.700980317E-3
6.190000000E0	4.191656799E-1	2.878901222E-3
6.200000000E0	4.256690945E-1	2.748605667E-3
6.210000000E0	4.321411332E-1	2.132647681E-3
6.220000000E0	4.383021945E-1	1.172797909E-3
6.230000000E0	4.448731376E-1	9.625872922E-4
6.240000000E0	4.513042930E-1	6.388858597E-4
6.250000000E0	4.578977861E-1	5.624445057E-4
6.260000000E0	4.641992291E-1	5.179433346E-4
6.270000000E0	4.705253584E-1	4.571149137E-4
6.280000000E0	4.769205821E-1	3.744695637E-4
6.290000000E0	4.833323936E-1	3.377476742E-4
6.300000000E0	4.896443399E-1	4.732163738E-4
6.310000000E0	4.957441119E-1	4.712085170E-4
6.320000000E0	5.020483996E-1	3.765721667E-4
6.330000000E0	5.082039497E-1	4.167938288E-4
6.340000000E0	5.144962169E-1	4.584082574E-4
6.350000000E0	5.209011056E-1	4.716957482E-4
6.360000000E0	5.273948673E-1	4.904700986E-4
6.370000000E0	5.336800917E-1	5.309423011E-4
6.380000000E0	5.400090839E-1	5.628492117E-4
6.390000000E0	5.462868598E-1	5.788524363E-4
6.400000000E0	5.526585454E-1	5.802173265E-4
6.410000000E0	5.588372561E-1	6.220173268E-4
6.420000000E0	5.650389962E-1	6.792736983E-4
6.430000000E0	5.713453341E-1	7.077939179E-4
6.440000000E0	5.774621391E-1	7.137360683E-4
6.450000000E0	5.836446017E-1	7.077775759E-4
6.460000000E0	5.898110945E-1	7.396062831E-4
6.470000000E0	5.959361305E-1	7.354148923E-4
6.480000000E0	6.017894903E-1	9.789866898E-4
6.490000000E0	6.074255985E-1	1.307949504E-3
6.500000000E0	6.136986602E-1	1.766165340E-3
6.510000000E0	6.200285894E-1	1.876608510E-3
6.520000000E0	6.263753769E-1	1.700275347E-3
6.530000000E0	6.323011839E-1	1.686683955E-3
6.540000000E0	6.384497262E-1	1.895743826E-3
6.550000000E0	6.443999161E-1	2.320753103E-3
6.560000000E0	6.502492810E-1	2.886659737E-3
6.570000000E0	6.561873705E-1	3.337667926E-3
6.580000000E0	6.618525594E-1	3.807626771E-3
6.590000000E0	6.674840972E-1	4.310003987E-3
6.600000000E0	6.729482613E-1	4.956219291E-3
6.610000000E0	6.783993584E-1	5.696785866E-3
6.620000000E0	6.838096194E-1	6.324535688E-3
6.630000000E0	6.893037393E-1	7.173903451E-3
6.640000000E0	6.945895284E-1	8.045152272E-3
6.650000000E0	6.997288063E-1	8.883274856E-3
6.660000000E0	7.047485809E-1	9.687906816E-3
6.670000000E0	7.098482339E-1	1.051810505E-2
6.680000000E0	7.146930006E-1	1.154488927E-2
6.690000000E0	7.193554891E-1	1.248794341E-2
6.700000000E0	7.240336524E-1	1.345262251E-2
6.710000000E0	7.287726327E-1	1.444115718E-2
6.720000000E0	7.332600597E-1	1.534051325E-2
6.730000000E0	7.376480650E-1	1.609459192E-2
6.740000000E0	7.419380129E-1	1.712184423E-2
6.750000000E0	7.460398968E-1	1.808457708E-2
6.760000000E0	7.499255113E-1	1.906327191E-2
6.770000000E0	7.539188304E-1	2.004643132E-2
6.780000000E0	7.575518714E-1	2.079115064E-2
6.790000000E0	7.610268100E-1	2.156477990E-2
6.800000000E0	7.643795480E-1	2.251881687E-2
6.810000000E0	7.676534146E-1	2.342248149E-2
6.820000000E0	7.708493104E-1	2.412607483E-2
6.830000000E0	7.738775010E-1	2.481690058E-2
6.840000000E0	7.765556564E-1	2.570050407E-2
6.850000000E0	7.793911532E-1	2.625360798E-2
6.860000000E0	7.819433903E-1	2.694428143E-2
6.870000000E0	7.844323040E-1	2.753356733E-2
6.880000000E0	7.866114644E-1	2.811189906E-2
6.890000000E0	7.885413027E-1	2.883470825E-2
6.900000000E0	7.905233660E-1	2.942702862E-2
6.910000000E0	7.924722132E-1	3.008618526E-2
6.920000000E0	7.943173478E-1	3.059159067E-2
6.930000000E0	7.958561943E-1	3.094641249E-2
6.940000000E0	7.974445983E-1	3.149152231E-2
6.950000000E0	7.987633681E-1	3.173667975E-2
6.960000000E0	8.000083481E-1	3.197757786E-2
6.970000000E0	8.013621428E-1	3.245833612E-2
6.980000000E0	8.024157120E-1	3.267794091E-2
6.990000000E0	8.034466683E-1	3.273957531E-2
7.000000000E0	8.042562378E-1	3.276718826E-2
7.010000000E0	8.047902393E-1	3.283658688E-2
7.020000000E0	8.052371967E-1	3.274523441E-2
7.030000000E0	8.055825048E-1	3.275762138E-2
7.040000000E0	8.059314565E-1	3.269197267E-2
7.050000000E0	8.059949349E-1	3.263245881E-2
7.060000000E0	8.060018880E-1	3.258743169E-2
7.070000000E0	8.059618150E-1	3.255722905E-2
7.080000000E0	8.058655623E-1	3.252696736E-2
7.090000000E0	8.056738792E-1	3.250214466E-2
7.100000000E0	8.051035235E-1	3.247513773E-2
7.110000000E0	8.047448934E-1	3.245455442E-2
7.120000000E0	8.039739174E-1	3.238031783E-2
7.130000000E0	8.032578429E-1	3.233697330E-2
7.140000000E0	8.024703877E-1	3.223766076E-2
7.150000000E0	8.014732738E-1	3.203478031E-2
7.160000000E0	8.002339449E-1	3.182481908E-2
7.170000000E0	7.989420117E-1	3.141089555E-2
7.180000000E0	7.975142065E-1	3.114607720E-2
7.190000000E0	7.958307214E-1	3.073379292E-2
7.200000000E0	7.939935513E-1	3.012467640E-2
7.210000000E0	7.919963833E-1	2.961018534E-2
7.220000000E0	7.898682192E-1	2.887985612E-2
7.230000000E0	7.877040637E-1	2.823914620E-2
7.240000000E0	7.851985582E-1	2.756846654E-2
7.250000000E0	7.828970979E-1	2.699932558E-2
7.260000000E0	7.803426946E-1	2.628052754E-2
7.270000000E0	7.774763720E-1	2.560156365E-2
7.280000000E0	7.747856414E-1	2.481647576E-2
7.290000000E0	7.719365019E-1	2.398774180E-2
7.300000000E0	7.687368555E-1	2.330388465E-2
7.310000000E0	7.653592500E-1	2.259297800E-2
7.320000000E0	7.620353975E-1	2.169695039E-2
7.330000000E0	7.585805995E-1	2.088992612E-2
7.340000000E0	7.551687165E-1	2.007333894E-2
7.350000000E0	7.513233753E-1	1.922118527E-2
7.360000000E0	7.476304771E-1	1.828649454E-2
7.370000000E0	7.435985615E-1	1.736378032E-2
7.380000000E0	7.395573876E-1	1.643514623E-2
7.390000000E0	7.355396331E-1	1.559064246E-2
7.400000000E0	7.312269349E-1	1.480405135E-2
7.410000000E0	7.268645291E-1	1.382658579E-2
7.420000000E0	7.224252027E-1	1.290392102E-2
7.430000000E0	7.179552004E-1	1.194675985E-2
7.440000000E0	7.134345341E-1	1.116166827E-2
7.450000000E0	7.087955950E-1	1.042392813E-2
7.460000000E0	7.038481170E-1	9.492545460E-3
7.470000000E0	6.990945992E-1	8.646155371E-3
7.480000000E0	6.939535045E-1	8.026866581E-3
7.490000000E0	6.891038326E-1	7.187252468E-3
7.500000000E0	6.839002984E-1	6.282561201E-3
7.510000000E0	6.786231597E-1	5.777995799E-3
7.520000000E0	6.734413204E-1	5.062795246E-3
7.530000000E0	6.682454189E-1	4.386352197E-3
7.540000000E0	6.628725981E-1	3.838296600E-3
7.550000000E0	6.574508692E-1	3.183076205E-3
7.560000000E0	6.519800366E-1	2.746721592E-3
7.570000000E0	6.464018577E-1	2.238210063E-3
7.580000000E0	6.408787980E-1	1.668734592E-3
7.590000000E0	6.352538684E-1	1.399981627E-3
7.600000000E0	6.297081776E-1	1.067059357E-3
7.610000000E0	6.243759638E-1	1.134705189E-3
7.620000000E0	6.186521315E-1	1.140445641E-3
7.630000000E0	6.128038997E-1	1.317311090E-3
7.640000000E0	6.069368139E-1	1.044221330E-3
7.650000000E0	6.015297552E-1	3.756773632E-4
7.660000000E0	5.959097333E-1	2.803612736E-4
7.670000000E0	5.903746676E-1	3.422166275E-4
7.680000000E0	5.848078125E-1	2.872734434E-4
7.690000000E0	5.792075999E-1	3.019210242E-4
7.700000000E0	5.736219287E-1	3.642868820E-4
7.710000000E0	5.680761659E-1	4.101601079E-4
7.720000000E0	5.625389007E-1	3.189530858E-4
7.730000000E0	5.566675423E-1	2.963923659E-4
7.740000000E0	5.508866411E-1	3.619442662E-4
7.750000000E0	5.452700687E-1	4.538874162E-4
7.760000000E0	5.396837982E-1	3.993243931E-4
7.770000000E0	5.340933625E-1	3.801425554E-4
7.780000000E0	5.284804729E-1	3.913403557E-4
7.790000000E0	5.228664256E-1	3.769764730E-4
7.800000000E0	5.172470908E-1	3.058183443E-4
7.810000000E0	5.117574232E-1	3.307545098E-4
7.820000000E0	5.063643365E-1	4.412661045E-4
7.830000000E0	5.008857105E-1	4.863030113E-4
7.840000000E0	4.954178170E-1	4.593797952E-4
7.850000000E0	4.900035436E-1	5.090989881E-4
7.860000000E0	4.845447429E-1	5.822325690E-4
7.870000000E0	4.790624835E-1	5.929259962E-4
7.880000000E0	4.736544281E-1	6.507839751E-4
7.890000000E0	4.682141780E-1	7.794684428E-4
7.900000000E0	4.627894365E-1	7.842968561E-4
7.910000000E0	4.572674590E-1	8.791221364E-4
7.920000000E0	4.517948616E-1	1.136274483E-3
7.930000000E0	4.463326956E-1	1.427362200E-3
7.940000000E0	4.409647310E-1	1.647596770E-3
7.950000000E0	4.358334463E-1	1.966855451E-3
7.960000000E0	4.308502243E-1	2.671956907E-3
7.970000000E0	4.255767801E-1	3.222736228E-3
7.980000000E0	4.201416550E-1	3.381754927E-3
7.990000000E0	4.149689156E-1	3.500672637E-3
8.000000000E0	4.100850187E-1	3.430526844E-3
8.010000000E0	4.052351001E-1	3.824161019E-3
8.020000000E0	4.001968463E-1	4.138829486E-3
8.030000000E0	3.952337182E-1	4.443170525E-3
8.040000000E0	3.903231284E-1	5.036382811E-3
8.050000000E0	3.856223504E-1	5.370723789E-3
8.060000000E0	3.808766744E-1	5.775160957E-3
8.070000000E0	3.762431255E-1	6.195588001E-3
8.080000000E0	3.714125494E-1	6.724892560E-3
8.090000000E0	3.669423593E-1	7.228199060E-3
8.100000000E0	3.625506598E-1	7.734473267E-3
8.110000000E0	3.581356758E-1	8.185538622E-3
8.120000000E0	3.538182695E-1	8.558886408E-3
8.130000000E0	3.494176705E-1	9.294565459E-3
8.140000000E0	3.452301743E-1	9.757629258E-3
8.150000000E0	3.410021516E-1	1.041548104E-2
8.160000000E0	3.370830004E-1	1.075185277E-2
8.170000000E0	3.329589798E-1	1.151219103E-2
8.180000000E0	3.293399531E-1	1.195231037E-2
8.190000000E0	3.253511209E-1	1.265433659E-2
8.200000000E0	3.218889496E-1	1.315350329E-2
8.210000000E0	3.182578594E-1	1.367675661E-2
8.220000000E0	3.149134529E-1	1.417875301E-2
8.230000000E0	3.116226660E-1	1.480410004E-2
8.240000000E0	3.085404794E-1	1.528030370E-2
8.250000000E0	3.053014758E-1	1.591403242E-2
8.260000000E0	3.022111835E-1	1.632111812E-2
8.270000000E0	2.990720077E-1	1.699241419E-2
8.280000000E0	2.964607610E-1	1.730191647E-2
8.290000000E0	2.935579829E-1	1.805323808E-2
8.300000000E0	2.910497137E-1	1.831373199E-2
8.310000000E0	2.886062444E-1	1.896802211E-2
8.320000000E0	2.863968465E-1	1.933590061E-2
8.330000000E0	2.841418293E-1	1.979043938E-2
8.340000000E0	2.820877752E-1	2.027182910E-2
8.350000000E0	2.800676886E-1	2.059320834E-2
8.360000000E0	2.779761437E-1	2.112715609E-2
8.370000000E0	2.761372432E-1	2.154399715E-2
8.380000000E0	2.745258986E-1	2.177701753E-2
8.390000000E0	2.728211252E-1	2.226483623E-2
8.400000000E0	2.713141521E-1	2.256363130E-2
8.410000000E0	2.700905396E-1	2.268375891E-2
8.420000000E0	2.689333194E-1	2.289720377E-2
8.430000000E0	2.677781221E-1	2.317486473E-2
8.440000000E0	2.668302457E-1	2.351348904E-2
8.450000000E0	2.658609755E-1	2.369127052E-2
8.460000000E0	2.649456189E-1	2.375398000E-2
8.470000000E0	2.644496926E-1	2.379854672E-2
8.480000000E0	2.637430937E-1	2.379992034E-2
8.490000000E0	2.635123426E-1	2.380224677E-2
8.500000000E0	2.631710432E-1	2.380221684E-2
8.510000000E0	2.630288003E-1	2.382027139E-2
8.520000000E0	2.627372315E-1	2.376087362E-2
8.530000000E0	2.626819555E-1	2.372240312E-2
8.540000000E0	2.627875341E-1	2.370514851E-2
8.550000000E0	2.631960955E-1	2.368177492E-2
8.560000000E0	2.636392326E-1	2.366556787E-2
8.570000000E0	2.641961430E-1	2.355423611E-2
8.580000000E0	2.648053184E-1	2.354548325E-2
8.590000000E0	2.657037309E-1	2.348525492E-2
8.600000000E0	2.666418548E-1	2.338393103E-2
8.610000000E0	2.677545688E-1	2.303398227E-2
8.620000000E0	2.689908885E-1	2.265592999E-2
8.630000000E0	2.702059875E-1	2.258924140E-2
8.640000000E0	2.713993617E-1	2.248153907E-2
8.650000000E0	2.729074924E-1	2.216586044E-2
8.660000000E0	2.745526638E-1	2.172070124E-2
8.670000000E0	2.761097051E-1	2.151822240E-2
8.680000000E0	2.779186424E-1	2.131872286E-2
8.690000000E0	2.800166523E-1	2.060167606E-2
8.700000000E0	2.821633509E-1	2.033293478E-2
8.710000000E0	2.842879376E-1	1.985324936E-2
8.720000000E0	2.866123145E-1	1.942379228E-2
8.730000000E0	2.888950931E-1	1.911948928E-2
8.740000000E0	2.913370704E-1	1.846466634E-2
8.750000000E0	2.939047397E-1	1.802384904E-2
8.760000000E0	2.966166761E-1	1.732056653E-2
8.770000000E0	2.994016790E-1	1.697108801E-2
8.780000000E0	3.023160772E-1	1.630904402E-2
8.790000000E0	3.053651978E-1	1.587044579E-2
8.800000000E0	3.085685782E-1	1.506782785E-2
8.810000000E0	3.118486948E-1	1.469900891E-2
8.820000000E0	3.152291241E-1	1.393454621E-2
8.830000000E0	3.185484600E-1	1.351654779E-2
8.840000000E0	3.219567688E-1	1.276433714E-2
8.850000000E0	3.254036349E-1	1.235370691E-2
8.860000000E0	3.291999027E-1	1.164262468E-2
8.870000000E0	3.329109062E-1	1.119638357E-2
8.880000000E0	3.367798827E-1	1.054170140E-2
8.890000000E0	3.406595921E-1	1.018853927E-2
8.900000000E0	3.448370444E-1	9.469907424E-3
8.910000000E0	3.486283902E-1	9.172225212E-3
8.920000000E0	3.527645396E-1	8.455758388E-3
8.930000000E0	3.569194715E-1	8.060764776E-3
8.940000000E0	3.613334958E-1	7.396376078E-3
8.950000000E0	3.656874038E-1	7.063540547E-3
8.960000000E0	3.700329946E-1	6.396168466E-3
8.970000000E0	3.744899985E-1	6.042362629E-3
8.980000000E0	3.789901420E-1	5.679879817E-3
8.990000000E0	3.834989205E-1	5.183543413E-3
9.000000000E0	3.879364535E-1	4.935108794E-3
9.010000000E0	3.924267724E-1	4.540377098E-3
9.020000000E0	3.969970604E-1	4.097868799E-3
9.030000000E0	4.015542269E-1	3.792973044E-3
9.040000000E0	4.063045635E-1	3.311397061E-3
9.050000000E0	4.109322461E-1	2.880408746E-3
9.060000000E0	4.154041297E-1	2.965932854E-3
9.070000000E0	4.201470813E-1	3.009507503E-3
9.080000000E0	4.250601141E-1	2.967220637E-3
9.090000000E0	4.302744170E-1	2.669188549E-3
9.100000000E0	4.354870688E-1	2.107675686E-3
9.110000000E0	4.402468986E-1	1.313972063E-3
9.120000000E0	4.452567605E-1	1.166060885E-3
9.130000000E0	4.503576092E-1	1.136205608E-3
9.140000000E0	4.553288689E-1	7.612811784E-4
9.150000000E0	4.604248783E-1	6.131367901E-4
9.160000000E0	4.653718418E-1	5.766751102E-4
9.170000000E0	4.703632434E-1	4.848679924E-4
9.180000000E0	4.752223690E-1	4.523662663E-4
9.190000000E0	4.802886024E-1	4.855352227E-4
9.200000000E0	4.852417926E-1	4.945698492E-4
9.210000000E0	4.901742632E-1	5.000868967E-4
9.220000000E0	4.950981371E-1	5.420023172E-4
9.230000000E0	5.001195779E-1	5.414946476E-4
9.240000000E0	5.052202093E-1	5.388063644E-4
9.250000000E0	5.100775747E-1	5.723294717E-4
9.260000000E0	5.152587936E-1	5.606061992E-4
9.270000000E0	5.201105447E-1	6.354791733E-4
9.280000000E0	5.252984603E-1	6.463244478E-4
9.290000000E0	5.301755838E-1	6.738423602E-4
9.300000000E0	5.352465961E-1	6.354309177E-4
9.310000000E0	5.400442520E-1	7.225491411E-4
9.320000000E0	5.451122654E-1	6.474736229E-4
9.330000000E0	5.498465529E-1	6.748982715E-4
9.340000000E0	5.549760939E-1	6.435453894E-4
9.350000000E0	5.597108663E-1	6.906014389E-4
9.360000000E0	5.647116396E-1	6.958464588E-4
9.370000000E0	5.694923287E-1	7.902060809E-4
9.380000000E0	5.744182448E-1	7.735950129E-4
9.390000000E0	5.793547046E-1	7.742266280E-4
9.400000000E0	5.840859524E-1	7.450671938E-4
9.410000000E0	5.888411398E-1	7.484819301E-4
9.420000000E0	5.936267043E-1	7.696079843E-4
9.430000000E0	5.982563575E-1	9.432471942E-4
9.440000000E0	6.027504478E-1	9.710113042E-4
9.450000000E0	6.070819855E-1	1.302838338E-3
9.460000000E0	6.116118227E-1	1.789075981E-3
9.470000000E0	6.163200900E-1	1.806104758E-3
9.480000000E0	6.213364905E-1	1.942743541E-3
9.490000000E0	6.260914857E-1	1.843286279E-3
9.500000000E0	6.308696145E-1	1.691249871E-3
9.510000000E0	6.354933259E-1	1.859864343E-3
