mass_A
t	x	y
0.000000000E0	-2.667433120E-4	1.350556763E-1
1.000000000E-2	1.899978375E-4	1.348486671E-1
2.000000000E-2	8.698757006E-4	1.341119180E-1
3.000000000E-2	2.077461072E-3	1.331559036E-1
4.000000000E-2	3.781710534E-3	1.322044177E-1
5.000000000E-2	5.721231421E-3	1.307942620E-1
6.000000000E-2	7.901632482E-3	1.294997139E-1
7.000000000E-2	1.055429983E-2	1.281619194E-1
8.000000000E-2	1.315893894E-2	1.262703192E-1
9.000000000E-2	1.624347751E-2	1.242457399E-1
1.000000000E-1	1.950531208E-2	1.221367439E-1
1.100000000E-1	2.295402893E-2	1.198588263E-1
1.200000000E-1	2.696296652E-2	1.175414309E-1
1.300000000E-1	3.130430651E-2	1.151263863E-1
1.400000000E-1	3.565271233E-2	1.123357425E-1
1.500000000E-1	4.027658124E-2	1.098351390E-1
1.600000000E-1	4.572370951E-2	1.081863134E-1
1.700000000E-1	5.124837119E-2	1.062217249E-1
1.800000000E-1	5.716853981E-2	1.026662419E-1
1.900000000E-1	6.256819999E-2	9.802307143E-2
2.000000000E-1	6.829889678E-2	9.414070969E-2
2.100000000E-1	7.483169633E-2	9.083073026E-2
2.200000000E-1	8.138842423E-2	8.748625507E-2
2.300000000E-1	8.821725842E-2	8.427271404E-2
2.400000000E-1	9.525905051E-2	8.101802534E-2
2.500000000E-1	1.023409343E-1	7.766750624E-2
2.600000000E-1	1.097282317E-1	7.440037326E-2
2.700000000E-1	1.173717545E-1	7.116186665E-2
2.800000000E-1	1.251638023E-1	6.786630337E-2
2.900000000E-1	1.331916363E-1	6.457767727E-2
3.000000000E-1	1.414928436E-1	6.136847201E-2
3.100000000E-1	1.497697433E-1	5.832269866E-2
3.200000000E-1	1.581346330E-1	5.535571972E-2
3.300000000E-1	1.668774226E-1	5.249210022E-2
3.400000000E-1	1.756207887E-1	4.943725826E-2
3.500000000E-1	1.844936056E-1	4.680154535E-2
3.600000000E-1	1.935083075E-1	4.391033551E-2
3.700000000E-1	2.024090920E-1	4.144132632E-2
3.800000000E-1	2.113705414E-1	3.909851046E-2
3.900000000E-1	2.204919876E-1	3.681487631E-2
4.000000000E-1	2.294955438E-1	3.652064358E-2
4.100000000E-1	2.384412497E-1	3.576754243E-2
4.200000000E-1	2.487579257E-1	2.969147763E-2
4.300000000E-1	2.583748741E-1	2.705436713E-2
4.400000000E-1	2.684025554E-1	2.484394868E-2
4.500000000E-1	2.785914294E-1	2.287801873E-2
4.600000000E-1	2.888441116E-1	2.062817860E-2
4.700000000E-1	2.990211705E-1	1.861116226E-2
4.800000000E-1	3.093062440E-1	1.662979755E-2
4.900000000E-1	3.195299954E-1	1.494880852E-2
5.000000000E-1	3.300186119E-1	1.322187682E-2
5.100000000E-1	3.405398602E-1	1.173310481E-2
5.200000000E-1	3.512280351E-1	1.022598938E-2
5.300000000E-1	3.619726055E-1	8.935612207E-3
5.400000000E-1	3.726837493E-1	7.590671872E-3
5.500000000E-1	3.835249666E-1	6.533656685E-3
5.600000000E-1	3.944834621E-1	6.084691958E-3
5.700000000E-1	4.053175691E-1	5.189839810E-3
5.800000000E-1	4.154645636E-1	5.325770402E-3
5.900000000E-1	4.263413754E-1	7.597690874E-3
6.000000000E-1	4.378866513E-1	3.423188468E-3
6.100000000E-1	4.485491777E-1	2.507930576E-3
6.200000000E-1	4.597002302E-1	2.056419179E-3
6.300000000E-1	4.706358635E-1	1.859150433E-3
6.400000000E-1	4.814606246E-1	1.693793009E-3
6.500000000E-1	4.924950232E-1	1.739344257E-3
6.600000000E-1	5.034388178E-1	1.882646608E-3
6.700000000E-1	5.142682313E-1	2.014857573E-3
6.800000000E-1	5.250776766E-1	1.914792777E-3
6.900000000E-1	5.356311939E-1	1.940874035E-3
7.000000000E-1	5.463923215E-1	2.052806721E-3
7.100000000E-1	5.571117150E-1	2.100516389E-3
7.200000000E-1	5.677943390E-1	2.188773700E-3
7.300000000E-1	5.783009747E-1	2.281052961E-3
7.400000000E-1	5.890790231E-1	2.647873559E-3
7.500000000E-1	5.994526102E-1	2.996301947E-3
7.600000000E-1	6.093517574E-1	6.140416026E-3
7.700000000E-1	6.198976850E-1	6.433459644E-3
7.800000000E-1	6.309264619E-1	4.289064357E-3
7.900000000E-1	6.416358884E-1	4.317633030E-3
8.000000000E-1	6.521239097E-1	5.133391581E-3
8.100000000E-1	6.622157371E-1	6.095780660E-3
8.200000000E-1	6.724044391E-1	7.225519251E-3
8.300000000E-1	6.825969388E-1	8.557028399E-3
8.400000000E-1	6.925842933E-1	9.811419720E-3
8.500000000E-1	7.024405516E-1	1.125165810E-2
8.600000000E-1	7.123703022E-1	1.287389652E-2
8.700000000E-1	7.217380723E-1	1.437269014E-2
8.800000000E-1	7.312632870E-1	1.627469073E-2
8.900000000E-1	7.403810871E-1	1.847055012E-2
9.000000000E-1	7.496804902E-1	2.053228088E-2
9.100000000E-1	7.586496831E-1	2.246066197E-2
9.200000000E-1	7.673431564E-1	2.450044857E-2
9.300000000E-1	7.759887677E-1	2.646947350E-2
9.400000000E-1	7.842785027E-1	2.856058120E-2
9.500000000E-1	7.918883627E-1	3.130551522E-2
9.600000000E-1	7.993660391E-1	3.628279057E-2
9.700000000E-1	8.082850200E-1	3.647536562E-2
9.800000000E-1	8.161392004E-1	3.721528230E-2
9.900000000E-1	8.239527255E-1	3.930910929E-2
1.000000000E0	8.316894534E-1	4.157648394E-2
1.010000000E0	8.390302453E-1	4.381862040E-2
1.020000000E0	8.461665423E-1	4.601057887E-2
1.030000000E0	8.532667631E-1	4.816256191E-2
1.040000000E0	8.599636774E-1	5.036855242E-2
1.050000000E0	8.665113232E-1	5.261560286E-2
1.060000000E0	8.729797930E-1	5.483888219E-2
1.070000000E0	8.790337942E-1	5.701811524E-2
1.080000000E0	8.849934140E-1	5.922973833E-2
1.090000000E0	8.906884457E-1	6.140407986E-2
1.100000000E0	8.961964749E-1	6.357853640E-2
1.110000000E0	9.015513273E-1	6.579134897E-2
1.120000000E0	9.063381795E-1	6.788582191E-2
1.130000000E0	9.112757716E-1	6.992271045E-2
1.140000000E0	9.159198147E-1	7.166370290E-2
1.150000000E0	9.203580928E-1	7.345448823E-2
1.160000000E0	9.246530380E-1	7.547663841E-2
1.170000000E0	9.285039238E-1	7.702383725E-2
1.180000000E0	9.323796576E-1	7.889928937E-2
1.190000000E0	9.358404102E-1	8.053449489E-2
1.200000000E0	9.392014494E-1	8.218646801E-2
1.210000000E0	9.423969788E-1	8.357210468E-2
1.220000000E0	9.453311712E-1	8.511426433E-2
1.230000000E0	9.479759871E-1	8.661436814E-2
1.240000000E0	9.503394844E-1	8.778730891E-2
1.250000000E0	9.524726128E-1	8.892517270E-2
1.260000000E0	9.545258055E-1	8.998710760E-2
1.270000000E0	9.564721034E-1	9.099686531E-2
1.280000000E0	9.578545451E-1	9.189350177E-2
1.290000000E0	9.590556296E-1	9.232715756E-2
1.300000000E0	9.600964647E-1	9.310263817E-2
1.310000000E0	9.610604989E-1	9.337265604E-2
1.320000000E0	9.615718519E-1	9.387901670E-2
1.330000000E0	9.620732394E-1	9.424387088E-2
1.340000000E0	9.622181291E-1	9.435464797E-2
1.350000000E0	9.622133245E-1	9.435618351E-2
1.360000000E0	9.621088708E-1	9.428713548E-2
1.370000000E0	9.613867762E-1	9.416134002E-2
1.380000000E0	9.609186740E-1	9.352956442E-2
1.390000000E0	9.599362334E-1	9.316027854E-2
1.400000000E0	9.588220342E-1	9.229631812E-2
1.410000000E0	9.574101249E-1	9.152190208E-2
1.420000000E0	9.556445616E-1	9.071602537E-2
1.430000000E0	9.536056085E-1	8.983526955E-2
1.440000000E0	9.514317663E-1	8.876000963E-2
1.450000000E0	9.490605873E-1	8.767387088E-2
1.460000000E0	9.466122620E-1	8.650592286E-2
1.470000000E0	9.437110852E-1	8.494646969E-2
1.480000000E0	9.405832969E-1	8.336185100E-2
1.490000000E0	9.371491427E-1	8.179760110E-2
1.500000000E0	9.336951959E-1	8.010011207E-2
1.510000000E0	9.301462052E-1	7.815627288E-2
1.520000000E0	9.260843077E-1	7.653843538E-2
1.530000000E0	9.220139183E-1	7.460972724E-2
1.540000000E0	9.175478444E-1	7.258249287E-2
1.550000000E0	9.129170407E-1	7.073093879E-2
1.560000000E0	9.082833090E-1	6.895701292E-2
1.570000000E0	9.035247946E-1	6.690031359E-2
1.580000000E0	8.984205928E-1	6.479073443E-2
1.590000000E0	8.930091416E-1	6.272915608E-2
1.600000000E0	8.874825555E-1	6.055148935E-2
1.610000000E0	8.818933918E-1	5.855425027E-2
1.620000000E0	8.762183018E-1	5.624686915E-2
1.630000000E0	8.700874994E-1	5.397441902E-2
1.640000000E0	8.640093994E-1	5.189213101E-2
1.650000000E0	8.577194965E-1	4.951920753E-2
1.660000000E0	8.511867684E-1	4.734240607E-2
1.670000000E0	8.445906229E-1	4.510922996E-2
1.680000000E0	8.378442431E-1	4.309258005E-2
1.690000000E0	8.310348404E-1	4.119191690E-2
1.700000000E0	8.236123733E-1	3.886115923E-2
1.710000000E0	8.162108359E-1	3.681823913E-2
1.720000000E0	8.090928220E-1	3.520114546E-2
1.730000000E0	8.014492830E-1	3.408495109E-2
1.740000000E0	7.935740359E-1	3.194046458E-2
1.750000000E0	7.862729304E-1	2.858973200E-2
1.760000000E0	7.784904768E-1	2.634744706E-2
1.770000000E0	7.706753405E-1	2.430384652E-2
1.780000000E0	7.623781104E-1	2.206170322E-2
1.790000000E0	7.543249874E-1	2.033621942E-2
1.800000000E0	7.458571354E-1	1.839771213E-2
1.810000000E0	7.372386091E-1	1.645496124E-2
1.820000000E0	7.287616431E-1	1.495122912E-2
1.830000000E0	7.200612545E-1	1.376104911E-2
1.840000000E0	7.112314188E-1	1.187634664E-2
1.850000000E0	7.024318187E-1	1.022125689E-2
1.860000000E0	6.933125002E-1	8.823819790E-3
1.870000000E0	6.843454034E-1	7.447325916E-3
1.880000000E0	6.751642102E-1	6.347945760E-3
1.890000000E0	6.661770928E-1	5.277613390E-3
1.900000000E0	6.571087787E-1	4.318945020E-3
1.910000000E0	6.477680791E-1	3.460181514E-3
1.920000000E0	6.385480130E-1	2.800865125E-3
1.930000000E0	6.291032875E-1	2.275159019E-3
1.940000000E0	6.200481054E-1	3.004286196E-3
1.950000000E0	6.101281866E-1	3.029555236E-3
1.960000000E0	6.012473449E-1	2.434119443E-3
1.970000000E0	5.922334518E-1	1.982911351E-3
1.980000000E0	5.828896381E-1	9.498687521E-4
1.990000000E0	5.737160706E-1	8.764635585E-4
2.000000000E0	5.646822594E-1	7.408836429E-4
2.010000000E0	5.554848484E-1	5.610121304E-4
2.020000000E0	5.463538126E-1	5.228094795E-4
2.030000000E0	5.372891032E-1	5.435368139E-4
2.040000000E0	5.281135877E-1	4.279102155E-4
2.050000000E0	5.188429629E-1	5.286021768E-4
2.060000000E0	5.098485376E-1	6.535309665E-4
2.070000000E0	5.006433734E-1	6.887636495E-4
2.080000000E0	4.914342776E-1	8.611687378E-4
2.090000000E0	4.824456982E-1	9.952214557E-4
2.100000000E0	4.734161202E-1	9.297075861E-4
2.110000000E0	4.644946344E-1	1.052036964E-3
2.120000000E0	4.554559540E-1	1.276743245E-3
2.130000000E0	4.463874360E-1	1.661440781E-3
2.140000000E0	4.376086611E-1	2.166066676E-3
2.150000000E0	4.289402353E-1	3.808038335E-3
2.160000000E0	4.197405085E-1	4.313109477E-3
2.170000000E0	4.112601081E-1	3.815230004E-3
2.180000000E0	4.026869632E-1	4.197657359E-3
2.190000000E0	3.941436721E-1	5.000723188E-3
2.200000000E0	3.857455362E-1	5.812067839E-3
2.210000000E0	3.772650253E-1	6.635388352E-3
2.220000000E0	3.688563981E-1	7.702420900E-3
2.230000000E0	3.606375341E-1	8.453811678E-3
2.240000000E0	3.525998814E-1	9.471511128E-3
2.250000000E0	3.443966308E-1	1.060828830E-2
2.260000000E0	3.363561803E-1	1.179314290E-2
2.270000000E0	3.285529940E-1	1.292182680E-2
2.280000000E0	3.207983831E-1	1.408423564E-2
2.290000000E0	3.131794280E-1	1.522659744E-2
2.300000000E0	3.055674901E-1	1.642546058E-2
2.310000000E0	2.981147529E-1	1.769912996E-2
2.320000000E0	2.907983943E-1	1.923755334E-2
2.330000000E0	2.836158347E-1	2.065546902E-2
2.340000000E0	2.766516412E-1	2.197139353E-2
2.350000000E0	2.696139385E-1	2.354089931E-2
2.360000000E0	2.626814401E-1	2.508828835E-2
2.370000000E0	2.559993472E-1	2.694446222E-2
2.380000000E0	2.494939694E-1	2.830770073E-2
2.390000000E0	2.435377853E-1	3.024814049E-2
2.400000000E0	2.373272810E-1	3.227319033E-2
2.410000000E0	2.310770686E-1	3.398955699E-2
2.420000000E0	2.250436461E-1	3.478213134E-2
2.430000000E0	2.195909804E-1	3.593521342E-2
2.440000000E0	2.140569169E-1	3.736932071E-2
2.450000000E0	2.086741705E-1	3.898239384E-2
2.460000000E0	2.032716753E-1	4.042382729E-2
2.470000000E0	1.980823699E-1	4.173786471E-2
2.480000000E0	1.932592689E-1	4.337410895E-2
2.490000000E0	1.885600189E-1	4.484418200E-2
2.500000000E0	1.839841378E-1	4.611995240E-2
2.510000000E0	1.797228836E-1	4.751785467E-2
2.520000000E0	1.756195758E-1	4.900279721E-2
2.530000000E0	1.714342902E-1	5.031962805E-2
2.540000000E0	1.676664095E-1	5.156527602E-2
2.550000000E0	1.638098985E-1	5.269958896E-2
2.560000000E0	1.602970032E-1	5.389155802E-2
2.570000000E0	1.569609888E-1	5.500359963E-2
2.580000000E0	1.537354522E-1	5.604308461E-2
2.590000000E0	1.507054371E-1	5.709894122E-2
2.600000000E0	1.480899504E-1	5.810277700E-2
2.610000000E0	1.455058650E-1	5.913781633E-2
2.620000000E0	1.430566437E-1	6.006758338E-2
2.630000000E0	1.408303204E-1	6.101630288E-2
2.640000000E0	1.385780448E-1	6.154274948E-2
2.650000000E0	1.370096464E-1	6.242185035E-2
2.660000000E0	1.350963691E-1	6.285456611E-2
2.670000000E0	1.338593924E-1	6.351361062E-2
2.680000000E0	1.325328618E-1	6.386003773E-2
2.690000000E0	1.316371352E-1	6.443375828E-2
2.700000000E0	1.305962630E-1	6.465940938E-2
2.710000000E0	1.296561212E-1	6.477537062E-2
2.720000000E0	1.292687620E-1	6.512547362E-2
2.730000000E0	1.288063209E-1	6.489673918E-2
2.740000000E0	1.285104103E-1	6.484994305E-2
2.750000000E0	1.285283312E-1	6.476372925E-2
2.760000000E0	1.287700713E-1	6.463036074E-2
2.770000000E0	1.293823626E-1	6.463862573E-2
2.780000000E0	1.299776437E-1	6.434942600E-2
2.790000000E0	1.306091538E-1	6.409767989E-2
2.800000000E0	1.317516414E-1	6.352740502E-2
2.810000000E0	1.328920355E-1	6.299167283E-2
2.820000000E0	1.344822466E-1	6.245384576E-2
2.830000000E0	1.361306452E-1	6.160976437E-2
2.840000000E0	1.382080866E-1	6.115021936E-2
2.850000000E0	1.403005229E-1	6.027734226E-2
2.860000000E0	1.425264200E-1	5.936310258E-2
2.870000000E0	1.448730504E-1	5.840533397E-2
2.880000000E0	1.472975723E-1	5.721163033E-2
2.890000000E0	1.501542565E-1	5.635232580E-2
2.900000000E0	1.529127432E-1	5.496096307E-2
2.910000000E0	1.559576720E-1	5.374790171E-2
2.920000000E0	1.592516303E-1	5.259158817E-2
2.930000000E0	1.626153208E-1	5.144086505E-2
2.940000000E0	1.661497759E-1	5.020281751E-2
2.950000000E0	1.700692260E-1	4.907911833E-2
2.960000000E0	1.737164750E-1	4.753003453E-2
2.970000000E0	1.778627328E-1	4.607574639E-2
2.980000000E0	1.822380538E-1	4.483265600E-2
2.990000000E0	1.866442458E-1	4.356062175E-2
3.000000000E0	1.911259015E-1	4.208345286E-2
3.010000000E0	1.956574606E-1	4.047355012E-2
3.020000000E0	2.005925961E-1	3.922053309E-2
3.030000000E0	2.055257918E-1	3.768853413E-2
3.040000000E0	2.108204694E-1	3.610845566E-2
3.050000000E0	2.162345329E-1	3.482053034E-2
3.060000000E0	2.216053917E-1	3.338718987E-2
3.070000000E0	2.269395713E-1	3.255264186E-2
3.080000000E0	2.329347908E-1	3.170276304E-2
3.090000000E0	2.390835368E-1	3.025480608E-2
3.100000000E0	2.452308840E-1	2.827541935E-2
3.110000000E0	2.511310668E-1	2.632614021E-2
3.120000000E0	2.574663644E-1	2.471267208E-2
3.130000000E0	2.638436128E-1	2.349924570E-2
3.140000000E0	2.704067139E-1	2.203806138E-2
3.150000000E0	2.770389388E-1	2.058988063E-2
3.160000000E0	2.836806096E-1	1.928112934E-2
3.170000000E0	2.903064758E-1	1.793899743E-2
3.180000000E0	2.970199128E-1	1.657099181E-2
3.190000000E0	3.041469607E-1	1.525548414E-2
3.200000000E0	3.111325345E-1	1.403782914E-2
3.210000000E0	3.184127188E-1	1.290750918E-2
3.220000000E0	3.255010857E-1	1.179594096E-2
3.230000000E0	3.329360464E-1	1.069442294E-2
3.240000000E0	3.404874879E-1	9.608840880E-3
3.250000000E0	3.478118159E-1	8.522680348E-3
3.260000000E0	3.552325828E-1	7.481477865E-3
3.270000000E0	3.628573539E-1	6.494680524E-3
3.280000000E0	3.705367023E-1	5.640180064E-3
3.290000000E0	3.783507039E-1	4.946941052E-3
3.300000000E0	3.860181943E-1	4.288361992E-3
3.310000000E0	3.937630451E-1	3.365684974E-3
3.320000000E0	4.014957252E-1	2.814938311E-3
3.330000000E0	4.090954302E-1	2.234541980E-3
3.340000000E0	4.165833964E-1	2.285023078E-3
3.350000000E0	4.248073640E-1	3.595543759E-3
3.360000000E0	4.328440398E-1	1.566981404E-3
3.370000000E0	4.406873707E-1	6.973005279E-4
3.380000000E0	4.486453996E-1	5.136590776E-4
3.390000000E0	4.569936699E-1	4.395351462E-4
3.400000000E0	4.649771338E-1	2.865293383E-4
3.410000000E0	4.728158341E-1	-9.878012887E-5
3.420000000E0	4.806686085E-1	-2.863570343E-4
3.430000000E0	4.888216020E-1	-3.045652026E-4
3.440000000E0	4.968912304E-1	-2.938638447E-4
3.450000000E0	5.046584709E-1	-2.783017718E-4
3.460000000E0	5.125614980E-1	-3.888316681E-4
3.470000000E0	5.202797629E-1	-3.211464962E-4
3.480000000E0	5.281312997E-1	-3.230784267E-4
3.490000000E0	5.358989962E-1	-2.884692802E-4
3.500000000E0	5.435701545E-1	-2.346863643E-4
3.510000000E0	5.511709597E-1	-1.826646086E-4
3.520000000E0	5.590020646E-1	-1.423622218E-4
3.530000000E0	5.666139782E-1	-1.392930491E-4
3.540000000E0	5.742115323E-1	-6.706647581E-5
3.550000000E0	5.818506881E-1	2.857494918E-5
3.560000000E0	5.895891502E-1	3.350155584E-5
3.570000000E0	5.971567608E-1	2.362017121E-4
3.580000000E0	6.045354338E-1	7.510828348E-4
3.590000000E0	6.122829188E-1	2.232859316E-3
3.600000000E0	6.200948714E-1	2.667622694E-3
3.610000000E0	6.276241693E-1	2.024585200E-3
3.620000000E0	6.353176572E-1	1.716780384E-3
3.630000000E0	6.428407275E-1	2.274140221E-3
3.640000000E0	6.505263446E-1	2.643750368E-3
3.650000000E0	6.576524984E-1	3.149933858E-3
3.660000000E0	6.650431722E-1	4.035216135E-3
3.670000000E0	6.720431236E-1	4.733782780E-3
3.680000000E0	6.792670066E-1	5.839516268E-3
3.690000000E0	6.861436549E-1	6.622177839E-3
3.700000000E0	6.929522324E-1	7.508354129E-3
3.710000000E0	6.997760780E-1	8.561101232E-3
3.720000000E0	7.065123234E-1	9.776885932E-3
3.730000000E0	7.134056823E-1	1.082173578E-2
3.740000000E0	7.199646086E-1	1.197460772E-2
3.750000000E0	7.263183171E-1	1.317992479E-2
3.760000000E0	7.325070010E-1	1.428584607E-2
3.770000000E0	7.387033724E-1	1.549058041E-2
3.780000000E0	7.445702372E-1	1.664531725E-2
3.790000000E0	7.502828211E-1	1.766995516E-2
3.800000000E0	7.562323469E-1	1.926865885E-2
3.810000000E0	7.618185257E-1	2.060128821E-2
3.820000000E0	7.673156122E-1	2.179512938E-2
3.830000000E0	7.724581623E-1	2.289643454E-2
3.840000000E0	7.774512934E-1	2.411132062E-2
3.850000000E0	7.824550875E-1	2.548031608E-2
3.860000000E0	7.872373090E-1	2.687186529E-2
3.870000000E0	7.915515632E-1	2.841729148E-2
3.880000000E0	7.960268836E-1	2.977906561E-2
3.890000000E0	8.007563228E-1	3.117624953E-2
3.900000000E0	8.050769128E-1	3.241191712E-2
3.910000000E0	8.092156116E-1	3.316643147E-2
3.920000000E0	8.133050280E-1	3.389460663E-2
3.930000000E0	8.172294043E-1	3.490352933E-2
3.940000000E0	8.211392856E-1	3.606790925E-2
3.950000000E0	8.247122390E-1	3.717289704E-2
3.960000000E0	8.281565411E-1	3.820075090E-2
3.970000000E0	8.315133432E-1	3.922130077E-2
3.980000000E0	8.346281784E-1	4.027969074E-2
3.990000000E0	8.377166837E-1	4.126379327E-2
4.000000000E0	8.402770138E-1	4.201270706E-2
4.010000000E0	8.430776374E-1	4.275371137E-2
4.020000000E0	8.455763020E-1	4.367381982E-2
4.030000000E0	8.478386883E-1	4.438707228E-2
4.040000000E0	8.499363744E-1	4.505657597E-2
4.050000000E0	8.520392724E-1	4.584986951E-2
4.060000000E0	8.536083659E-1	4.621896421E-2
4.070000000E0	8.553749293E-1	4.689175660E-2
4.080000000E0	8.566969966E-1	4.718795039E-2
4.090000000E0	8.581040105E-1	4.765841206E-2
4.100000000E0	8.591131620E-1	4.811986113E-2
4.110000000E0	8.600795321E-1	4.830318581E-2
4.120000000E0	8.610030243E-1	4.869271003E-2
4.130000000E0	8.618403911E-1	4.899799274E-2
4.140000000E0	8.622086998E-1	4.919904343E-2
4.150000000E0	8.625531904E-1	4.924162507E-2
4.160000000E0	8.626321362E-1	4.929751573E-2
4.170000000E0	8.624181651E-1	4.929310890E-2
4.180000000E0	8.621970829E-1	4.926744152E-2
4.190000000E0	8.620836805E-1	4.924809737E-2
4.200000000E0	8.617401675E-1	4.913088182E-2
4.210000000E0	8.610893635E-1	4.898833112E-2
4.220000000E0	8.602256448E-1	4.861070080E-2
4.230000000E0	8.593911200E-1	4.824571226E-2
4.240000000E0	8.584591138E-1	4.801736104E-2
4.250000000E0	8.572011875E-1	4.742242948E-2
4.260000000E0	8.556619024E-1	4.698132489E-2
4.270000000E0	8.541655016E-1	4.642804656E-2
4.280000000E0	8.522873548E-1	4.583872031E-2
4.290000000E0	8.502643389E-1	4.505343567E-2
4.300000000E0	8.482428256E-1	4.444505236E-2
4.310000000E0	8.458110768E-1	4.373601751E-2
4.320000000E0	8.434243367E-1	4.289237378E-2
4.330000000E0	8.410550904E-1	4.228672821E-2
4.340000000E0	8.380975656E-1	4.147368155E-2
4.350000000E0	8.354105764E-1	4.054189947E-2
4.360000000E0	8.323908745E-1	3.951925217E-2
4.370000000E0	8.291213268E-1	3.855521190E-2
4.380000000E0	8.257720695E-1	3.762084683E-2
4.390000000E0	8.223643506E-1	3.648813304E-2
4.400000000E0	8.188187757E-1	3.523907061E-2
4.410000000E0	8.150353344E-1	3.408357183E-2
4.420000000E0	8.112477035E-1	3.302955990E-2
4.430000000E0	8.072852144E-1	3.219012146E-2
4.440000000E0	8.033443298E-1	3.173108394E-2
4.450000000E0	7.991033393E-1	3.103232667E-2
4.460000000E0	7.946572517E-1	2.942934462E-2
4.470000000E0	7.900738085E-1	2.772557822E-2
4.480000000E0	7.859083621E-1	2.604531746E-2
4.490000000E0	7.813491906E-1	2.485848433E-2
4.500000000E0	7.765046459E-1	2.359784554E-2
4.510000000E0	7.717067198E-1	2.249555220E-2
4.520000000E0	7.664974738E-1	2.133182823E-2
4.530000000E0	7.611906457E-1	2.019798595E-2
4.540000000E0	7.555978325E-1	1.889244717E-2
4.550000000E0	7.500392636E-1	1.749828566E-2
4.560000000E0	7.445372284E-1	1.626081837E-2
4.570000000E0	7.388521996E-1	1.513648688E-2
4.580000000E0	7.331780232E-1	1.400148793E-2
4.590000000E0	7.270405990E-1	1.280695146E-2
4.600000000E0	7.211478707E-1	1.182682823E-2
4.610000000E0	7.148369225E-1	1.065157255E-2
4.620000000E0	7.085468037E-1	9.511571847E-3
4.630000000E0	7.022819702E-1	8.510604823E-3
4.640000000E0	6.959588041E-1	7.460115558E-3
4.650000000E0	6.894082711E-1	6.422028620E-3
4.660000000E0	6.828510452E-1	5.359405448E-3
4.670000000E0	6.762231869E-1	4.440013169E-3
4.680000000E0	6.696944599E-1	3.816571276E-3
4.690000000E0	6.630198055E-1	3.045044573E-3
4.700000000E0	6.563647125E-1	2.252342014E-3
4.710000000E0	6.497068614E-1	1.868716262E-3
4.720000000E0	6.428256878E-1	1.239442570E-3
4.730000000E0	6.358536852E-1	6.484268785E-4
4.740000000E0	6.288442412E-1	2.553327123E-4
4.750000000E0	6.223873780E-1	5.819706375E-4
4.760000000E0	6.152821395E-1	1.235587586E-3
4.770000000E0	6.080951695E-1	6.185186160E-4
4.780000000E0	6.013921445E-1	1.338893907E-4
4.790000000E0	5.946971456E-1	-4.208793569E-4
4.800000000E0	5.879162670E-1	-4.259366483E-4
4.810000000E0	5.811577245E-1	-5.849211102E-4
4.820000000E0	5.742224329E-1	-1.027417364E-3
4.830000000E0	5.673547107E-1	-1.243441922E-3
4.840000000E0	5.606871974E-1	-1.324083959E-3
4.850000000E0	5.539531981E-1	-1.379347404E-3
4.860000000E0	5.472787373E-1	-1.381882628E-3
4.870000000E0	5.406093312E-1	-1.418396642E-3
4.880000000E0	5.338728405E-1	-1.462244120E-3
4.890000000E0	5.270876037E-1	-1.520699479E-3
4.900000000E0	5.201432534E-1	-1.485911435E-3
4.910000000E0	5.133937979E-1	-1.472387493E-3
4.920000000E0	5.066793373E-1	-1.492509914E-3
4.930000000E0	4.999823468E-1	-1.421657327E-3
4.940000000E0	4.931587308E-1	-1.356254774E-3
4.950000000E0	4.863445213E-1	-1.296382084E-3
4.960000000E0	4.794687857E-1	-1.327083193E-3
4.970000000E0	4.727768368E-1	-1.299509372E-3
4.980000000E0	4.661270455E-1	-1.237334587E-3
4.990000000E0	4.595021779E-1	-1.142943936E-3
5.000000000E0	4.528234300E-1	-8.585216261E-4
5.010000000E0	4.462993350E-1	-7.003444173E-4
5.020000000E0	4.397354037E-1	-3.082261983E-4
5.030000000E0	4.336887771E-1	4.956987138E-4
5.040000000E0	4.275331053E-1	1.588642075E-3
5.050000000E0	4.208655630E-1	2.046002436E-3
5.060000000E0	4.143770503E-1	1.693161756E-3
5.070000000E0	4.082763880E-1	1.631398221E-3
5.080000000E0	4.020642641E-1	2.119558346E-3
5.090000000E0	3.958441361E-1	2.676374967E-3
5.100000000E0	3.896235241E-1	3.138077831E-3
5.110000000E0	3.836360445E-1	3.882918023E-3
5.120000000E0	3.776688268E-1	4.389518169E-3
5.130000000E0	3.716663870E-1	5.151465958E-3
5.140000000E0	3.658637652E-1	5.561388896E-3
5.150000000E0	3.601970944E-1	6.254734145E-3
5.160000000E0	3.543250830E-1	6.826509725E-3
5.170000000E0	3.486079234E-1	7.478965042E-3
5.180000000E0	3.430403404E-1	8.395697315E-3
5.190000000E0	3.375513263E-1	9.091107314E-3
5.200000000E0	3.322266484E-1	9.701970177E-3
5.210000000E0	3.269646432E-1	1.062022722E-2
5.220000000E0	3.218780804E-1	1.156660175E-2
5.230000000E0	3.166407574E-1	1.215284617E-2
5.240000000E0	3.119156093E-1	1.300392396E-2
5.250000000E0	3.070340444E-1	1.393261089E-2
5.260000000E0	3.022808010E-1	1.481238698E-2
5.270000000E0	2.977201250E-1	1.560022772E-2
5.280000000E0	2.933189974E-1	1.633602983E-2
5.290000000E0	2.890201820E-1	1.727931433E-2
5.300000000E0	2.847926172E-1	1.802352395E-2
5.310000000E0	2.804459088E-1	1.870986295E-2
5.320000000E0	2.764964971E-1	1.961919005E-2
5.330000000E0	2.725476277E-1	2.050037416E-2
5.340000000E0	2.687944981E-1	2.135883621E-2
5.350000000E0	2.648750380E-1	2.193996746E-2
5.360000000E0	2.614487152E-1	2.282079923E-2
5.370000000E0	2.580695751E-1	2.370392516E-2
5.380000000E0	2.546890000E-1	2.429093855E-2
5.390000000E0	2.515352770E-1	2.503125974E-2
5.400000000E0	2.485770914E-1	2.579322371E-2
5.410000000E0	2.458939088E-1	2.675121459E-2
5.420000000E0	2.431877520E-1	2.757705176E-2
5.430000000E0	2.405984023E-1	2.834629342E-2
5.440000000E0	2.382121632E-1	2.898456337E-2
5.450000000E0	2.358088475E-1	2.980339895E-2
5.460000000E0	2.336817068E-1	3.019482969E-2
5.470000000E0	2.316419181E-1	3.076064894E-2
5.480000000E0	2.295711487E-1	3.110407473E-2
5.490000000E0	2.277160245E-1	3.123792587E-2
5.500000000E0	2.259584049E-1	3.165326841E-2
5.510000000E0	2.244218879E-1	3.179033121E-2
5.520000000E0	2.229373609E-1	3.198683566E-2
5.530000000E0	2.217155446E-1	3.219929242E-2
5.540000000E0	2.207698647E-1	3.236555365E-2
5.550000000E0	2.197457166E-1	3.268286670E-2
5.560000000E0	2.188532296E-1	3.278689541E-2
5.570000000E0	2.182615944E-1	3.293581423E-2
5.580000000E0	2.176631258E-1	3.297624024E-2
5.590000000E0	2.173886151E-1	3.300295724E-2
5.600000000E0	2.171588847E-1	3.305247986E-2
5.610000000E0	2.170689355E-1	3.296647269E-2
5.620000000E0	2.172944089E-1	3.289103224E-2
5.630000000E0	2.174600059E-1	3.282754961E-2
5.640000000E0	2.175914589E-1	3.277360827E-2
5.650000000E0	2.179835626E-1	3.268795368E-2
5.660000000E0	2.185712054E-1	3.264592329E-2
5.670000000E0	2.192579446E-1	3.254041898E-2
5.680000000E0	2.201063581E-1	3.224173892E-2
5.690000000E0	2.209161575E-1	3.198547249E-2
5.700000000E0	2.220067666E-1	3.168717530E-2
5.710000000E0	2.232213232E-1	3.150838523E-2
5.720000000E0	2.246265738E-1	3.130302647E-2
5.730000000E0	2.261224382E-1	3.122661291E-2
5.740000000E0	2.276531665E-1	3.090828116E-2
5.750000000E0	2.295702331E-1	3.051442217E-2
5.760000000E0	2.316498784E-1	3.023139833E-2
5.770000000E0	2.337893376E-1	2.983054181E-2
5.780000000E0	2.361124796E-1	2.925124273E-2
5.790000000E0	2.385584397E-1	2.862700904E-2
5.800000000E0	2.412735839E-1	2.804032575E-2
5.810000000E0	2.440289850E-1	2.728032785E-2
5.820000000E0	2.467481807E-1	2.648495324E-2
5.830000000E0	2.496025466E-1	2.534463248E-2
5.840000000E0	2.525621031E-1	2.449895318E-2
5.850000000E0	2.559619607E-1	2.371818900E-2
5.860000000E0	2.593019664E-1	2.289609613E-2
5.870000000E0	2.626967476E-1	2.203879644E-2
5.880000000E0	2.662737127E-1	2.121648109E-2
5.890000000E0	2.700302800E-1	2.070353018E-2
5.900000000E0	2.737094371E-1	1.969019946E-2
5.910000000E0	2.778193338E-1	1.906360404E-2
5.920000000E0	2.816487025E-1	1.830485744E-2
5.930000000E0	2.857197531E-1	1.744201628E-2
5.940000000E0	2.899069804E-1	1.663254080E-2
5.950000000E0	2.943198025E-1	1.589603944E-2
5.960000000E0	2.987932195E-1	1.511363574E-2
5.970000000E0	3.032405663E-1	1.415539967E-2
5.980000000E0	3.077201667E-1	1.341178966E-2
5.990000000E0	3.123023549E-1	1.262218714E-2
6.000000000E0	3.169337884E-1	1.177613281E-2
6.010000000E0	3.218013632E-1	1.096412253E-2
6.020000000E0	3.265981711E-1	1.030289430E-2
6.030000000E0	3.317423148E-1	9.649984842E-3
6.040000000E0	3.365981293E-1	8.719902330E-3
6.050000000E0	3.418801632E-1	8.152835294E-3
6.060000000E0	3.471603531E-1	7.497530069E-3
6.070000000E0	3.525007715E-1	6.782141128E-3
6.080000000E0	3.581323120E-1	6.194338124E-3
6.090000000E0	3.635921653E-1	5.419134652E-3
6.100000000E0	3.692209760E-1	5.054536831E-3
6.110000000E0	3.747937426E-1	4.300061907E-3
6.120000000E0	3.804335846E-1	3.884304211E-3
6.130000000E0	3.859973503E-1	3.228361408E-3
6.140000000E0	3.918685656E-1	2.781191823E-3
6.150000000E0	3.974140547E-1	2.278994107E-3
6.160000000E0	4.033781481E-1	1.889385653E-3
6.170000000E0	4.089589766E-1	1.533617232E-3
6.180000000E0	4.145469194E-1	1.604017354E-3
6.190000000E0	4.202674561E-1	1.848167806E-3
6.200000000E0	4.263770219E-1	1.854707505E-3
6.210000000E0	4.323154202E-1	1.212498116E-3
6.220000000E0	4.379457553E-1	1.099736461E-4
6.230000000E0	4.438252722E-1	-2.775660529E-4
6.240000000E0	4.497830351E-1	-4.053028567E-4
6.250000000E0	4.560449665E-1	-4.117987601E-4
6.260000000E0	4.620064055E-1	-6.294217294E-4
6.270000000E0	4.681115889E-1	-5.890588412E-4
6.280000000E0	4.740733143E-1	-7.273484735E-4
6.290000000E0	4.801429019E-1	-7.003549642E-4
6.300000000E0	4.861016438E-1	-7.471467257E-4
6.310000000E0	4.922818051E-1	-5.750091704E-4
6.320000000E0	4.981782903E-1	-5.555604034E-4
6.330000000E0	5.043444207E-1	-5.001984798E-4
6.340000000E0	5.102696236E-1	-5.636370498E-4
6.350000000E0	5.164617523E-1	-4.189247693E-4
6.360000000E0	5.222857870E-1	-3.769612362E-4
6.370000000E0	5.281536422E-1	-3.885096198E-4
6.380000000E0	5.342311659E-1	-2.882313314E-4
6.390000000E0	5.399379197E-1	-2.827904132E-4
6.400000000E0	5.458296361E-1	-2.936973758E-4
6.410000000E0	5.516755098E-1	-2.071600692E-4
6.420000000E0	5.574184758E-1	-2.178137496E-4
6.430000000E0	5.632006603E-1	-2.043882629E-4
6.440000000E0	5.691202863E-1	-1.366508512E-4
6.450000000E0	5.749620428E-1	-1.443826094E-4
6.460000000E0	5.806465818E-1	-1.574741697E-4
6.470000000E0	5.864477413E-1	-1.165742875E-4
6.480000000E0	5.923047614E-1	1.741627076E-5
6.490000000E0	5.980487034E-1	1.927155900E-5
6.500000000E0	6.036914277E-1	3.829755298E-4
6.510000000E0	6.091758259E-1	1.005011796E-3
6.520000000E0	6.150724081E-1	1.272546128E-3
6.530000000E0	6.209520434E-1	1.290655908E-3
6.540000000E0	6.267678061E-1	8.585312041E-4
6.550000000E0	6.322570542E-1	7.987544770E-4
6.560000000E0	6.377939058E-1	1.024507253E-3
6.570000000E0	6.433907868E-1	1.313295124E-3
6.580000000E0	6.489617575E-1	1.810145173E-3
6.590000000E0	6.542894732E-1	2.141855555E-3
6.600000000E0	6.596744352E-1	2.710612571E-3
6.610000000E0	6.650087536E-1	3.167855164E-3
6.620000000E0	6.702829467E-1	3.858243808E-3
6.630000000E0	6.752389551E-1	4.294244052E-3
6.640000000E0	6.805473506E-1	5.096075230E-3
6.650000000E0	6.853933847E-1	5.511650714E-3
6.660000000E0	6.904634324E-1	6.304284347E-3
6.670000000E0	6.951836760E-1	7.002141229E-3
6.680000000E0	6.999655088E-1	7.739009351E-3
6.690000000E0	7.047999396E-1	8.525562637E-3
6.700000000E0	7.093525577E-1	9.386393928E-3
6.710000000E0	7.137299453E-1	1.000603585E-2
6.720000000E0	7.181504994E-1	1.077873392E-2
6.730000000E0	7.224952072E-1	1.167742021E-2
6.740000000E0	7.267544132E-1	1.250501558E-2
6.750000000E0	7.307578702E-1	1.321729914E-2
6.760000000E0	7.346560795E-1	1.397129331E-2
6.770000000E0	7.385037192E-1	1.490522270E-2
6.780000000E0	7.421234718E-1	1.568700400E-2
6.790000000E0	7.455912677E-1	1.629742026E-2
6.800000000E0	7.489786624E-1	1.716499154E-2
6.810000000E0	7.522316035E-1	1.804406742E-2
6.820000000E0	7.553527243E-1	1.875927183E-2
6.830000000E0	7.585481476E-1	1.953984979E-2
6.840000000E0	7.613686468E-1	2.019231926E-2
6.850000000E0	7.640805758E-1	2.085153800E-2
6.860000000E0	7.665125208E-1	2.165823443E-2
6.870000000E0	7.688929244E-1	2.210643986E-2
6.880000000E0	7.713860149E-1	2.279803112E-2
6.890000000E0	7.737769525E-1	2.343648762E-2
6.900000000E0	7.757451795E-1	2.395470218E-2
6.910000000E0	7.775549135E-1	2.457706083E-2
6.920000000E0	7.795213393E-1	2.513043944E-2
6.930000000E0	7.810118212E-1	2.550083513E-2
6.940000000E0	7.827689493E-1	2.607861502E-2
6.950000000E0	7.840492072E-1	2.626477671E-2
6.960000000E0	7.853385361E-1	2.672389037E-2
6.970000000E0	7.863107772E-1	2.725940338E-2
6.980000000E0	7.872990823E-1	2.755606813E-2
6.990000000E0	7.882614507E-1	2.794826181E-2
7.000000000E0	7.889683916E-1	2.824883840E-2
7.010000000E0	7.896271671E-1	2.829305671E-2
7.020000000E0	7.902595020E-1	2.845779163E-2
7.030000000E0	7.906483309E-1	2.845899347E-2
7.040000000E0	7.909044749E-1	2.843456277E-2
7.050000000E0	7.910961709E-1	2.843696559E-2
7.060000000E0	7.909501748E-1	2.840787697E-2
7.070000000E0	7.908257392E-1	2.838504426E-2
7.080000000E0	7.906798062E-1	2.835107075E-2
7.090000000E0	7.905492254E-1	2.833557940E-2
7.100000000E0	7.903956622E-1	2.830228288E-2
7.110000000E0	7.897925978E-1	2.814952060E-2
7.120000000E0	7.893593571E-1	2.812661169E-2
7.130000000E0	7.885549599E-1	2.782556977E-2
7.140000000E0	7.875646890E-1	2.752704757E-2
7.150000000E0	7.865664452E-1	2.721553518E-2
7.160000000E0	7.853838170E-1	2.696559919E-2
7.170000000E0	7.840066844E-1	2.648882930E-2
7.180000000E0	7.827519410E-1	2.601722122E-2
7.190000000E0	7.809604035E-1	2.548435875E-2
7.200000000E0	7.794186131E-1	2.503517468E-2
7.210000000E0	7.775214408E-1	2.451031128E-2
7.220000000E0	7.754640822E-1	2.402091298E-2
7.230000000E0	7.734912540E-1	2.363708143E-2
7.240000000E0	7.710028750E-1	2.297066653E-2
7.250000000E0	7.686975904E-1	2.258909554E-2
7.260000000E0	7.663477994E-1	2.185646846E-2
7.270000000E0	7.639512189E-1	2.147628441E-2
7.280000000E0	7.610050981E-1	2.065632573E-2
7.290000000E0	7.583504801E-1	2.001543124E-2
7.300000000E0	7.554422380E-1	1.941141025E-2
7.310000000E0	7.522231205E-1	1.847370869E-2
7.320000000E0	7.489731955E-1	1.768234987E-2
7.330000000E0	7.457078469E-1	1.703461912E-2
7.340000000E0	7.422280198E-1	1.626498509E-2
7.350000000E0	7.387798554E-1	1.542397284E-2
7.360000000E0	7.353671590E-1	1.483097892E-2
7.370000000E0	7.313995790E-1	1.400438150E-2
7.380000000E0	7.276580829E-1	1.318263693E-2
7.390000000E0	7.236062143E-1	1.258857537E-2
7.400000000E0	7.194877334E-1	1.178900441E-2
7.410000000E0	7.153899178E-1	1.099684770E-2
7.420000000E0	7.113137039E-1	1.033384847E-2
7.430000000E0	7.069497918E-1	9.617931511E-3
7.440000000E0	7.025301356E-1	8.721368466E-3
7.450000000E0	6.981734673E-1	8.168912029E-3
7.460000000E0	6.936474666E-1	7.418831093E-3
7.470000000E0	6.889194590E-1	6.728536589E-3
7.480000000E0	6.844714754E-1	6.202358923E-3
7.490000000E0	6.796183344E-1	5.321084728E-3
7.500000000E0	6.750390375E-1	4.931870390E-3
7.510000000E0	6.699210369E-1	4.170602631E-3
7.520000000E0	6.651941392E-1	3.943414970E-3
7.530000000E0	6.600226841E-1	3.142746553E-3
7.540000000E0	6.552396637E-1	2.975254390E-3
7.550000000E0	6.499159073E-1	2.270488309E-3
7.560000000E0	6.450545983E-1	1.950938073E-3
7.570000000E0	6.398882806E-1	1.674367042E-3
7.580000000E0	6.344581090E-1	1.279780426E-3
7.590000000E0	6.292692057E-1	8.549493528E-4
7.600000000E0	6.243399544E-1	1.097236592E-3
7.610000000E0	6.191169924E-1	1.256644189E-3
7.620000000E0	6.136677511E-1	1.098840254E-3
7.630000000E0	6.080451025E-1	9.954866653E-4
7.640000000E0	6.029133705E-1	5.219919672E-4
7.650000000E0	5.977341965E-1	2.431167173E-4
7.660000000E0	5.925657713E-1	-1.046827502E-4
7.670000000E0	5.873044705E-1	-2.366866972E-4
7.680000000E0	5.819464066E-1	-3.441008540E-4
7.690000000E0	5.768355047E-1	-3.074256716E-4
7.700000000E0	5.716731094E-1	-3.123019279E-4
7.710000000E0	5.663016815E-1	-3.931902706E-4
7.720000000E0	5.612022005E-1	-4.393102193E-4
7.730000000E0	5.560137850E-1	-3.622585227E-4
7.740000000E0	5.508056472E-1	-3.459736490E-4
7.750000000E0	5.454716335E-1	-3.769059171E-4
7.760000000E0	5.403746548E-1	-3.251902230E-4
7.770000000E0	5.353550118E-1	-3.498322008E-4
7.780000000E0	5.300345100E-1	-3.582587721E-4
7.790000000E0	5.247760869E-1	-4.070057630E-4
7.800000000E0	5.197132753E-1	-3.426729948E-4
7.810000000E0	5.144913725E-1	-3.283062679E-4
7.820000000E0	5.091426330E-1	-3.353553802E-4
7.830000000E0	5.038783551E-1	-3.080291087E-4
7.840000000E0	4.987840864E-1	-2.206173755E-4
7.850000000E0	4.935863960E-1	-2.169947790E-4
7.860000000E0	4.882307069E-1	-2.150906181E-4
7.870000000E0	4.830214509E-1	-2.219648390E-4
7.880000000E0	4.780104149E-1	-1.603855051E-4
7.890000000E0	4.728061531E-1	-1.358975833E-4
7.900000000E0	4.679244838E-1	-1.812102979E-5
7.910000000E0	4.628526119E-1	9.908069959E-6
7.920000000E0	4.577473842E-1	-5.901218641E-5
7.930000000E0	4.527280328E-1	1.919963334E-4
7.940000000E0	4.475692873E-1	2.499231501E-4
7.950000000E0	4.429037936E-1	3.676737133E-4
7.960000000E0	4.379904503E-1	6.517682520E-4
7.970000000E0	4.332603701E-1	1.186813769E-3
7.980000000E0	4.287999599E-1	1.870617594E-3
7.990000000E0	4.239894633E-1	2.508305178E-3
8.000000000E0	4.189234381E-1	2.301182106E-3
8.010000000E0	4.140884887E-1	2.192343261E-3
8.020000000E0	4.096316041E-1	2.149883617E-3
8.030000000E0	4.052663910E-1	2.203048892E-3
8.040000000E0	4.008744642E-1	2.519399363E-3
8.050000000E0	3.963720807E-1	3.008261273E-3
8.060000000E0	3.919934807E-1	3.288812993E-3
8.070000000E0	3.877740197E-1	3.812993674E-3
8.080000000E0	3.834406926E-1	4.201125974E-3
8.090000000E0	3.790960605E-1	4.518778858E-3
8.100000000E0	3.748524226E-1	5.068788339E-3
8.110000000E0	3.705543852E-1	5.275214724E-3
8.120000000E0	3.663705477E-1	5.609828831E-3
8.130000000E0	3.624762490E-1	6.207229767E-3
8.140000000E0	3.584196219E-1	6.479555880E-3
8.150000000E0	3.547194908E-1	7.198693804E-3
8.160000000E0	3.508029419E-1	7.514528185E-3
8.170000000E0	3.472631937E-1	8.167308298E-3
8.180000000E0	3.436030667E-1	8.641397705E-3
8.190000000E0	3.403406968E-1	9.260076032E-3
8.200000000E0	3.367376429E-1	9.645840209E-3
8.210000000E0	3.331683794E-1	1.009140261E-2
8.220000000E0	3.299635365E-1	1.063294824E-2
8.230000000E0	3.266685477E-1	1.095955080E-2
8.240000000E0	3.238146267E-1	1.168530276E-2
8.250000000E0	3.208684639E-1	1.195266199E-2
8.260000000E0	3.179305822E-1	1.256586267E-2
8.270000000E0	3.152798891E-1	1.303772600E-2
8.280000000E0	3.123619496E-1	1.327561580E-2
8.290000000E0	3.099251955E-1	1.394674074E-2
8.300000000E0	3.075146947E-1	1.421396021E-2
8.310000000E0	3.053437088E-1	1.478148848E-2
8.320000000E0	3.031311319E-1	1.517707427E-2
8.330000000E0	3.009522754E-1	1.544306785E-2
8.340000000E0	2.988795545E-1	1.591555773E-2
8.350000000E0	2.967474337E-1	1.625274269E-2
8.360000000E0	2.947010295E-1	1.638892996E-2
8.370000000E0	2.931628473E-1	1.695378028E-2
8.380000000E0	2.912770665E-1	1.727905030E-2
8.390000000E0	2.897465221E-1	1.749972850E-2
8.400000000E0	2.880993226E-1	1.756145157E-2
8.410000000E0	2.868599052E-1	1.791261839E-2
8.420000000E0	2.856275443E-1	1.839268079E-2
8.430000000E0	2.844766971E-1	1.850494819E-2
8.440000000E0	2.833863484E-1	1.860173347E-2
8.450000000E0	2.823576742E-1	1.870772288E-2
8.460000000E0	2.813951277E-1	1.879058354E-2
8.470000000E0	2.805354533E-1	1.884479366E-2
8.480000000E0	2.800043314E-1	1.898039204E-2
8.490000000E0	2.792612066E-1	1.888565663E-2
8.500000000E0	2.790359707E-1	1.910349015E-2
8.510000000E0	2.788054823E-1	1.939563406E-2
8.520000000E0	2.785107492E-1	1.931505032E-2
8.530000000E0	2.781497192E-1	1.941818844E-2
8.540000000E0	2.780878322E-1	1.944757400E-2
8.550000000E0	2.780911612E-1	1.948556542E-2
8.560000000E0	2.782143593E-1	1.943330095E-2
8.570000000E0	2.785714275E-1	1.938719024E-2
8.580000000E0	2.789886828E-1	1.947190995E-2
8.590000000E0	2.793417144E-1	1.934592276E-2
8.600000000E0	2.801186752E-1	1.942279100E-2
8.610000000E0	2.807832141E-1	1.935125370E-2
8.620000000E0	2.816167451E-1	1.901927392E-2
8.630000000E0	2.824206878E-1	1.891594576E-2
8.640000000E0	2.834928585E-1	1.855179751E-2
8.650000000E0	2.846531009E-1	1.841135498E-2
8.660000000E0	2.858707846E-1	1.824107509E-2
8.670000000E0	2.872900547E-1	1.794103235E-2
8.680000000E0	2.886326290E-1	1.784046587E-2
8.690000000E0	2.901905610E-1	1.735773053E-2
8.700000000E0	2.921110973E-1	1.724243521E-2
8.710000000E0	2.936063047E-1	1.671464648E-2
8.720000000E0	2.956054377E-1	1.630770181E-2
8.730000000E0	2.977536391E-1	1.612313323E-2
8.740000000E0	2.997813456E-1	1.570283492E-2
8.750000000E0	3.021063115E-1	1.516074922E-2
8.760000000E0	3.043933241E-1	1.491148801E-2
8.770000000E0	3.066100688E-1	1.437869582E-2
8.780000000E0	3.090454545E-1	1.396144503E-2
8.790000000E0	3.118884541E-1	1.374228025E-2
8.800000000E0	3.143349651E-1	1.308380022E-2
8.810000000E0	3.172396708E-1	1.286565723E-2
8.820000000E0	3.198931763E-1	1.213903770E-2
8.830000000E0	3.230406022E-1	1.178277179E-2
8.840000000E0	3.262101735E-1	1.138755923E-2
8.850000000E0	3.290412739E-1	1.076418576E-2
8.860000000E0	3.321863074E-1	1.040848780E-2
8.870000000E0	3.352783541E-1	9.790086773E-3
8.880000000E0	3.386439728E-1	9.426515397E-3
8.890000000E0	3.418845647E-1	8.839440023E-3
8.900000000E0	3.454184205E-1	8.460906407E-3
8.910000000E0	3.487634759E-1	7.803375541E-3
8.920000000E0	3.526202939E-1	7.433890549E-3
8.930000000E0	3.562170949E-1	7.060210321E-3
8.940000000E0	3.598587017E-1	6.445004236E-3
8.950000000E0	3.637458724E-1	6.264271679E-3
8.960000000E0	3.673952924E-1	5.613451378E-3
8.970000000E0	3.714292855E-1	5.272320975E-3
8.980000000E0	3.753406362E-1	4.904275043E-3
8.990000000E0	3.791478684E-1	4.329480329E-3
9.000000000E0	3.834130060E-1	4.114947538E-3
9.010000000E0	3.875903097E-1	3.898721627E-3
9.020000000E0	3.915489762E-1	3.229182043E-3
9.030000000E0	3.957758131E-1	3.023289299E-3
9.040000000E0	4.000943640E-1	2.791519959E-3
9.050000000E0	4.043540990E-1	2.341092539E-3
9.060000000E0	4.086344806E-1	2.065591382E-3
9.070000000E0	4.128037077E-1	2.169646273E-3
9.080000000E0	4.171893316E-1	2.150381642E-3
9.090000000E0	4.217505865E-1	2.091417317E-3
9.100000000E0	4.264419215E-1	1.913966253E-3
9.110000000E0	4.309673666E-1	1.360645814E-3
9.120000000E0	4.353558281E-1	5.794821197E-4
9.130000000E0	4.396945441E-1	5.893819323E-5
9.140000000E0	4.442022422E-1	-1.661368607E-4
9.150000000E0	4.487164085E-1	-3.338063084E-4
9.160000000E0	4.535151753E-1	-2.954499989E-4
9.170000000E0	4.583371613E-1	-3.470022425E-4
9.180000000E0	4.628387368E-1	-4.847349698E-4
9.190000000E0	4.673523080E-1	-4.814122127E-4
9.200000000E0	4.719749509E-1	-5.968083867E-4
9.210000000E0	4.763622558E-1	-6.312475905E-4
9.220000000E0	4.810947834E-1	-4.683982750E-4
9.230000000E0	4.858557297E-1	-4.190354938E-4
9.240000000E0	4.903655707E-1	-4.541263959E-4
9.250000000E0	4.948563531E-1	-4.533981238E-4
9.260000000E0	4.994760276E-1	-4.916810096E-4
9.270000000E0	5.039789721E-1	-4.057387333E-4
9.280000000E0	5.086431578E-1	-3.014111434E-4
9.290000000E0	5.133264396E-1	-2.896879320E-4
9.300000000E0	5.177949402E-1	-2.997826710E-4
9.310000000E0	5.222662957E-1	-3.028360404E-4
9.320000000E0	5.267576301E-1	-3.038778948E-4
9.330000000E0	5.312059311E-1	-3.108675860E-4
9.340000000E0	5.356468850E-1	-2.961733630E-4
9.350000000E0	5.400654896E-1	-2.431365764E-4
9.360000000E0	5.445193315E-1	-2.215858528E-4
9.370000000E0	5.488951109E-1	-2.260814060E-4
9.380000000E0	5.532372210E-1	-2.214451906E-4
9.390000000E0	5.576369690E-1	-1.711083283E-4
9.400000000E0	5.620426604E-1	-1.253955516E-4
9.410000000E0	5.663797264E-1	-1.326599400E-4
9.420000000E0	5.707234140E-1	-1.122193699E-4
9.430000000E0	5.750829761E-1	-5.006938494E-5
9.440000000E0	5.795135457E-1	-7.949092095E-5
9.450000000E0	5.838699921E-1	-1.115242025E-4
9.460000000E0	5.882504966E-1	-1.090356345E-4
9.470000000E0	5.925739487E-1	-4.614271158E-5
9.480000000E0	5.969862471E-1	1.061760360E-5
9.490000000E0	6.011482185E-1	3.549839614E-4
9.500000000E0	6.052420372E-1	8.662583714E-4
9.510000000E0	6.090852744E-1	1.142333615E-3
9.520000000E0	6.136808784E-1	1.283082157E-3
9.530000000E0	6.180686199E-1	1.183454296E-3
9.540000000E0	6.222809079E-1	9.175005849E-4
9.550000000E0	6.264037333E-1	7.653143219E-4
9.560000000E0	6.307747142E-1	9.993810106E-4
9.570000000E0	6.349687156E-1	9.139907576E-4
9.580000000E0	6.390222189E-1	1.206052547E-3
9.590000000E0	6.433191921E-1	1.588452237E-3
