mass_A
t	x	y
0.000000000E0	1.292376853E-4	1.376841531E-1
1.000000000E-2	4.633346124E-4	1.376719539E-1
2.000000000E-2	1.670490193E-3	1.373495994E-1
3.000000000E-2	1.774944350E-3	1.366883825E-1
4.000000000E-2	2.906144697E-3	1.358165370E-1
5.000000000E-2	4.538578096E-3	1.346239036E-1
6.000000000E-2	6.536402281E-3	1.334008895E-1
7.000000000E-2	8.593955913E-3	1.322163786E-1
8.000000000E-2	1.115906902E-2	1.302514933E-1
9.000000000E-2	1.387398636E-2	1.287325748E-1
1.000000000E-1	1.693180109E-2	1.266959197E-1
1.100000000E-1	1.991388018E-2	1.245665685E-1
1.200000000E-1	2.328613415E-2	1.223368185E-1
1.300000000E-1	2.750653091E-2	1.200320891E-1
1.400000000E-1	3.172236292E-2	1.176773425E-1
1.500000000E-1	3.599182610E-2	1.147427054E-1
1.600000000E-1	4.096067575E-2	1.123355688E-1
1.700000000E-1	4.824638052E-2	1.114228430E-1
1.800000000E-1	5.430178528E-2	1.092301745E-1
1.900000000E-1	5.476701525E-2	1.093406166E-1
2.000000000E-1	6.326026426E-2	1.005334891E-1
2.100000000E-1	6.831411620E-2	9.696069060E-2
2.200000000E-1	7.476333394E-2	9.371288538E-2
2.300000000E-1	8.150903867E-2	9.046123258E-2
2.400000000E-1	8.841313322E-2	8.693263954E-2
2.500000000E-1	9.544335441E-2	8.370094506E-2
2.600000000E-1	1.023982440E-1	8.055850160E-2
2.700000000E-1	1.100274615E-1	7.728785866E-2
2.800000000E-1	1.179816972E-1	7.394313906E-2
2.900000000E-1	1.260093865E-1	7.053229933E-2
3.000000000E-1	1.339626917E-1	6.739946243E-2
3.100000000E-1	1.428082604E-1	6.428354988E-2
3.200000000E-1	1.512167746E-1	6.149287318E-2
3.300000000E-1	1.593261713E-1	5.828797125E-2
3.400000000E-1	1.678712416E-1	5.539020563E-2
3.500000000E-1	1.768479090E-1	5.209057521E-2
3.600000000E-1	1.860310166E-1	4.908284434E-2
3.700000000E-1	1.954595549E-1	4.630752357E-2
3.800000000E-1	2.047910522E-1	4.370729334E-2
3.900000000E-1	2.142918387E-1	4.096679212E-2
4.000000000E-1	2.242862108E-1	3.883389348E-2
4.100000000E-1	2.330715419E-1	3.987503947E-2
4.200000000E-1	2.427725880E-1	3.767013159E-2
4.300000000E-1	2.541853016E-1	3.268923649E-2
4.400000000E-1	2.647970145E-1	3.029587725E-2
4.500000000E-1	2.754364921E-1	2.762226166E-2
4.600000000E-1	2.860264609E-1	2.531425807E-2
4.700000000E-1	2.968260018E-1	2.330683268E-2
4.800000000E-1	3.071852323E-1	2.118363450E-2
4.900000000E-1	3.182892574E-1	1.957317118E-2
5.000000000E-1	3.293186301E-1	1.827279603E-2
5.100000000E-1	3.402132700E-1	1.649741569E-2
5.200000000E-1	3.513829429E-1	1.525946908E-2
5.300000000E-1	3.624515892E-1	1.432333793E-2
5.400000000E-1	3.735359503E-1	1.302378708E-2
5.500000000E-1	3.845892089E-1	1.198489678E-2
5.600000000E-1	3.958147211E-1	1.103511789E-2
5.700000000E-1	4.075759591E-1	9.815450299E-3
5.800000000E-1	4.184494603E-1	9.656062799E-3
5.900000000E-1	4.287046464E-1	1.153340662E-2
6.000000000E-1	4.408009486E-1	9.465472623E-3
6.100000000E-1	4.527591938E-1	8.806382036E-3
6.200000000E-1	4.642570875E-1	8.866297461E-3
6.300000000E-1	4.751899702E-1	8.665422532E-3
6.400000000E-1	4.869764027E-1	7.589019660E-3
6.500000000E-1	4.983641130E-1	7.754693204E-3
6.600000000E-1	5.095063906E-1	7.676079696E-3
6.700000000E-1	5.207750592E-1	6.962555395E-3
6.800000000E-1	5.322324050E-1	7.503711669E-3
6.900000000E-1	5.434121745E-1	7.717100226E-3
7.000000000E-1	5.546529451E-1	7.919044129E-3
7.100000000E-1	5.655128013E-1	7.992259803E-3
7.200000000E-1	5.766551594E-1	8.412404441E-3
7.300000000E-1	5.876943410E-1	9.466422017E-3
7.400000000E-1	5.987744421E-1	1.013442471E-2
7.500000000E-1	6.095668838E-1	1.054468666E-2
7.600000000E-1	6.198933262E-1	1.192508585E-2
7.700000000E-1	6.317841651E-1	1.131373816E-2
7.800000000E-1	6.426819792E-1	1.180679659E-2
7.900000000E-1	6.539049136E-1	1.228186539E-2
8.000000000E-1	6.647127997E-1	1.280763405E-2
8.100000000E-1	6.748651400E-1	1.497712359E-2
8.200000000E-1	6.858692835E-1	1.553120427E-2
8.300000000E-1	6.959810868E-1	1.740103730E-2
8.400000000E-1	7.058840929E-1	1.971630496E-2
8.500000000E-1	7.167235483E-1	2.065369350E-2
8.600000000E-1	7.265977776E-1	2.248106235E-2
8.700000000E-1	7.367064482E-1	2.430782726E-2
8.800000000E-1	7.465750434E-1	2.643090716E-2
8.900000000E-1	7.555148598E-1	2.894684818E-2
9.000000000E-1	7.653930215E-1	3.083958614E-2
9.100000000E-1	7.745395580E-1	3.334055308E-2
9.200000000E-1	7.830367563E-1	3.607966618E-2
9.300000000E-1	7.916890095E-1	3.889319578E-2
9.400000000E-1	8.007335252E-1	4.096984326E-2
9.500000000E-1	8.094054459E-1	4.245219547E-2
9.600000000E-1	8.173262055E-1	4.590028136E-2
9.700000000E-1	8.261466810E-1	4.846405952E-2
9.800000000E-1	8.348152941E-1	4.909111906E-2
9.900000000E-1	8.425518250E-1	5.222619763E-2
1.000000000E0	8.505353187E-1	5.507586850E-2
1.010000000E0	8.579367860E-1	5.704627512E-2
1.020000000E0	8.650304058E-1	6.062291990E-2
1.030000000E0	8.723432222E-1	6.233691657E-2
1.040000000E0	8.792452254E-1	6.524431258E-2
1.050000000E0	8.857924093E-1	6.745289432E-2
1.060000000E0	8.925407282E-1	6.971600086E-2
1.070000000E0	8.987481021E-1	7.140092598E-2
1.080000000E0	9.046852802E-1	7.402658791E-2
1.090000000E0	9.100463672E-1	7.688856499E-2
1.100000000E0	9.155854881E-1	7.917250429E-2
1.110000000E0	9.208801884E-1	8.122375161E-2
1.120000000E0	9.257046100E-1	8.400642146E-2
1.130000000E0	9.305283680E-1	8.556803023E-2
1.140000000E0	9.353070217E-1	8.760437651E-2
1.150000000E0	9.398255661E-1	8.994857534E-2
1.160000000E0	9.439146525E-1	9.218236293E-2
1.170000000E0	9.478491207E-1	9.488648486E-2
1.180000000E0	9.509465270E-1	9.662380156E-2
1.190000000E0	9.544673923E-1	9.890900859E-2
1.200000000E0	9.585027892E-1	9.921363976E-2
1.210000000E0	9.609260259E-1	1.011278299E-1
1.220000000E0	9.632220818E-1	1.033853039E-1
1.230000000E0	9.662836774E-1	1.044030315E-1
1.240000000E0	9.687700991E-1	1.058099522E-1
1.250000000E0	9.706699693E-1	1.068680105E-1
1.260000000E0	9.726629933E-1	1.084271785E-1
1.270000000E0	9.739403226E-1	1.096034210E-1
1.280000000E0	9.756589544E-1	1.100985405E-1
1.290000000E0	9.763481134E-1	1.108441295E-1
1.300000000E0	9.767815097E-1	1.117435329E-1
1.310000000E0	9.780293275E-1	1.120411059E-1
1.320000000E0	9.788010333E-1	1.125070923E-1
1.330000000E0	9.793062978E-1	1.123480551E-1
1.340000000E0	9.793836090E-1	1.122449514E-1
1.350000000E0	9.793634777E-1	1.121238307E-1
1.360000000E0	9.790718864E-1	1.119844276E-1
1.370000000E0	9.782626792E-1	1.112423375E-1
1.380000000E0	9.770709937E-1	1.108727283E-1
1.390000000E0	9.764565261E-1	1.103176191E-1
1.400000000E0	9.752475015E-1	1.093604378E-1
1.410000000E0	9.738730314E-1	1.075154190E-1
1.420000000E0	9.724016578E-1	1.056382128E-1
1.430000000E0	9.706059920E-1	1.044382335E-1
1.440000000E0	9.684201089E-1	1.027862966E-1
1.450000000E0	9.642584970E-1	1.034584720E-1
1.460000000E0	9.618359586E-1	1.012724944E-1
1.470000000E0	9.582454703E-1	9.969022223E-2
1.480000000E0	9.556355551E-1	9.837591781E-2
1.490000000E0	9.520008129E-1	9.616383849E-2
1.500000000E0	9.479843821E-1	9.430407939E-2
1.510000000E0	9.440957005E-1	9.247751019E-2
1.520000000E0	9.401490379E-1	9.061569425E-2
1.530000000E0	9.352030187E-1	8.755629967E-2
1.540000000E0	9.306673534E-1	8.574504194E-2
1.550000000E0	9.260196082E-1	8.335677003E-2
1.560000000E0	9.211788469E-1	8.137226576E-2
1.570000000E0	9.157356799E-1	7.901802008E-2
1.580000000E0	9.097947312E-1	7.662305510E-2
1.590000000E0	9.043404581E-1	7.459268914E-2
1.600000000E0	8.979174376E-1	7.267790919E-2
1.610000000E0	8.919093740E-1	7.022672909E-2
1.620000000E0	8.858909140E-1	6.802365914E-2
1.630000000E0	8.790831774E-1	6.555697891E-2
1.640000000E0	8.726486852E-1	6.359335021E-2
1.650000000E0	8.664671825E-1	5.959802619E-2
1.660000000E0	8.600847932E-1	5.770118362E-2
1.670000000E0	8.527137844E-1	5.575525512E-2
1.680000000E0	8.450323358E-1	5.388926118E-2
1.690000000E0	8.373864231E-1	5.183002074E-2
1.700000000E0	8.293515099E-1	4.947108958E-2
1.710000000E0	8.216001900E-1	4.700122533E-2
1.720000000E0	8.134083474E-1	4.460394702E-2
1.730000000E0	8.053981035E-1	4.243454717E-2
1.740000000E0	7.973683529E-1	4.033074658E-2
1.750000000E0	7.894417309E-1	3.842397918E-2
1.760000000E0	7.813752724E-1	3.599846458E-2
1.770000000E0	7.732392624E-1	3.199603425E-2
1.780000000E0	7.643714099E-1	3.033079725E-2
1.790000000E0	7.558473904E-1	2.902966133E-2
1.800000000E0	7.468142723E-1	2.688038149E-2
1.810000000E0	7.379819027E-1	2.510180398E-2
1.820000000E0	7.289751049E-1	2.306296325E-2
1.830000000E0	7.198970017E-1	2.091867996E-2
1.840000000E0	7.107581225E-1	1.928294819E-2
1.850000000E0	7.007900819E-1	1.815446306E-2
1.860000000E0	6.915536871E-1	1.672225368E-2
1.870000000E0	6.817814286E-1	1.507951562E-2
1.880000000E0	6.721087652E-1	1.418110254E-2
1.890000000E0	6.626926654E-1	1.207125161E-2
1.900000000E0	6.526396512E-1	1.280084919E-2
1.910000000E0	6.432849664E-1	1.141671335E-2
1.920000000E0	6.338879919E-1	1.107171280E-2
1.930000000E0	6.233984711E-1	1.162174740E-2
1.940000000E0	6.133447678E-1	1.162783859E-2
1.950000000E0	6.036958013E-1	1.143746886E-2
1.960000000E0	5.944396045E-1	1.097001487E-2
1.970000000E0	5.841312478E-1	1.091007969E-2
1.980000000E0	5.741858395E-1	1.072498471E-2
1.990000000E0	5.648386404E-1	1.066500900E-2
2.000000000E0	5.546385502E-1	1.067246633E-2
2.010000000E0	5.455187189E-1	8.354938933E-3
2.020000000E0	5.357497784E-1	8.358830576E-3
2.030000000E0	5.259032675E-1	8.346883429E-3
2.040000000E0	5.163042484E-1	8.603013100E-3
2.050000000E0	5.068869325E-1	8.756818313E-3
2.060000000E0	4.970339718E-1	8.762568532E-3
2.070000000E0	4.876664845E-1	9.020644565E-3
2.080000000E0	4.773283580E-1	9.545150786E-3
2.090000000E0	4.676187447E-1	1.068776076E-2
2.100000000E0	4.584461709E-1	1.101667841E-2
2.110000000E0	4.484194360E-1	1.142845396E-2
2.120000000E0	4.387919647E-1	1.162755149E-2
2.130000000E0	4.298957760E-1	1.231546119E-2
2.140000000E0	4.198975924E-1	1.292821542E-2
2.150000000E0	4.111328696E-1	1.359110967E-2
2.160000000E0	4.019567749E-1	1.388900343E-2
2.170000000E0	3.929245530E-1	1.472329620E-2
2.180000000E0	3.841319081E-1	1.480509521E-2
2.190000000E0	3.752076976E-1	1.576456222E-2
2.200000000E0	3.664140204E-1	1.676661546E-2
2.210000000E0	3.576370409E-1	1.786531790E-2
2.220000000E0	3.489940613E-1	1.897681330E-2
2.230000000E0	3.402816948E-1	2.050457326E-2
2.240000000E0	3.315244278E-1	2.165145359E-2
2.250000000E0	3.224091034E-1	2.333664815E-2
2.260000000E0	3.139913258E-1	2.491552167E-2
2.270000000E0	3.067678802E-1	2.558942836E-2
2.280000000E0	2.984577599E-1	2.638461125E-2
2.290000000E0	2.897871747E-1	2.812359704E-2
2.300000000E0	2.820358540E-1	2.981724581E-2
2.310000000E0	2.740993540E-1	3.141624621E-2
2.320000000E0	2.673193977E-1	3.260215786E-2
2.330000000E0	2.601159205E-1	3.462997781E-2
2.340000000E0	2.519516216E-1	3.691871608E-2
2.350000000E0	2.450147686E-1	3.888153208E-2
2.360000000E0	2.381338065E-1	4.053969589E-2
2.370000000E0	2.306618148E-1	4.239023074E-2
2.380000000E0	2.253210546E-1	4.371525349E-2
2.390000000E0	2.187648185E-1	4.591359295E-2
2.400000000E0	2.119884196E-1	4.777675101E-2
2.410000000E0	2.062933940E-1	4.943697118E-2
2.420000000E0	2.005171447E-1	5.126850990E-2
2.430000000E0	1.948667408E-1	5.301154542E-2
2.440000000E0	1.890118635E-1	5.453493054E-2
2.450000000E0	1.833896434E-1	5.591677416E-2
2.460000000E0	1.778636825E-1	5.751642745E-2
2.470000000E0	1.723825825E-1	5.908623294E-2
2.480000000E0	1.670550906E-1	6.112179947E-2
2.490000000E0	1.631617013E-1	6.235373343E-2
2.500000000E0	1.591754134E-1	6.382000826E-2
2.510000000E0	1.544014016E-1	6.541518171E-2
2.520000000E0	1.503991023E-1	6.724546408E-2
2.530000000E0	1.463435004E-1	6.846809563E-2
2.540000000E0	1.420375059E-1	7.005322796E-2
2.550000000E0	1.390729889E-1	7.152130368E-2
2.560000000E0	1.362150986E-1	7.272169936E-2
2.570000000E0	1.328818547E-1	7.384029535E-2
2.580000000E0	1.302791808E-1	7.489822987E-2
2.590000000E0	1.274428163E-1	7.658790030E-2
2.600000000E0	1.246562542E-1	7.763459671E-2
2.610000000E0	1.220479806E-1	7.888417164E-2
2.620000000E0	1.195699482E-1	7.987491647E-2
2.630000000E0	1.176918468E-1	8.108150844E-2
2.640000000E0	1.161230985E-1	8.170688760E-2
2.650000000E0	1.143010946E-1	8.231788491E-2
2.660000000E0	1.138596956E-1	8.265644398E-2
2.670000000E0	1.124253776E-1	8.328485383E-2
2.680000000E0	1.118652700E-1	8.388588376E-2
2.690000000E0	1.111896585E-1	8.425727503E-2
2.700000000E0	1.107513041E-1	8.435909372E-2
2.710000000E0	1.106464291E-1	8.467998437E-2
2.720000000E0	1.107212583E-1	8.473100746E-2
2.730000000E0	1.108492951E-1	8.462244491E-2
2.740000000E0	1.108274392E-1	8.460303935E-2
2.750000000E0	1.114383058E-1	8.450679244E-2
2.760000000E0	1.124846571E-1	8.381556063E-2
2.770000000E0	1.132746353E-1	8.347633390E-2
2.780000000E0	1.148620931E-1	8.263905124E-2
2.790000000E0	1.168264991E-1	8.162057215E-2
2.800000000E0	1.183220860E-1	8.114927478E-2
2.810000000E0	1.202587783E-1	8.020341670E-2
2.820000000E0	1.225898645E-1	7.926580789E-2
2.830000000E0	1.248757182E-1	7.833996319E-2
2.840000000E0	1.269811148E-1	7.692239075E-2
2.850000000E0	1.295826088E-1	7.606451201E-2
2.860000000E0	1.316037139E-1	7.473702060E-2
2.870000000E0	1.342006002E-1	7.321274753E-2
2.880000000E0	1.373990621E-1	7.233024851E-2
2.890000000E0	1.405121105E-1	7.104280428E-2
2.900000000E0	1.444633723E-1	6.964070756E-2
2.910000000E0	1.479867135E-1	6.874852050E-2
2.920000000E0	1.523949744E-1	6.724964683E-2
2.930000000E0	1.564077060E-1	6.574290094E-2
2.940000000E0	1.608946590E-1	6.445990287E-2
2.950000000E0	1.660582085E-1	6.266625006E-2
2.960000000E0	1.703233226E-1	6.121483591E-2
2.970000000E0	1.747451497E-1	5.895332280E-2
2.980000000E0	1.796332844E-1	5.778161484E-2
2.990000000E0	1.854807514E-1	5.607109756E-2
3.000000000E0	1.910792846E-1	5.464344443E-2
3.010000000E0	1.958027572E-1	5.336859259E-2
3.020000000E0	2.017544131E-1	5.135716981E-2
3.030000000E0	2.077953172E-1	4.953725011E-2
3.040000000E0	2.134943198E-1	4.810541392E-2
3.050000000E0	2.191363862E-1	4.684091483E-2
3.060000000E0	2.251767246E-1	4.482466348E-2
3.070000000E0	2.318775711E-1	4.290885993E-2
3.080000000E0	2.384816857E-1	4.163930011E-2
3.090000000E0	2.447054721E-1	3.941683347E-2
3.100000000E0	2.520897330E-1	3.769092579E-2
3.110000000E0	2.585731845E-1	3.576246364E-2
3.120000000E0	2.651895655E-1	3.433749384E-2
3.130000000E0	2.731668255E-1	3.217827037E-2
3.140000000E0	2.801091611E-1	3.021589465E-2
3.150000000E0	2.873384881E-1	2.972722728E-2
3.160000000E0	2.948140827E-1	2.816466779E-2
3.170000000E0	3.025931820E-1	2.656301081E-2
3.180000000E0	3.099566041E-1	2.477962713E-2
3.190000000E0	3.179149444E-1	2.402474882E-2
3.200000000E0	3.256363055E-1	2.302765147E-2
3.210000000E0	3.339274630E-1	2.176825486E-2
3.220000000E0	3.417344092E-1	2.058344531E-2
3.230000000E0	3.492935048E-1	1.924165230E-2
3.240000000E0	3.577901617E-1	1.764439570E-2
3.250000000E0	3.663458802E-1	1.632729471E-2
3.260000000E0	3.738227872E-1	1.630892507E-2
3.270000000E0	3.823551964E-1	1.534686337E-2
3.280000000E0	3.908271682E-1	1.409160550E-2
3.290000000E0	3.994165200E-1	1.303503881E-2
3.300000000E0	4.083051295E-1	1.228435502E-2
3.310000000E0	4.157597748E-1	1.227695979E-2
3.320000000E0	4.240266892E-1	1.243431418E-2
3.330000000E0	4.329241047E-1	1.111961012E-2
3.340000000E0	4.418004454E-1	1.070056950E-2
3.350000000E0	4.499502024E-1	1.095855901E-2
3.360000000E0	4.577621200E-1	1.044012197E-2
3.370000000E0	4.670552459E-1	1.027198575E-2
3.380000000E0	4.752981269E-1	1.037728147E-2
3.390000000E0	4.834938479E-1	1.040033849E-2
3.400000000E0	4.917546751E-1	1.045637387E-2
3.410000000E0	4.999736384E-1	1.039191163E-2
3.420000000E0	5.085498983E-1	1.027415573E-2
3.430000000E0	5.176507138E-1	1.043064984E-2
3.440000000E0	5.263564669E-1	1.045326760E-2
3.450000000E0	5.346471409E-1	1.103311073E-2
3.460000000E0	5.431087415E-1	1.061560014E-2
3.470000000E0	5.512549032E-1	1.053046347E-2
3.480000000E0	5.596431477E-1	1.062434109E-2
3.490000000E0	5.682064644E-1	1.053521760E-2
3.500000000E0	5.766351903E-1	1.096164982E-2
3.510000000E0	5.847542660E-1	1.105680140E-2
3.520000000E0	5.930385966E-1	1.107687656E-2
3.530000000E0	6.014743919E-1	1.088581354E-2
3.540000000E0	6.092050855E-1	1.158779334E-2
3.550000000E0	6.174310941E-1	1.228842255E-2
3.560000000E0	6.260433118E-1	1.189787762E-2
3.570000000E0	6.345048097E-1	1.087163653E-2
3.580000000E0	6.423136893E-1	1.139388927E-2
3.590000000E0	6.503124716E-1	1.254704098E-2
3.600000000E0	6.580954421E-1	1.354685346E-2
3.610000000E0	6.662808883E-1	1.450547518E-2
3.620000000E0	6.737504269E-1	1.507260123E-2
3.630000000E0	6.814579929E-1	1.622304981E-2
3.640000000E0	6.889715815E-1	1.714494795E-2
3.650000000E0	6.961466749E-1	1.834147801E-2
3.660000000E0	7.038561690E-1	1.948638681E-2
3.670000000E0	7.115654508E-1	2.051480892E-2
3.680000000E0	7.185618933E-1	2.148281215E-2
3.690000000E0	7.249720641E-1	2.344384244E-2
3.700000000E0	7.321896255E-1	2.483561194E-2
3.710000000E0	7.395425731E-1	2.602287372E-2
3.720000000E0	7.466735229E-1	2.744195327E-2
3.730000000E0	7.532013014E-1	2.903770075E-2
3.740000000E0	7.599139433E-1	3.043590761E-2
3.750000000E0	7.663875076E-1	3.166420591E-2
3.760000000E0	7.723724294E-1	3.310285330E-2
3.770000000E0	7.776651762E-1	3.451870147E-2
3.780000000E0	7.838961719E-1	3.603403838E-2
3.790000000E0	7.888793583E-1	3.837076870E-2
3.800000000E0	7.939650591E-1	4.003292575E-2
3.810000000E0	7.997806612E-1	4.193439890E-2
3.820000000E0	8.049420503E-1	4.255446873E-2
3.830000000E0	8.106348033E-1	4.379396839E-2
3.840000000E0	8.156559202E-1	4.488501437E-2
3.850000000E0	8.206822842E-1	4.654086282E-2
3.860000000E0	8.249285233E-1	4.825543456E-2
3.870000000E0	8.293243889E-1	4.950852547E-2
3.880000000E0	8.341029469E-1	5.084169018E-2
3.890000000E0	8.380417650E-1	5.154759645E-2
3.900000000E0	8.423436873E-1	5.315121645E-2
3.910000000E0	8.466468135E-1	5.397951638E-2
3.920000000E0	8.503287270E-1	5.523171617E-2
3.930000000E0	8.534527650E-1	5.688410594E-2
3.940000000E0	8.563333280E-1	5.780793457E-2
3.950000000E0	8.600934095E-1	5.876560649E-2
3.960000000E0	8.634910885E-1	6.007784820E-2
3.970000000E0	8.666383525E-1	6.120290675E-2
3.980000000E0	8.693607270E-1	6.250763574E-2
3.990000000E0	8.714348957E-1	6.346331945E-2
4.000000000E0	8.739197686E-1	6.453385994E-2
4.010000000E0	8.758468706E-1	6.556303653E-2
4.020000000E0	8.781860226E-1	6.616792532E-2
4.030000000E0	8.798842745E-1	6.685182802E-2
4.040000000E0	8.820427022E-1	6.720946873E-2
4.050000000E0	8.838277425E-1	6.701235315E-2
4.060000000E0	8.853066574E-1	6.781978438E-2
4.070000000E0	8.866845390E-1	6.803253294E-2
4.080000000E0	8.877880375E-1	6.823919629E-2
4.090000000E0	8.884886062E-1	6.830006012E-2
4.100000000E0	8.896386764E-1	6.837595392E-2
4.110000000E0	8.901951300E-1	6.842636243E-2
4.120000000E0	8.904311189E-1	6.844284582E-2
4.130000000E0	8.902423413E-1	6.840865676E-2
4.140000000E0	8.902360739E-1	6.822638255E-2
4.150000000E0	8.900142120E-1	6.817314605E-2
4.160000000E0	8.897901785E-1	6.789973072E-2
4.170000000E0	8.888271693E-1	6.780557223E-2
4.180000000E0	8.880353425E-1	6.802009971E-2
4.190000000E0	8.868353857E-1	6.790544778E-2
4.200000000E0	8.855515589E-1	6.762952494E-2
4.210000000E0	8.847464318E-1	6.680173350E-2
4.220000000E0	8.834025026E-1	6.618490171E-2
4.230000000E0	8.815978939E-1	6.599011958E-2
4.240000000E0	8.793831110E-1	6.557535795E-2
4.250000000E0	8.769862070E-1	6.456308846E-2
4.260000000E0	8.750307644E-1	6.385067046E-2
4.270000000E0	8.725198329E-1	6.317769888E-2
4.280000000E0	8.699760120E-1	6.215011595E-2
4.290000000E0	8.674176398E-1	6.105632389E-2
4.300000000E0	8.647978490E-1	6.017915528E-2
4.310000000E0	8.617117774E-1	5.924397659E-2
4.320000000E0	8.588186505E-1	5.780004315E-2
4.330000000E0	8.557124062E-1	5.690535779E-2
4.340000000E0	8.522520637E-1	5.551513989E-2
4.350000000E0	8.490333224E-1	5.447775767E-2
4.360000000E0	8.447897954E-1	5.349938589E-2
4.370000000E0	8.410300135E-1	5.228533139E-2
4.380000000E0	8.370476403E-1	5.130081597E-2
4.390000000E0	8.324057360E-1	5.014228180E-2
4.400000000E0	8.280341567E-1	4.849998342E-2
4.410000000E0	8.232418587E-1	4.702038758E-2
4.420000000E0	8.187898638E-1	4.584410640E-2
4.430000000E0	8.141718606E-1	4.463955604E-2
4.440000000E0	8.088559396E-1	4.331482092E-2
4.450000000E0	8.040609830E-1	4.225595698E-2
4.460000000E0	7.996621707E-1	4.099211778E-2
4.470000000E0	7.945936549E-1	3.919244243E-2
4.480000000E0	7.885386386E-1	3.799548862E-2
4.490000000E0	7.827795838E-1	3.683270118E-2
4.500000000E0	7.774161661E-1	3.506506214E-2
4.510000000E0	7.715789502E-1	3.369985120E-2
4.520000000E0	7.657245661E-1	3.272857193E-2
4.530000000E0	7.597848916E-1	3.070052400E-2
4.540000000E0	7.530829856E-1	2.946224174E-2
4.550000000E0	7.464178298E-1	2.792679093E-2
4.560000000E0	7.397703667E-1	2.672934449E-2
4.570000000E0	7.335684347E-1	2.554424454E-2
4.580000000E0	7.267686877E-1	2.423071550E-2
4.590000000E0	7.199866841E-1	2.260514721E-2
4.600000000E0	7.130281403E-1	2.150166370E-2
4.610000000E0	7.063206558E-1	2.051556170E-2
4.620000000E0	6.995663887E-1	1.947432766E-2
4.630000000E0	6.930196550E-1	1.831296965E-2
4.640000000E0	6.859159834E-1	1.711627396E-2
4.650000000E0	6.786102851E-1	1.592729938E-2
4.660000000E0	6.723725889E-1	1.565788645E-2
4.670000000E0	6.644733691E-1	1.461626324E-2
4.680000000E0	6.572986127E-1	1.381379283E-2
4.690000000E0	6.496514189E-1	1.355472177E-2
4.700000000E0	6.422911910E-1	1.300114208E-2
4.710000000E0	6.345878860E-1	1.265885620E-2
4.720000000E0	6.273366017E-1	1.264770092E-2
4.730000000E0	6.195239251E-1	1.260151875E-2
4.740000000E0	6.121008603E-1	1.261254988E-2
4.750000000E0	6.050532976E-1	1.212627104E-2
4.760000000E0	5.976638916E-1	1.200361069E-2
4.770000000E0	5.898879381E-1	1.172229354E-2
4.780000000E0	5.823776681E-1	1.180279767E-2
4.790000000E0	5.744846410E-1	1.160596978E-2
4.800000000E0	5.669364434E-1	1.146225666E-2
4.810000000E0	5.597032039E-1	1.154913977E-2
4.820000000E0	5.523062316E-1	1.169814707E-2
4.830000000E0	5.450411903E-1	1.146665271E-2
4.840000000E0	5.379404985E-1	1.176328895E-2
4.850000000E0	5.303282441E-1	1.173626369E-2
4.860000000E0	5.227325190E-1	1.176503763E-2
4.870000000E0	5.148191319E-1	1.163311386E-2
4.880000000E0	5.073043057E-1	1.174177595E-2
4.890000000E0	5.000053238E-1	1.172701157E-2
4.900000000E0	4.928982455E-1	1.178403804E-2
4.910000000E0	4.852797546E-1	1.202492044E-2
4.920000000E0	4.780007397E-1	1.200648970E-2
4.930000000E0	4.709223617E-1	1.208921756E-2
4.940000000E0	4.634664106E-1	1.209826041E-2
4.950000000E0	4.563679204E-1	1.277640429E-2
4.960000000E0	4.487565606E-1	1.297382747E-2
4.970000000E0	4.418303660E-1	1.319701901E-2
4.980000000E0	4.349771090E-1	1.292145317E-2
4.990000000E0	4.275041003E-1	1.357795626E-2
5.000000000E0	4.205394190E-1	1.398086639E-2
5.010000000E0	4.138769003E-1	1.480027206E-2
5.020000000E0	4.073964705E-1	1.536094877E-2
5.030000000E0	4.005834955E-1	1.591937787E-2
5.040000000E0	3.941165672E-1	1.625335749E-2
5.050000000E0	3.876130687E-1	1.673501957E-2
5.060000000E0	3.804977038E-1	1.698418344E-2
5.070000000E0	3.746944936E-1	1.768642418E-2
5.080000000E0	3.681245286E-1	1.846135733E-2
5.090000000E0	3.614662234E-1	1.971623898E-2
5.100000000E0	3.551925192E-1	2.034516285E-2
5.110000000E0	3.490990984E-1	2.113959660E-2
5.120000000E0	3.423805272E-1	2.188436497E-2
5.130000000E0	3.364783471E-1	2.292693039E-2
5.140000000E0	3.308115315E-1	2.371025219E-2
5.150000000E0	3.251290922E-1	2.418482962E-2
5.160000000E0	3.191546857E-1	2.502449533E-2
5.170000000E0	3.136085256E-1	2.584240158E-2
5.180000000E0	3.081428265E-1	2.701930856E-2
5.190000000E0	3.025761183E-1	2.823928179E-2
5.200000000E0	2.973823743E-1	2.940658406E-2
5.210000000E0	2.918244304E-1	3.041444497E-2
5.220000000E0	2.867909770E-1	3.088666073E-2
5.230000000E0	2.816140132E-1	3.244630866E-2
5.240000000E0	2.766404069E-1	3.366427418E-2
5.250000000E0	2.716915702E-1	3.427301876E-2
5.260000000E0	2.674276011E-1	3.515219989E-2
5.270000000E0	2.629564437E-1	3.642924811E-2
5.280000000E0	2.586619567E-1	3.743069923E-2
5.290000000E0	2.541621052E-1	3.819380612E-2
5.300000000E0	2.499644774E-1	3.943624985E-2
5.310000000E0	2.456710952E-1	4.037876191E-2
5.320000000E0	2.415661287E-1	4.127314477E-2
5.330000000E0	2.388764098E-1	4.201828630E-2
5.340000000E0	2.351303100E-1	4.276523801E-2
5.350000000E0	2.318825316E-1	4.374849230E-2
5.360000000E0	2.282919985E-1	4.461861737E-2
5.370000000E0	2.250139964E-1	4.574904047E-2
5.380000000E0	2.226800014E-1	4.608923280E-2
5.390000000E0	2.200027355E-1	4.712366050E-2
5.400000000E0	2.170688832E-1	4.806294664E-2
5.410000000E0	2.145440179E-1	4.893487358E-2
5.420000000E0	2.121189414E-1	4.923120048E-2
5.430000000E0	2.100469740E-1	5.008416651E-2
5.440000000E0	2.079727977E-1	5.056799696E-2
5.450000000E0	2.061559085E-1	5.050447434E-2
5.460000000E0	2.042078305E-1	5.119165181E-2
5.470000000E0	2.029325323E-1	5.144032243E-2
5.480000000E0	2.018222859E-1	5.169121295E-2
5.490000000E0	2.009009016E-1	5.169877948E-2
5.500000000E0	1.995420180E-1	5.247082282E-2
5.510000000E0	1.985897593E-1	5.274594909E-2
5.520000000E0	1.977600290E-1	5.271141379E-2
5.530000000E0	1.968369288E-1	5.277725062E-2
5.540000000E0	1.958716323E-1	5.349746113E-2
5.550000000E0	1.953409858E-1	5.346784884E-2
5.560000000E0	1.950137770E-1	5.339209468E-2
5.570000000E0	1.950910805E-1	5.361859591E-2
5.580000000E0	1.950538034E-1	5.351644294E-2
5.590000000E0	1.954837960E-1	5.359325630E-2
5.600000000E0	1.956944528E-1	5.364186323E-2
5.610000000E0	1.953733157E-1	5.324786023E-2
5.620000000E0	1.965728634E-1	5.322615178E-2
5.630000000E0	1.970247345E-1	5.285653707E-2
5.640000000E0	1.977480667E-1	5.265363625E-2
5.650000000E0	1.990489918E-1	5.247577532E-2
5.660000000E0	2.000368519E-1	5.170069921E-2
5.670000000E0	2.009914275E-1	5.141312041E-2
5.680000000E0	2.032501748E-1	5.078412776E-2
5.690000000E0	2.045774454E-1	5.043949934E-2
5.700000000E0	2.064587019E-1	5.031637463E-2
5.710000000E0	2.086823191E-1	4.968940447E-2
5.720000000E0	2.103069755E-1	4.907700251E-2
5.730000000E0	2.131080500E-1	4.832670355E-2
5.740000000E0	2.151651024E-1	4.773905972E-2
5.750000000E0	2.177480531E-1	4.728488728E-2
5.760000000E0	2.203492117E-1	4.680910501E-2
5.770000000E0	2.229179961E-1	4.616819609E-2
5.780000000E0	2.255738575E-1	4.578592160E-2
5.790000000E0	2.286133014E-1	4.464511895E-2
5.800000000E0	2.317470902E-1	4.367047736E-2
5.810000000E0	2.353377804E-1	4.288114143E-2
5.820000000E0	2.377095855E-1	4.205213106E-2
5.830000000E0	2.416110377E-1	4.145190781E-2
5.840000000E0	2.456795264E-1	4.077572528E-2
5.850000000E0	2.500187331E-1	3.930134173E-2
5.860000000E0	2.535071709E-1	3.874583211E-2
5.870000000E0	2.573934439E-1	3.739331284E-2
5.880000000E0	2.615277120E-1	3.626906964E-2
5.890000000E0	2.662792543E-1	3.537019751E-2
5.900000000E0	2.708069982E-1	3.431585643E-2
5.910000000E0	2.753364787E-1	3.299322509E-2
5.920000000E0	2.793603361E-1	3.227615598E-2
5.930000000E0	2.842371491E-1	3.178807751E-2
5.940000000E0	2.891019634E-1	3.039263449E-2
5.950000000E0	2.945048126E-1	2.946990305E-2
5.960000000E0	2.998110631E-1	2.876811109E-2
5.970000000E0	3.049462147E-1	2.741276811E-2
5.980000000E0	3.104753409E-1	2.640032445E-2
5.990000000E0	3.149374707E-1	2.579491552E-2
6.000000000E0	3.206942559E-1	2.487198803E-2
6.010000000E0	3.259176021E-1	2.379966182E-2
6.020000000E0	3.316800995E-1	2.290040937E-2
6.030000000E0	3.378368341E-1	2.184423666E-2
6.040000000E0	3.426579407E-1	2.143024096E-2
6.050000000E0	3.486078842E-1	2.040675909E-2
6.060000000E0	3.546031839E-1	1.949325976E-2
6.070000000E0	3.608228220E-1	1.846686140E-2
6.080000000E0	3.667962168E-1	1.817087498E-2
6.090000000E0	3.731320595E-1	1.735786583E-2
6.100000000E0	3.799400869E-1	1.626980044E-2
6.110000000E0	3.862953640E-1	1.541853619E-2
6.120000000E0	3.919254598E-1	1.506000026E-2
6.130000000E0	3.979894267E-1	1.502270703E-2
6.140000000E0	4.045640581E-1	1.424448798E-2
6.150000000E0	4.108568595E-1	1.387173721E-2
6.160000000E0	4.175494741E-1	1.345889486E-2
6.170000000E0	4.236659906E-1	1.282762227E-2
6.180000000E0	4.303085345E-1	1.258761960E-2
6.190000000E0	4.364043287E-1	1.253472864E-2
6.200000000E0	4.431789841E-1	1.253446285E-2
6.210000000E0	4.503713579E-1	1.211073541E-2
6.220000000E0	4.566572064E-1	1.150576644E-2
6.230000000E0	4.635548939E-1	1.151015810E-2
6.240000000E0	4.705006474E-1	1.116218780E-2
6.250000000E0	4.769266890E-1	1.068273952E-2
6.260000000E0	4.836845470E-1	1.067385876E-2
6.270000000E0	4.901641730E-1	1.062220355E-2
6.280000000E0	4.969338029E-1	1.056892057E-2
6.290000000E0	5.035460416E-1	1.044317416E-2
6.300000000E0	5.100950524E-1	1.043905936E-2
6.310000000E0	5.168530740E-1	1.063449647E-2
6.320000000E0	5.232396363E-1	1.022106605E-2
6.330000000E0	5.285534819E-1	1.167073920E-2
6.340000000E0	5.365301754E-1	1.081421595E-2
6.350000000E0	5.430277855E-1	1.068488242E-2
6.360000000E0	5.495331827E-1	1.079897266E-2
6.370000000E0	5.563799355E-1	1.061096253E-2
6.380000000E0	5.629999974E-1	1.082248006E-2
6.390000000E0	5.693199086E-1	1.062515255E-2
6.400000000E0	5.756362495E-1	1.096557725E-2
6.410000000E0	5.824642699E-1	1.126803202E-2
6.420000000E0	5.883311189E-1	1.104952543E-2
6.430000000E0	5.943441653E-1	1.107806383E-2
6.440000000E0	6.003531392E-1	1.070465652E-2
6.450000000E0	6.055982516E-1	1.185056578E-2
6.460000000E0	6.127766692E-1	1.191810150E-2
6.470000000E0	6.190149445E-1	1.192404755E-2
6.480000000E0	6.253382116E-1	1.216759949E-2
6.490000000E0	6.316137190E-1	1.177820144E-2
6.500000000E0	6.385574849E-1	1.221937699E-2
6.510000000E0	6.448475168E-1	1.230180452E-2
6.520000000E0	6.501267973E-1	1.268399283E-2
6.530000000E0	6.561970156E-1	1.386299200E-2
6.540000000E0	6.624506445E-1	1.426370209E-2
6.550000000E0	6.678121506E-1	1.480154466E-2
6.560000000E0	6.736778134E-1	1.575868490E-2
6.570000000E0	6.795186401E-1	1.627258508E-2
6.580000000E0	6.854585366E-1	1.637864801E-2
6.590000000E0	6.910017316E-1	1.719687807E-2
6.600000000E0	6.963903711E-1	1.816824599E-2
6.610000000E0	7.015789094E-1	1.926012405E-2
6.620000000E0	7.068402670E-1	2.013470965E-2
6.630000000E0	7.122159759E-1	2.113834508E-2
6.640000000E0	7.172762216E-1	2.163995678E-2
6.650000000E0	7.223681060E-1	2.269487384E-2
6.660000000E0	7.269526197E-1	2.376560217E-2
6.670000000E0	7.322109266E-1	2.451543466E-2
6.680000000E0	7.368994387E-1	2.510133193E-2
6.690000000E0	7.422759309E-1	2.570372213E-2
6.700000000E0	7.467450752E-1	2.695767193E-2
6.710000000E0	7.505718872E-1	2.802300092E-2
6.720000000E0	7.552646299E-1	2.881823880E-2
6.730000000E0	7.589516570E-1	2.962719830E-2
6.740000000E0	7.628929555E-1	3.034974740E-2
6.750000000E0	7.673358418E-1	3.071619368E-2
6.760000000E0	7.711165603E-1	3.204298497E-2
6.770000000E0	7.742159791E-1	3.260346839E-2
6.780000000E0	7.783185658E-1	3.307653959E-2
6.790000000E0	7.816090065E-1	3.446518669E-2
6.800000000E0	7.845341659E-1	3.534773255E-2
6.810000000E0	7.881194777E-1	3.669711493E-2
6.820000000E0	7.908906743E-1	3.709578107E-2
6.830000000E0	7.928777454E-1	3.769399413E-2
6.840000000E0	7.940962667E-1	3.904930710E-2
6.850000000E0	7.969272389E-1	3.950636307E-2
6.860000000E0	7.993279425E-1	4.032623579E-2
6.870000000E0	8.014341664E-1	4.070438324E-2
6.880000000E0	8.025963720E-1	4.111015216E-2
6.890000000E0	8.047861521E-1	4.187299234E-2
6.900000000E0	8.063198732E-1	4.224368240E-2
6.910000000E0	8.083874496E-1	4.288952203E-2
6.920000000E0	8.099701997E-1	4.300042404E-2
6.930000000E0	8.113749262E-1	4.287508776E-2
6.940000000E0	8.124588719E-1	4.288620692E-2
6.950000000E0	8.140237554E-1	4.320656779E-2
6.960000000E0	8.148929217E-1	4.326504724E-2
6.970000000E0	8.151923119E-1	4.423310458E-2
6.980000000E0	8.154177417E-1	4.371915551E-2
6.990000000E0	8.162938636E-1	4.405959335E-2
7.000000000E0	8.165304955E-1	4.416345095E-2
7.010000000E0	8.167065255E-1	4.420285024E-2
7.020000000E0	8.171258489E-1	4.393157813E-2
7.030000000E0	8.170863909E-1	4.386187157E-2
7.040000000E0	8.169421140E-1	4.388879431E-2
7.050000000E0	8.155416243E-1	4.461675953E-2
7.060000000E0	8.154002898E-1	4.480848169E-2
7.070000000E0	8.150454306E-1	4.424416109E-2
7.080000000E0	8.146135773E-1	4.379063655E-2
7.090000000E0	8.139247491E-1	4.373801930E-2
7.100000000E0	8.126674064E-1	4.357892645E-2
7.110000000E0	8.108305293E-1	4.350217663E-2
7.120000000E0	8.102189765E-1	4.297146860E-2
7.130000000E0	8.088880469E-1	4.264061798E-2
7.140000000E0	8.073618145E-1	4.237201728E-2
7.150000000E0	8.050903645E-1	4.231280062E-2
7.160000000E0	8.035319208E-1	4.166766051E-2
7.170000000E0	8.009251883E-1	4.133738988E-2
7.180000000E0	7.990109237E-1	4.050754744E-2
7.190000000E0	7.970164747E-1	4.024343873E-2
7.200000000E0	7.946517214E-1	3.927374559E-2
7.210000000E0	7.924541739E-1	3.834826278E-2
7.220000000E0	7.893360248E-1	3.795359551E-2
7.230000000E0	7.874714855E-1	3.720155634E-2
7.240000000E0	7.840914133E-1	3.612252446E-2
7.250000000E0	7.807861693E-1	3.574221596E-2
7.260000000E0	7.780010715E-1	3.472737136E-2
7.270000000E0	7.747092867E-1	3.383922985E-2
7.280000000E0	7.705290378E-1	3.344438871E-2
7.290000000E0	7.692129509E-1	2.611926961E-2
7.300000000E0	7.650100773E-1	2.509907614E-2
7.310000000E0	7.608643767E-1	2.414841894E-2
7.320000000E0	7.578568593E-1	2.373221359E-2
7.330000000E0	7.536914631E-1	2.274054000E-2
7.340000000E0	7.492845030E-1	2.170278157E-2
7.350000000E0	7.446443756E-1	2.068798185E-2
7.360000000E0	7.398163127E-1	1.962784696E-2
7.370000000E0	7.364475016E-1	1.911610857E-2
7.380000000E0	7.314463044E-1	1.832249020E-2
7.390000000E0	7.263132588E-1	1.726995260E-2
7.400000000E0	7.210926334E-1	1.624531698E-2
7.410000000E0	7.160706614E-1	1.530912505E-2
7.420000000E0	7.119939518E-1	1.478298203E-2
7.430000000E0	7.067562368E-1	1.392699786E-2
7.440000000E0	7.010349869E-1	1.295645512E-2
7.450000000E0	6.968438413E-1	1.249302878E-2
7.460000000E0	6.908401923E-1	1.174022495E-2
7.470000000E0	6.851978977E-1	1.078003339E-2
7.480000000E0	6.805293262E-1	1.051561533E-2
7.490000000E0	6.745426983E-1	9.611512780E-3
7.500000000E0	6.687534807E-1	8.884760505E-3
7.510000000E0	6.634454540E-1	8.398796403E-3
7.520000000E0	6.575248165E-1	7.637121372E-3
7.530000000E0	6.520720039E-1	7.321213256E-3
7.540000000E0	6.458606205E-1	6.637575094E-3
7.550000000E0	6.401404645E-1	6.263656983E-3
7.560000000E0	6.345170002E-1	6.091236128E-3
7.570000000E0	6.315966022E-1	6.289521139E-3
7.580000000E0	6.163107335E-1	1.036657235E-2
7.590000000E0	6.213526165E-1	1.050872448E-2
7.600000000E0	6.070156636E-1	5.436126949E-3
7.610000000E0	6.038801907E-1	5.114676155E-3
7.620000000E0	5.986071180E-1	5.056708834E-3
7.630000000E0	5.932631240E-1	5.001811690E-3
7.640000000E0	5.877734341E-1	4.904027869E-3
7.650000000E0	5.821499666E-1	4.533269167E-3
7.660000000E0	5.765490153E-1	4.250300020E-3
7.670000000E0	5.706866216E-1	4.104962361E-3
7.680000000E0	5.648661260E-1	4.062420781E-3
7.690000000E0	5.593520279E-1	4.040784843E-3
7.700000000E0	5.535273687E-1	4.037255808E-3
7.710000000E0	5.480854812E-1	4.026396824E-3
7.720000000E0	5.419069715E-1	4.041257426E-3
7.730000000E0	5.361264422E-1	4.035450715E-3
7.740000000E0	5.302104080E-1	4.011192770E-3
7.750000000E0	5.243778640E-1	4.014910365E-3
7.760000000E0	5.185695423E-1	4.010950659E-3
7.770000000E0	5.129480722E-1	4.019407989E-3
7.780000000E0	5.073979397E-1	4.026021430E-3
7.790000000E0	5.013567787E-1	4.044564905E-3
7.800000000E0	4.954565128E-1	4.045690614E-3
7.810000000E0	4.897542354E-1	4.060494842E-3
7.820000000E0	4.842729374E-1	4.063374405E-3
7.830000000E0	4.786986978E-1	4.094808703E-3
7.840000000E0	4.733387437E-1	4.170169439E-3
7.850000000E0	4.676106486E-1	4.209958469E-3
7.860000000E0	4.622385150E-1	4.518924050E-3
7.870000000E0	4.567294545E-1	4.816943744E-3
7.880000000E0	4.511567984E-1	5.075578229E-3
7.890000000E0	4.458728398E-1	5.164937155E-3
7.900000000E0	4.405528401E-1	5.332312014E-3
7.910000000E0	4.383688568E-1	6.033854149E-3
7.920000000E0	4.235255647E-1	1.078071456E-2
7.930000000E0	4.289287001E-1	1.072854333E-2
7.940000000E0	4.145910939E-1	7.240662843E-3
7.950000000E0	4.133648494E-1	7.024335483E-3
7.960000000E0	4.089396221E-1	7.309750869E-3
7.970000000E0	4.036817875E-1	7.507858342E-3
7.980000000E0	3.980599201E-1	7.969858150E-3
7.990000000E0	3.933117976E-1	8.465010076E-3
8.000000000E0	3.886196207E-1	8.872331387E-3
8.010000000E0	3.829051434E-1	9.391520154E-3
8.020000000E0	3.784163996E-1	9.670788271E-3
8.030000000E0	3.729469283E-1	1.041345312E-2
8.040000000E0	3.686060123E-1	1.071262377E-2
8.050000000E0	3.631237708E-1	1.143123105E-2
8.060000000E0	3.595003638E-1	1.178672970E-2
8.070000000E0	3.545450288E-1	1.260047459E-2
8.080000000E0	3.507343543E-1	1.291917245E-2
8.090000000E0	3.457645473E-1	1.379631495E-2
8.100000000E0	3.419770698E-1	1.408536892E-2
8.110000000E0	3.372470614E-1	1.496567629E-2
8.120000000E0	3.338051855E-1	1.519763069E-2
8.130000000E0	3.297228006E-1	1.602476127E-2
8.140000000E0	3.262669897E-1	1.634877030E-2
8.150000000E0	3.219783432E-1	1.723852715E-2
8.160000000E0	3.186313901E-1	1.762820287E-2
8.170000000E0	3.148647528E-1	1.837383489E-2
8.180000000E0	3.117854051E-1	1.870240983E-2
8.190000000E0	3.078454076E-1	1.946011912E-2
8.200000000E0	3.051332365E-1	1.976989733E-2
8.210000000E0	3.013226399E-1	2.056322881E-2
8.220000000E0	2.987109258E-1	2.082984846E-2
8.230000000E0	2.953333555E-1	2.160736236E-2
8.240000000E0	2.930196330E-1	2.188866040E-2
8.250000000E0	2.897535483E-1	2.264802008E-2
8.260000000E0	2.877197577E-1	2.288675394E-2
8.270000000E0	2.844050986E-1	2.370479950E-2
8.280000000E0	2.824074324E-1	2.396256735E-2
8.290000000E0	2.792686869E-1	2.469403567E-2
8.300000000E0	2.776773567E-1	2.500700290E-2
8.310000000E0	2.757652839E-1	2.534188235E-2
8.320000000E0	2.730258704E-1	2.585529837E-2
8.330000000E0	2.716197753E-1	2.616730263E-2
8.340000000E0	2.701596729E-1	2.634071725E-2
8.350000000E0	2.680047420E-1	2.703099530E-2
8.360000000E0	2.668892402E-1	2.722585599E-2
8.370000000E0	2.656250329E-1	2.739594445E-2
8.380000000E0	2.636493976E-1	2.797892936E-2
8.390000000E0	2.627173262E-1	2.826211157E-2
8.400000000E0	2.620761758E-1	2.833314347E-2
8.410000000E0	2.614135960E-1	2.838274766E-2
8.420000000E0	2.609150621E-1	2.844889958E-2
8.430000000E0	2.605712869E-1	2.851312689E-2
8.440000000E0	2.601109948E-1	2.856468327E-2
8.450000000E0	2.599581438E-1	2.850151176E-2
8.460000000E0	2.599636661E-1	2.849101950E-2
8.470000000E0	2.599018962E-1	2.845462493E-2
8.480000000E0	2.599961794E-1	2.840811884E-2
8.490000000E0	2.601740566E-1	2.836523118E-2
8.500000000E0	2.604123666E-1	2.835140394E-2
8.510000000E0	2.607340419E-1	2.830377961E-2
8.520000000E0	2.613126512E-1	2.826042357E-2
8.530000000E0	2.618190836E-1	2.825353427E-2
8.540000000E0	2.623414275E-1	2.812500974E-2
8.550000000E0	2.631188513E-1	2.793159819E-2
8.560000000E0	2.651210663E-1	2.768801451E-2
8.570000000E0	2.659950930E-1	2.726471348E-2
8.580000000E0	2.670520855E-1	2.717378752E-2
8.590000000E0	2.681834773E-1	2.699952442E-2
8.600000000E0	2.704877937E-1	2.634053882E-2
8.610000000E0	2.716946899E-1	2.612593563E-2
8.620000000E0	2.731220965E-1	2.574047316E-2
8.630000000E0	2.759160115E-1	2.515291115E-2
8.640000000E0	2.777793802E-1	2.498733513E-2
8.650000000E0	2.791931549E-1	2.476955866E-2
8.660000000E0	2.823876645E-1	2.397551927E-2
8.670000000E0	2.843247511E-1	2.378432965E-2
8.680000000E0	2.875285883E-1	2.297864554E-2
8.690000000E0	2.897915083E-1	2.275114498E-2
8.700000000E0	2.932708247E-1	2.193484160E-2
8.710000000E0	2.956024815E-1	2.168535065E-2
8.720000000E0	2.990878679E-1	2.092034973E-2
8.730000000E0	3.014904955E-1	2.055049210E-2
8.740000000E0	3.051960475E-1	1.967317902E-2
8.750000000E0	3.079509680E-1	1.941766270E-2
8.760000000E0	3.118964417E-1	1.857172300E-2
8.770000000E0	3.146137566E-1	1.827942157E-2
8.780000000E0	3.185741998E-1	1.736371579E-2
8.790000000E0	3.216727538E-1	1.711084755E-2
8.800000000E0	3.259973637E-1	1.627595258E-2
8.810000000E0	3.292753408E-1	1.596507329E-2
8.820000000E0	3.338906455E-1	1.517556275E-2
8.830000000E0	3.372731110E-1	1.489118919E-2
8.840000000E0	3.417984211E-1	1.405044304E-2
8.850000000E0	3.453665416E-1	1.380260032E-2
8.860000000E0	3.499794662E-1	1.303957327E-2
8.870000000E0	3.536962420E-1	1.276705248E-2
8.880000000E0	3.582211722E-1	1.193125947E-2
8.890000000E0	3.620463086E-1	1.168942974E-2
8.900000000E0	3.671848324E-1	1.109501531E-2
8.910000000E0	3.711945106E-1	1.065840453E-2
8.920000000E0	3.751997176E-1	1.036030555E-2
8.930000000E0	3.804376768E-1	9.657312154E-3
8.940000000E0	3.848772065E-1	9.496439238E-3
8.950000000E0	3.897368463E-1	8.790859008E-3
8.960000000E0	3.941058704E-1	8.417671383E-3
8.970000000E0	3.990922944E-1	7.808755224E-3
8.980000000E0	4.038431130E-1	7.371971699E-3
8.990000000E0	4.086299308E-1	7.132608819E-3
9.000000000E0	4.126516175E-1	6.553619784E-3
9.010000000E0	4.137826893E-1	6.507874187E-3
9.020000000E0	4.188277236E-1	6.563176820E-3
9.030000000E0	4.237020503E-1	6.275480083E-3
9.040000000E0	4.289123255E-1	6.379119209E-3
9.050000000E0	4.336136673E-1	5.416601974E-3
9.060000000E0	4.388836922E-1	5.683970327E-3
9.070000000E0	4.435574970E-1	4.559390808E-3
9.080000000E0	4.488720742E-1	4.828663125E-3
9.090000000E0	4.536846792E-1	3.855039957E-3
9.100000000E0	4.588487488E-1	4.998368879E-3
9.110000000E0	4.634094254E-1	4.436261277E-3
9.120000000E0	4.686134125E-1	4.645617383E-3
9.130000000E0	4.735200515E-1	3.845983503E-3
9.140000000E0	4.786605456E-1	4.428300734E-3
9.150000000E0	4.836027886E-1	3.779679449E-3
9.160000000E0	4.887760536E-1	4.171008867E-3
9.170000000E0	4.938994268E-1	4.807285235E-3
9.180000000E0	4.988539877E-1	4.124437120E-3
9.190000000E0	5.041484127E-1	4.408570161E-3
9.200000000E0	5.091290462E-1	4.078535778E-3
9.210000000E0	5.140596399E-1	4.544126195E-3
9.220000000E0	5.194558412E-1	4.574415403E-3
9.230000000E0	5.242790188E-1	4.232725133E-3
9.240000000E0	5.294083400E-1	4.669513337E-3
9.250000000E0	5.343074993E-1	4.412637600E-3
9.260000000E0	5.394439758E-1	4.563476547E-3
9.270000000E0	5.442071863E-1	4.381010791E-3
9.280000000E0	5.493610173E-1	5.041973539E-3
9.290000000E0	5.539941036E-1	4.480715117E-3
9.300000000E0	5.586882572E-1	4.459541011E-3
9.310000000E0	5.638163022E-1	4.936964684E-3
9.320000000E0	5.684153641E-1	4.979298190E-3
9.330000000E0	5.735732871E-1	6.027814118E-3
9.340000000E0	5.780898725E-1	5.704759980E-3
9.350000000E0	5.827166236E-1	5.307305384E-3
9.360000000E0	5.872734608E-1	5.632758588E-3
9.370000000E0	5.918749168E-1	5.800654102E-3
9.380000000E0	5.966814385E-1	5.808671293E-3
9.390000000E0	6.014540790E-1	5.560364091E-3
9.400000000E0	6.065869593E-1	6.409968606E-3
9.410000000E0	6.113333766E-1	6.537116057E-3
9.420000000E0	6.157945030E-1	6.449906031E-3
9.430000000E0	6.207302180E-1	6.255800218E-3
9.440000000E0	6.254279256E-1	6.637230747E-3
