mass_A
t	x	y
0.000000000E0	-1.263523452E-3	1.357042167E-1
1.000000000E-2	-1.049481868E-3	1.356630543E-1
2.000000000E-2	-3.282641608E-4	1.356317343E-1
3.000000000E-2	1.336484843E-4	1.347718246E-1
4.000000000E-2	1.035816779E-3	1.339617318E-1
5.000000000E-2	2.278762471E-3	1.328675341E-1
6.000000000E-2	4.207585853E-3	1.317875982E-1
7.000000000E-2	6.334579813E-3	1.304792546E-1
8.000000000E-2	8.667200024E-3	1.290326387E-1
9.000000000E-2	1.114404446E-2	1.271198151E-1
1.000000000E-1	1.418168613E-2	1.253342285E-1
1.100000000E-1	1.741156218E-2	1.236816241E-1
1.200000000E-1	2.080293337E-2	1.214046465E-1
1.300000000E-1	2.471819828E-2	1.191852176E-1
1.400000000E-1	2.861384778E-2	1.162105200E-1
1.500000000E-1	3.307647705E-2	1.136495304E-1
1.600000000E-1	3.748996160E-2	1.108294962E-1
1.700000000E-1	4.271258638E-2	1.093528023E-1
1.800000000E-1	4.819200899E-2	1.080423758E-1
1.900000000E-1	5.368334323E-2	1.054242778E-1
2.000000000E-1	5.960168451E-2	1.019209620E-1
2.100000000E-1	6.560940250E-2	9.760360121E-2
2.200000000E-1	7.199679848E-2	9.329059698E-2
2.300000000E-1	7.827049400E-2	9.045097154E-2
2.400000000E-1	8.508455731E-2	8.676727337E-2
2.500000000E-1	9.219342400E-2	8.405400703E-2
2.600000000E-1	9.937501944E-2	8.024356257E-2
2.700000000E-1	1.068156026E-1	7.699607572E-2
2.800000000E-1	1.143935401E-1	7.396567260E-2
2.900000000E-1	1.222336847E-1	7.089461551E-2
3.000000000E-1	1.305141049E-1	6.736150272E-2
3.100000000E-1	1.387680582E-1	6.429826539E-2
3.200000000E-1	1.474176857E-1	6.149789632E-2
3.300000000E-1	1.561579091E-1	5.852094222E-2
3.400000000E-1	1.648715243E-1	5.568184387E-2
3.500000000E-1	1.738649502E-1	5.292572724E-2
3.600000000E-1	1.828726966E-1	4.992610054E-2
3.700000000E-1	1.918488470E-1	4.717857621E-2
3.800000000E-1	2.007587986E-1	4.449434262E-2
3.900000000E-1	2.101268766E-1	4.205450294E-2
4.000000000E-1	2.194929578E-1	3.906894084E-2
4.100000000E-1	2.290949514E-1	3.724483566E-2
4.200000000E-1	2.388081341E-1	3.517747191E-2
4.300000000E-1	2.488196573E-1	3.274810067E-2
4.400000000E-1	2.593315868E-1	3.027227264E-2
4.500000000E-1	2.698196857E-1	2.838765636E-2
4.600000000E-1	2.801528639E-1	2.597333414E-2
4.700000000E-1	2.903823840E-1	2.406917219E-2
4.800000000E-1	3.009065965E-1	2.214268676E-2
4.900000000E-1	3.115759945E-1	2.047450123E-2
5.000000000E-1	3.220074330E-1	1.872358067E-2
5.100000000E-1	3.327859583E-1	1.708272740E-2
5.200000000E-1	3.437397985E-1	1.558189976E-2
5.300000000E-1	3.546985616E-1	1.408045443E-2
5.400000000E-1	3.658404447E-1	1.264453082E-2
5.500000000E-1	3.770396246E-1	1.121414485E-2
5.600000000E-1	3.880858232E-1	1.011414791E-2
5.700000000E-1	3.992093505E-1	9.248081298E-3
5.800000000E-1	4.100432300E-1	8.752389692E-3
5.900000000E-1	4.210907875E-1	8.226828174E-3
6.000000000E-1	4.321315667E-1	7.333546091E-3
6.100000000E-1	4.433647106E-1	6.787891007E-3
6.200000000E-1	4.545327748E-1	6.255074219E-3
6.300000000E-1	4.659688788E-1	5.863443711E-3
6.400000000E-1	4.771553572E-1	5.561375818E-3
6.500000000E-1	4.884363860E-1	5.488505450E-3
6.600000000E-1	4.995834636E-1	5.476607356E-3
6.700000000E-1	5.106916269E-1	5.311088672E-3
6.800000000E-1	5.217748076E-1	5.412988120E-3
6.900000000E-1	5.326613534E-1	5.737233129E-3
7.000000000E-1	5.436063705E-1	5.714272761E-3
7.100000000E-1	5.545787133E-1	5.598677085E-3
7.200000000E-1	5.656273497E-1	5.626643270E-3
7.300000000E-1	5.765979487E-1	5.697066140E-3
7.400000000E-1	5.876209860E-1	5.692937783E-3
7.500000000E-1	5.984803658E-1	6.056299880E-3
7.600000000E-1	6.095568410E-1	6.847498511E-3
7.700000000E-1	6.203619969E-1	6.893522440E-3
7.800000000E-1	6.315810437E-1	6.764348685E-3
7.900000000E-1	6.423720021E-1	7.451084934E-3
8.000000000E-1	6.530768759E-1	8.603809972E-3
8.100000000E-1	6.635779693E-1	9.445844770E-3
8.200000000E-1	6.737669384E-1	1.068665921E-2
8.300000000E-1	6.840057247E-1	1.198986732E-2
8.400000000E-1	6.940230598E-1	1.351909444E-2
8.500000000E-1	7.037344656E-1	1.491453655E-2
8.600000000E-1	7.135532077E-1	1.658666537E-2
8.700000000E-1	7.234233635E-1	1.851848035E-2
8.800000000E-1	7.331994566E-1	2.031468728E-2
8.900000000E-1	7.426581941E-1	2.219697361E-2
9.000000000E-1	7.519963170E-1	2.431596811E-2
9.100000000E-1	7.610060048E-1	2.644742698E-2
9.200000000E-1	7.698787569E-1	2.863228632E-2
9.300000000E-1	7.785089960E-1	3.082713059E-2
9.400000000E-1	7.872976575E-1	3.321341605E-2
9.500000000E-1	7.958139024E-1	3.590982528E-2
9.600000000E-1	8.039902190E-1	3.821084309E-2
9.700000000E-1	8.123952230E-1	4.035743148E-2
9.800000000E-1	8.204342515E-1	4.248482396E-2
9.900000000E-1	8.286341272E-1	4.512648689E-2
1.000000000E0	8.362114306E-1	4.755427619E-2
1.010000000E0	8.436115688E-1	4.966257884E-2
1.020000000E0	8.511174832E-1	5.176696291E-2
1.030000000E0	8.580359829E-1	5.420579115E-2
1.040000000E0	8.648515624E-1	5.659179700E-2
1.050000000E0	8.714088715E-1	5.882197786E-2
1.060000000E0	8.778182512E-1	6.090801203E-2
1.070000000E0	8.842594636E-1	6.306520215E-2
1.080000000E0	8.901996290E-1	6.560765798E-2
1.090000000E0	8.962265335E-1	6.747135143E-2
1.100000000E0	9.019337858E-1	6.963176019E-2
1.110000000E0	9.074032387E-1	7.183648849E-2
1.120000000E0	9.127154840E-1	7.403167849E-2
1.130000000E0	9.175052547E-1	7.619577511E-2
1.140000000E0	9.220803655E-1	7.837737418E-2
1.150000000E0	9.264310797E-1	8.034134304E-2
1.160000000E0	9.306789578E-1	8.248923747E-2
1.170000000E0	9.349210052E-1	8.431479154E-2
1.180000000E0	9.385570856E-1	8.606828502E-2
1.190000000E0	9.420054550E-1	8.808502121E-2
1.200000000E0	9.453221010E-1	8.958298162E-2
1.210000000E0	9.483542170E-1	9.110108731E-2
1.220000000E0	9.513220052E-1	9.248562325E-2
1.230000000E0	9.538603641E-1	9.381486171E-2
1.240000000E0	9.561550961E-1	9.496615339E-2
1.250000000E0	9.582595824E-1	9.598933795E-2
1.260000000E0	9.603053329E-1	9.693196041E-2
1.270000000E0	9.617255734E-1	9.801080983E-2
1.280000000E0	9.629568220E-1	9.906399035E-2
1.290000000E0	9.643773218E-1	9.915822828E-2
1.300000000E0	9.651369573E-1	1.000955805E-1
1.310000000E0	9.659832260E-1	1.002736360E-1
1.320000000E0	9.666133142E-1	1.002912016E-1
1.330000000E0	9.669968485E-1	1.003525530E-1
1.340000000E0	9.670346872E-1	1.003409955E-1
1.350000000E0	9.669048817E-1	1.002377151E-1
1.360000000E0	9.662581443E-1	1.001962171E-1
1.370000000E0	9.658067722E-1	9.929746025E-2
1.380000000E0	9.648290645E-1	9.893296096E-2
1.390000000E0	9.637654347E-1	9.817025078E-2
1.400000000E0	9.625683847E-1	9.722270075E-2
1.410000000E0	9.606806322E-1	9.671151943E-2
1.420000000E0	9.591570187E-1	9.540256574E-2
1.430000000E0	9.569891000E-1	9.393872027E-2
1.440000000E0	9.543786072E-1	9.301820231E-2
1.450000000E0	9.515972936E-1	9.152009396E-2
1.460000000E0	9.484246073E-1	9.015246319E-2
1.470000000E0	9.453345539E-1	8.864951014E-2
1.480000000E0	9.418281294E-1	8.705357126E-2
1.490000000E0	9.383954826E-1	8.515612461E-2
1.500000000E0	9.347360200E-1	8.349352613E-2
1.510000000E0	9.307430287E-1	8.167457579E-2
1.520000000E0	9.264823578E-1	7.986332925E-2
1.530000000E0	9.219981220E-1	7.804341762E-2
1.540000000E0	9.174975822E-1	7.605223383E-2
1.550000000E0	9.129103187E-1	7.386454945E-2
1.560000000E0	9.077024760E-1	7.188820015E-2
1.570000000E0	9.026008833E-1	6.968174168E-2
1.580000000E0	8.974716394E-1	6.767558762E-2
1.590000000E0	8.917322529E-1	6.540251247E-2
1.600000000E0	8.857752248E-1	6.350165984E-2
1.610000000E0	8.799090412E-1	6.144044321E-2
1.620000000E0	8.737008370E-1	5.969633238E-2
1.630000000E0	8.675982759E-1	5.744068621E-2
1.640000000E0	8.611696460E-1	5.539351044E-2
1.650000000E0	8.545670900E-1	5.318275454E-2
1.660000000E0	8.478229205E-1	5.095960664E-2
1.670000000E0	8.408852390E-1	4.873632572E-2
1.680000000E0	8.340346679E-1	4.677482592E-2
1.690000000E0	8.265143560E-1	4.430682087E-2
1.700000000E0	8.192017375E-1	4.201715234E-2
1.710000000E0	8.114960052E-1	3.984077149E-2
1.720000000E0	8.037936173E-1	3.779116875E-2
1.730000000E0	7.960446463E-1	3.622354979E-2
1.740000000E0	7.882777659E-1	3.407912835E-2
1.750000000E0	7.803410588E-1	3.192127444E-2
1.760000000E0	7.721685800E-1	2.990729984E-2
1.770000000E0	7.639232549E-1	2.773669907E-2
1.780000000E0	7.554109956E-1	2.576773499E-2
1.790000000E0	7.473346908E-1	2.366610526E-2
1.800000000E0	7.386754024E-1	2.168141653E-2
1.810000000E0	7.299363346E-1	1.987906234E-2
1.820000000E0	7.210729408E-1	1.814274304E-2
1.830000000E0	7.121857862E-1	1.648007975E-2
1.840000000E0	7.031117987E-1	1.488058350E-2
1.850000000E0	6.937788576E-1	1.328905666E-2
1.860000000E0	6.845464836E-1	1.202011370E-2
1.870000000E0	6.751215978E-1	1.085292969E-2
1.880000000E0	6.658918371E-1	9.857327186E-3
1.890000000E0	6.562525298E-1	8.892992358E-3
1.900000000E0	6.469932480E-1	7.920958841E-3
1.910000000E0	6.374038308E-1	7.092898584E-3
1.920000000E0	6.279835935E-1	6.732579618E-3
1.930000000E0	6.183134514E-1	6.951087911E-3
1.940000000E0	6.090572069E-1	6.923645936E-3
1.950000000E0	5.996350267E-1	6.494341571E-3
1.960000000E0	5.905071284E-1	5.953082453E-3
1.970000000E0	5.810646374E-1	5.636674829E-3
1.980000000E0	5.715187036E-1	5.388023718E-3
1.990000000E0	5.622904046E-1	5.373852139E-3
2.000000000E0	5.528064780E-1	5.521650270E-3
2.010000000E0	5.433500460E-1	5.475016274E-3
2.020000000E0	5.338968035E-1	5.552088441E-3
2.030000000E0	5.246192298E-1	5.502189039E-3
2.040000000E0	5.152265040E-1	5.546807542E-3
2.050000000E0	5.058920558E-1	5.546271661E-3
2.060000000E0	4.963700990E-1	5.582545602E-3
2.070000000E0	4.871598698E-1	5.677162139E-3
2.080000000E0	4.777000649E-1	6.000573893E-3
2.090000000E0	4.686663146E-1	6.165119455E-3
2.100000000E0	4.596068802E-1	6.265398852E-3
2.110000000E0	4.505148216E-1	6.527437978E-3
2.120000000E0	4.414977598E-1	6.799179094E-3
2.130000000E0	4.322363226E-1	7.373701581E-3
2.140000000E0	4.233076089E-1	7.899562880E-3
2.150000000E0	4.144909890E-1	7.929339088E-3
2.160000000E0	4.056113689E-1	8.524757058E-3
2.170000000E0	3.968721503E-1	8.839895054E-3
2.180000000E0	3.880177847E-1	9.603928616E-3
2.190000000E0	3.792417281E-1	1.020638024E-2
2.200000000E0	3.704902758E-1	1.106607701E-2
2.210000000E0	3.617322431E-1	1.216005079E-2
2.220000000E0	3.531771525E-1	1.303925997E-2
2.230000000E0	3.449715872E-1	1.413964452E-2
2.240000000E0	3.369392763E-1	1.533578930E-2
2.250000000E0	3.288155826E-1	1.657617876E-2
2.260000000E0	3.208138818E-1	1.780641216E-2
2.270000000E0	3.130328242E-1	1.906290986E-2
2.280000000E0	3.052381753E-1	2.023470206E-2
2.290000000E0	2.975294064E-1	2.163977302E-2
2.300000000E0	2.898932832E-1	2.311577752E-2
2.310000000E0	2.823586384E-1	2.444637518E-2
2.320000000E0	2.750251602E-1	2.615503569E-2
2.330000000E0	2.678394489E-1	2.755726085E-2
2.340000000E0	2.609240238E-1	2.932230177E-2
2.350000000E0	2.538134026E-1	3.075904212E-2
2.360000000E0	2.468263264E-1	3.238447923E-2
2.370000000E0	2.402782998E-1	3.455184469E-2
2.380000000E0	2.337459095E-1	3.629109178E-2
2.390000000E0	2.273190945E-1	3.739048582E-2
2.400000000E0	2.213049177E-1	3.894554580E-2
2.410000000E0	2.151855049E-1	4.047438480E-2
2.420000000E0	2.093200142E-1	4.199179039E-2
2.430000000E0	2.035974350E-1	4.352006220E-2
2.440000000E0	1.982643907E-1	4.507085267E-2
2.450000000E0	1.929579561E-1	4.656464217E-2
2.460000000E0	1.880722136E-1	4.810195785E-2
2.470000000E0	1.829733072E-1	4.963731904E-2
2.480000000E0	1.783824068E-1	5.098502783E-2
2.490000000E0	1.738043337E-1	5.270427969E-2
2.500000000E0	1.695824347E-1	5.410443918E-2
2.510000000E0	1.652845736E-1	5.544128646E-2
2.520000000E0	1.611462109E-1	5.681121224E-2
2.530000000E0	1.574428300E-1	5.821262645E-2
2.540000000E0	1.538018307E-1	5.975829175E-2
2.550000000E0	1.502624045E-1	6.068870507E-2
2.560000000E0	1.467107656E-1	6.191953102E-2
2.570000000E0	1.436894773E-1	6.308881117E-2
2.580000000E0	1.407481917E-1	6.425103132E-2
2.590000000E0	1.378923341E-1	6.520027225E-2
2.600000000E0	1.354629628E-1	6.629689351E-2
2.610000000E0	1.331937729E-1	6.722344555E-2
2.620000000E0	1.310643938E-1	6.815713290E-2
2.630000000E0	1.289392851E-1	6.873447853E-2
2.640000000E0	1.271910042E-1	6.951587542E-2
2.650000000E0	1.256006942E-1	7.033539971E-2
2.660000000E0	1.242856288E-1	7.085421368E-2
2.670000000E0	1.232628380E-1	7.144714851E-2
2.680000000E0	1.222723059E-1	7.176863072E-2
2.690000000E0	1.214202768E-1	7.196758755E-2
2.700000000E0	1.210057864E-1	7.209204806E-2
2.710000000E0	1.205607752E-1	7.208537369E-2
2.720000000E0	1.201628250E-1	7.188592392E-2
2.730000000E0	1.201049194E-1	7.174649900E-2
2.740000000E0	1.202201577E-1	7.169843496E-2
2.750000000E0	1.206536390E-1	7.160419725E-2
2.760000000E0	1.212260710E-1	7.154412530E-2
2.770000000E0	1.221095475E-1	7.098044381E-2
2.780000000E0	1.231017235E-1	7.060124339E-2
2.790000000E0	1.243592571E-1	7.018624457E-2
2.800000000E0	1.256122058E-1	6.948477335E-2
2.810000000E0	1.271344941E-1	6.884271860E-2
2.820000000E0	1.288370350E-1	6.786934951E-2
2.830000000E0	1.309395138E-1	6.709468256E-2
2.840000000E0	1.331984674E-1	6.622308769E-2
2.850000000E0	1.354813137E-1	6.527642674E-2
2.860000000E0	1.379215617E-1	6.432106660E-2
2.870000000E0	1.409423239E-1	6.319057060E-2
2.880000000E0	1.441265109E-1	6.196895278E-2
2.890000000E0	1.474033188E-1	6.100098281E-2
2.900000000E0	1.508647439E-1	5.974076067E-2
2.910000000E0	1.542874617E-1	5.846590611E-2
2.920000000E0	1.579793179E-1	5.757561098E-2
2.930000000E0	1.619061699E-1	5.621549733E-2
2.940000000E0	1.660555752E-1	5.507892587E-2
2.950000000E0	1.702746454E-1	5.392204869E-2
2.960000000E0	1.748054188E-1	5.246505776E-2
2.970000000E0	1.794889089E-1	5.108458315E-2
2.980000000E0	1.840438383E-1	4.968913279E-2
2.990000000E0	1.887278929E-1	4.847748488E-2
3.000000000E0	1.937931516E-1	4.721513860E-2
3.010000000E0	1.986995427E-1	4.574597839E-2
3.020000000E0	2.039378923E-1	4.406477629E-2
3.030000000E0	2.092991194E-1	4.257614023E-2
3.040000000E0	2.149597412E-1	4.107009614E-2
3.050000000E0	2.205137382E-1	3.970734910E-2
3.060000000E0	2.262735357E-1	3.832927051E-2
3.070000000E0	2.324263436E-1	3.680057375E-2
3.080000000E0	2.383625166E-1	3.553863820E-2
3.090000000E0	2.446554871E-1	3.355802289E-2
3.100000000E0	2.511993687E-1	3.194567665E-2
3.110000000E0	2.579325849E-1	3.071308922E-2
3.120000000E0	2.645125473E-1	2.923878418E-2
3.130000000E0	2.712484408E-1	2.748958742E-2
3.140000000E0	2.781443107E-1	2.632199309E-2
3.150000000E0	2.851727016E-1	2.488899062E-2
3.160000000E0	2.921285467E-1	2.357202418E-2
3.170000000E0	2.995678778E-1	2.221451919E-2
3.180000000E0	3.065597694E-1	2.089856454E-2
3.190000000E0	3.140994111E-1	1.975346209E-2
3.200000000E0	3.215608597E-1	1.862330075E-2
3.210000000E0	3.288979015E-1	1.741197614E-2
3.220000000E0	3.363938864E-1	1.635431481E-2
3.230000000E0	3.440318219E-1	1.523257063E-2
3.240000000E0	3.517352208E-1	1.434783098E-2
3.250000000E0	3.596486531E-1	1.319475617E-2
3.260000000E0	3.673427391E-1	1.212811165E-2
3.270000000E0	3.756096042E-1	1.123190074E-2
3.280000000E0	3.834884193E-1	1.066974848E-2
3.290000000E0	3.914617162E-1	9.938564670E-3
3.300000000E0	3.995506379E-1	9.184796716E-3
3.310000000E0	4.076561782E-1	8.725843222E-3
3.320000000E0	4.156651170E-1	8.283838784E-3
3.330000000E0	4.236295685E-1	7.758836851E-3
3.340000000E0	4.317904064E-1	7.496828499E-3
3.350000000E0	4.401111263E-1	6.725128089E-3
3.360000000E0	4.481498576E-1	6.350420269E-3
3.370000000E0	4.564676171E-1	6.165682739E-3
3.380000000E0	4.646944910E-1	6.274912377E-3
3.390000000E0	4.726837304E-1	6.001420648E-3
3.400000000E0	4.807442166E-1	5.609223256E-3
3.410000000E0	4.889026936E-1	5.661449907E-3
3.420000000E0	4.971529532E-1	5.587225438E-3
3.430000000E0	5.050968365E-1	5.597067216E-3
3.440000000E0	5.134410720E-1	5.725699411E-3
3.450000000E0	5.215186484E-1	5.902092894E-3
3.460000000E0	5.294549560E-1	6.042603822E-3
3.470000000E0	5.374160696E-1	6.189485547E-3
3.480000000E0	5.455085266E-1	6.311928920E-3
3.490000000E0	5.534395008E-1	6.581211783E-3
3.500000000E0	5.613517141E-1	6.657513362E-3
3.510000000E0	5.694830395E-1	6.852071782E-3
3.520000000E0	5.775914799E-1	6.700654191E-3
3.530000000E0	5.855278245E-1	7.006375110E-3
3.540000000E0	5.933279656E-1	7.389583840E-3
3.550000000E0	6.012685552E-1	7.700406992E-3
3.560000000E0	6.090387465E-1	7.896985229E-3
3.570000000E0	6.166384040E-1	8.151546807E-3
3.580000000E0	6.243034646E-1	8.401922824E-3
3.590000000E0	6.319957511E-1	8.733733754E-3
3.600000000E0	6.399585243E-1	9.287703193E-3
3.610000000E0	6.476458685E-1	9.724355910E-3
3.620000000E0	6.550432493E-1	1.028745584E-2
3.630000000E0	6.626319747E-1	1.083718270E-2
3.640000000E0	6.701766981E-1	1.134122815E-2
3.650000000E0	6.774566265E-1	1.233434131E-2
3.660000000E0	6.847350455E-1	1.321075068E-2
3.670000000E0	6.920726293E-1	1.414807076E-2
3.680000000E0	6.991589742E-1	1.529916613E-2
3.690000000E0	7.062788359E-1	1.609800278E-2
3.700000000E0	7.133729942E-1	1.760869440E-2
3.710000000E0	7.201061694E-1	1.874365785E-2
3.720000000E0	7.267963419E-1	1.991063503E-2
3.730000000E0	7.333647610E-1	2.116340744E-2
3.740000000E0	7.398579815E-1	2.225794915E-2
3.750000000E0	7.462805643E-1	2.334170784E-2
3.760000000E0	7.520111513E-1	2.520047828E-2
3.770000000E0	7.576668988E-1	2.658977516E-2
3.780000000E0	7.631188451E-1	2.763591892E-2
3.790000000E0	7.685918753E-1	2.881192001E-2
3.800000000E0	7.740064547E-1	2.993303614E-2
3.810000000E0	7.793196661E-1	3.115069513E-2
3.820000000E0	7.843628487E-1	3.302290357E-2
3.830000000E0	7.894974774E-1	3.433212054E-2
3.840000000E0	7.943948540E-1	3.583753152E-2
3.850000000E0	7.992262737E-1	3.675948138E-2
3.860000000E0	8.038854720E-1	3.789090855E-2
3.870000000E0	8.084760866E-1	3.915898887E-2
3.880000000E0	8.126946980E-1	4.030484909E-2
3.890000000E0	8.170360859E-1	4.161717057E-2
3.900000000E0	8.213415357E-1	4.283308736E-2
3.910000000E0	8.255000265E-1	4.389641541E-2
3.920000000E0	8.293007057E-1	4.531477647E-2
3.930000000E0	8.330971485E-1	4.619744104E-2
3.940000000E0	8.367514313E-1	4.741523386E-2
3.950000000E0	8.399800010E-1	4.845186296E-2
3.960000000E0	8.431184111E-1	4.937998063E-2
3.970000000E0	8.460250742E-1	5.075046381E-2
3.980000000E0	8.490401297E-1	5.125149394E-2
3.990000000E0	8.514630504E-1	5.237896546E-2
4.000000000E0	8.537934407E-1	5.313657170E-2
4.010000000E0	8.558161798E-1	5.392687083E-2
4.020000000E0	8.580085295E-1	5.449694052E-2
4.030000000E0	8.600159627E-1	5.510699552E-2
4.040000000E0	8.619650547E-1	5.531480819E-2
4.050000000E0	8.634051941E-1	5.623449447E-2
4.060000000E0	8.646037523E-1	5.686068953E-2
4.070000000E0	8.658481545E-1	5.740819581E-2
4.080000000E0	8.669231080E-1	5.760521793E-2
4.090000000E0	8.678811746E-1	5.785753105E-2
4.100000000E0	8.687969060E-1	5.784553757E-2
4.110000000E0	8.690045956E-1	5.842819529E-2
4.120000000E0	8.696198936E-1	5.821597775E-2
4.130000000E0	8.699849330E-1	5.849933894E-2
4.140000000E0	8.700096576E-1	5.850684884E-2
4.150000000E0	8.699713651E-1	5.846519825E-2
4.160000000E0	8.696995269E-1	5.833307428E-2
4.170000000E0	8.690838681E-1	5.849877788E-2
4.180000000E0	8.685153861E-1	5.807172668E-2
4.190000000E0	8.677940535E-1	5.830398550E-2
4.200000000E0	8.667393239E-1	5.803814873E-2
4.210000000E0	8.656910974E-1	5.763040494E-2
4.220000000E0	8.644541038E-1	5.728257336E-2
4.230000000E0	8.633433371E-1	5.650572043E-2
4.240000000E0	8.614965437E-1	5.624616185E-2
4.250000000E0	8.600108326E-1	5.526479360E-2
4.260000000E0	8.579090436E-1	5.495448410E-2
4.270000000E0	8.557748929E-1	5.411600672E-2
4.280000000E0	8.536348098E-1	5.334721241E-2
4.290000000E0	8.513164013E-1	5.228943009E-2
4.300000000E0	8.488804205E-1	5.156595667E-2
4.310000000E0	8.459037303E-1	5.081161079E-2
4.320000000E0	8.432302759E-1	4.956772009E-2
4.330000000E0	8.402574474E-1	4.863565797E-2
4.340000000E0	8.370164266E-1	4.765446015E-2
4.350000000E0	8.336760389E-1	4.650631599E-2
4.360000000E0	8.302654853E-1	4.532274014E-2
4.370000000E0	8.265107649E-1	4.414271308E-2
4.380000000E0	8.226113620E-1	4.305929045E-2
4.390000000E0	8.184645626E-1	4.201143688E-2
4.400000000E0	8.144513805E-1	4.066181224E-2
4.410000000E0	8.103406958E-1	3.965846405E-2
4.420000000E0	8.058476534E-1	3.827871461E-2
4.430000000E0	8.014144922E-1	3.729137045E-2
4.440000000E0	7.969515797E-1	3.642221667E-2
4.450000000E0	7.919966748E-1	3.523934424E-2
4.460000000E0	7.872180217E-1	3.351468555E-2
4.470000000E0	7.820956791E-1	3.234980666E-2
4.480000000E0	7.771178342E-1	3.087081902E-2
4.490000000E0	7.718148294E-1	2.959573107E-2
4.500000000E0	7.663710308E-1	2.849264456E-2
4.510000000E0	7.609348776E-1	2.703617840E-2
4.520000000E0	7.553513575E-1	2.558958728E-2
4.530000000E0	7.497689428E-1	2.427343529E-2
4.540000000E0	7.440603281E-1	2.295846101E-2
4.550000000E0	7.378292729E-1	2.196123084E-2
4.560000000E0	7.319355262E-1	2.053093245E-2
4.570000000E0	7.256348199E-1	1.958596021E-2
4.580000000E0	7.191362634E-1	1.854088045E-2
4.590000000E0	7.125694252E-1	1.756658627E-2
4.600000000E0	7.059582916E-1	1.658787466E-2
4.610000000E0	6.992173323E-1	1.538519350E-2
4.620000000E0	6.925171131E-1	1.435856727E-2
4.630000000E0	6.858238227E-1	1.332135174E-2
4.640000000E0	6.790918138E-1	1.239086471E-2
4.650000000E0	6.721717999E-1	1.156244997E-2
4.660000000E0	6.651463501E-1	1.090496723E-2
4.670000000E0	6.582232865E-1	1.013709303E-2
4.680000000E0	6.514351533E-1	9.586991591E-3
4.690000000E0	6.441797461E-1	9.071528900E-3
4.700000000E0	6.370302072E-1	8.508662288E-3
4.710000000E0	6.299516119E-1	8.271992755E-3
4.720000000E0	6.227815787E-1	7.725882046E-3
4.730000000E0	6.154926347E-1	7.733359136E-3
4.740000000E0	6.084996721E-1	7.676701669E-3
4.750000000E0	6.013845431E-1	7.479429674E-3
4.760000000E0	5.940956847E-1	7.323231954E-3
4.770000000E0	5.869224301E-1	7.217801193E-3
4.780000000E0	5.797312296E-1	7.363823419E-3
4.790000000E0	5.723987114E-1	7.218416226E-3
4.800000000E0	5.653734394E-1	7.057009997E-3
4.810000000E0	5.582301867E-1	7.035499380E-3
4.820000000E0	5.511221016E-1	6.833658933E-3
4.830000000E0	5.439150061E-1	6.715682366E-3
4.840000000E0	5.369185081E-1	6.601286187E-3
4.850000000E0	5.299544402E-1	6.544162772E-3
4.860000000E0	5.227461250E-1	6.597818490E-3
4.870000000E0	5.158896799E-1	6.501895854E-3
4.880000000E0	5.085259782E-1	6.492918558E-3
4.890000000E0	5.015945098E-1	6.445203169E-3
4.900000000E0	4.946329366E-1	6.464894904E-3
4.910000000E0	4.874456186E-1	6.627633981E-3
4.920000000E0	4.805897004E-1	6.617964550E-3
4.930000000E0	4.734130394E-1	6.663654679E-3
4.940000000E0	4.663803284E-1	6.718650840E-3
4.950000000E0	4.595169050E-1	6.736151817E-3
4.960000000E0	4.523024175E-1	6.869582256E-3
4.970000000E0	4.453655518E-1	7.230644195E-3
4.980000000E0	4.385542335E-1	7.641142611E-3
4.990000000E0	4.317256825E-1	7.890562932E-3
5.000000000E0	4.251429335E-1	8.289280045E-3
5.010000000E0	4.186689108E-1	8.656690264E-3
5.020000000E0	4.120970671E-1	8.861930952E-3
5.030000000E0	4.055607918E-1	9.266369559E-3
5.040000000E0	3.989694898E-1	9.677395389E-3
5.050000000E0	3.924573454E-1	9.961092018E-3
5.060000000E0	3.858744453E-1	1.027690111E-2
5.070000000E0	3.793868329E-1	1.094585063E-2
5.080000000E0	3.730227514E-1	1.156990391E-2
5.090000000E0	3.666580622E-1	1.196598945E-2
5.100000000E0	3.605705615E-1	1.265954815E-2
5.110000000E0	3.546933020E-1	1.330222219E-2
5.120000000E0	3.484749694E-1	1.426452703E-2
5.130000000E0	3.427025235E-1	1.489147971E-2
5.140000000E0	3.369197365E-1	1.545468686E-2
5.150000000E0	3.310199134E-1	1.650776572E-2
5.160000000E0	3.253372825E-1	1.751517464E-2
5.170000000E0	3.197895949E-1	1.845115345E-2
5.180000000E0	3.143321902E-1	1.930644339E-2
5.190000000E0	3.088961596E-1	1.994083535E-2
5.200000000E0	3.039822739E-1	2.088810894E-2
5.210000000E0	2.987379966E-1	2.180347932E-2
5.220000000E0	2.936019493E-1	2.291244137E-2
5.230000000E0	2.887886894E-1	2.365710556E-2
5.240000000E0	2.842279625E-1	2.429235007E-2
5.250000000E0	2.795268319E-1	2.528071764E-2
5.260000000E0	2.749552853E-1	2.636712442E-2
5.270000000E0	2.703217257E-1	2.741902973E-2
5.280000000E0	2.659155114E-1	2.833491663E-2
5.290000000E0	2.615357465E-1	2.936414415E-2
5.300000000E0	2.578277329E-1	3.017802898E-2
5.310000000E0	2.537915110E-1	3.102199617E-2
5.320000000E0	2.499142127E-1	3.184999452E-2
5.330000000E0	2.461463810E-1	3.304117575E-2
5.340000000E0	2.425742077E-1	3.413148943E-2
5.350000000E0	2.391868528E-1	3.508882911E-2
5.360000000E0	2.359553414E-1	3.579883224E-2
5.370000000E0	2.326891698E-1	3.650081719E-2
5.380000000E0	2.297137568E-1	3.730996702E-2
5.390000000E0	2.269363088E-1	3.782637284E-2
5.400000000E0	2.239423219E-1	3.866083239E-2
5.410000000E0	2.213373238E-1	3.928686718E-2
5.420000000E0	2.191244875E-1	3.982911462E-2
5.430000000E0	2.168962464E-1	4.063901943E-2
5.440000000E0	2.148626960E-1	4.100777887E-2
5.450000000E0	2.128070384E-1	4.176198044E-2
5.460000000E0	2.108445076E-1	4.210013237E-2
5.470000000E0	2.092999943E-1	4.239896125E-2
5.480000000E0	2.077503149E-1	4.289823048E-2
5.490000000E0	2.063533721E-1	4.317913421E-2
5.500000000E0	2.051907112E-1	4.340691628E-2
5.510000000E0	2.040976894E-1	4.384277460E-2
5.520000000E0	2.030990205E-1	4.412290870E-2
5.530000000E0	2.024909522E-1	4.421881038E-2
5.540000000E0	2.017834036E-1	4.427561756E-2
5.550000000E0	2.015269727E-1	4.427976781E-2
5.560000000E0	2.012107078E-1	4.425519015E-2
5.570000000E0	2.009880077E-1	4.435802685E-2
5.580000000E0	2.008569968E-1	4.429621782E-2
5.590000000E0	2.009513156E-1	4.419307053E-2
5.600000000E0	2.014284185E-1	4.414038414E-2
5.610000000E0	2.017590190E-1	4.409053251E-2
5.620000000E0	2.025887138E-1	4.398013315E-2
5.630000000E0	2.032205091E-1	4.391412950E-2
5.640000000E0	2.040296479E-1	4.355169000E-2
5.650000000E0	2.050937325E-1	4.301435984E-2
5.660000000E0	2.062130813E-1	4.282247846E-2
5.670000000E0	2.076761520E-1	4.236010839E-2
5.680000000E0	2.091533393E-1	4.182090969E-2
5.690000000E0	2.106791922E-1	4.146828385E-2
5.700000000E0	2.126397307E-1	4.085072944E-2
5.710000000E0	2.146882133E-1	4.029619462E-2
5.720000000E0	2.169521892E-1	3.963420000E-2
5.730000000E0	2.192254989E-1	3.905979936E-2
5.740000000E0	2.215431966E-1	3.840618720E-2
5.750000000E0	2.242594513E-1	3.783575500E-2
5.760000000E0	2.270010804E-1	3.694741799E-2
5.770000000E0	2.299498280E-1	3.637335402E-2
5.780000000E0	2.328771384E-1	3.620024636E-2
5.790000000E0	2.358980323E-1	3.551759644E-2
5.800000000E0	2.392062544E-1	3.461772807E-2
5.810000000E0	2.425137907E-1	3.376040681E-2
5.820000000E0	2.460420262E-1	3.307384496E-2
5.830000000E0	2.498362932E-1	3.189672935E-2
5.840000000E0	2.536759640E-1	3.118280131E-2
5.850000000E0	2.577432472E-1	3.005513963E-2
5.860000000E0	2.612632904E-1	2.935634757E-2
5.870000000E0	2.656760769E-1	2.863016677E-2
5.880000000E0	2.700095303E-1	2.762266419E-2
5.890000000E0	2.743857645E-1	2.653348588E-2
5.900000000E0	2.788467321E-1	2.575172797E-2
5.910000000E0	2.832946587E-1	2.492701966E-2
5.920000000E0	2.877273749E-1	2.422176583E-2
5.930000000E0	2.923260399E-1	2.331680763E-2
5.940000000E0	2.973326636E-1	2.219701046E-2
5.950000000E0	3.021567913E-1	2.140478147E-2
5.960000000E0	3.072722572E-1	2.026364757E-2
5.970000000E0	3.120776536E-1	1.967974132E-2
5.980000000E0	3.174052427E-1	1.865839613E-2
5.990000000E0	3.227818329E-1	1.764425653E-2
6.000000000E0	3.282624886E-1	1.671604224E-2
6.010000000E0	3.336898613E-1	1.567610177E-2
6.020000000E0	3.393699635E-1	1.481850390E-2
6.030000000E0	3.449614570E-1	1.426957661E-2
6.040000000E0	3.505979796E-1	1.350508918E-2
6.050000000E0	3.562884871E-1	1.308201550E-2
6.060000000E0	3.623055757E-1	1.220066621E-2
6.070000000E0	3.681867361E-1	1.157020213E-2
6.080000000E0	3.739836935E-1	1.116647493E-2
6.090000000E0	3.801647848E-1	1.042327848E-2
6.100000000E0	3.859853575E-1	1.002498651E-2
6.110000000E0	3.922284406E-1	9.275112038E-3
6.120000000E0	3.980663080E-1	8.941495595E-3
6.130000000E0	4.043109687E-1	8.488499477E-3
6.140000000E0	4.102661407E-1	8.572456943E-3
6.150000000E0	4.165810847E-1	8.017776400E-3
6.160000000E0	4.225020002E-1	7.792270122E-3
6.170000000E0	4.286351322E-1	7.471516944E-3
6.180000000E0	4.347740937E-1	7.212590726E-3
6.190000000E0	4.410218847E-1	6.848646420E-3
6.200000000E0	4.472949957E-1	6.495031781E-3
6.210000000E0	4.537610815E-1	6.195104803E-3
6.220000000E0	4.602898507E-1	6.418991781E-3
6.230000000E0	4.664336359E-1	6.221553881E-3
6.240000000E0	4.727844520E-1	6.246989965E-3
6.250000000E0	4.793147101E-1	5.942151125E-3
6.260000000E0	4.854886166E-1	6.187562378E-3
6.270000000E0	4.917917370E-1	6.211316490E-3
6.280000000E0	4.981591094E-1	6.244978601E-3
6.290000000E0	5.045831659E-1	5.991275850E-3
6.300000000E0	5.106596061E-1	6.196870697E-3
6.310000000E0	5.169802876E-1	6.303088384E-3
6.320000000E0	5.231380254E-1	6.623664435E-3
6.330000000E0	5.292249325E-1	6.605095614E-3
6.340000000E0	5.355962601E-1	6.594173554E-3
6.350000000E0	5.415119081E-1	6.678439911E-3
6.360000000E0	5.478329446E-1	6.615346602E-3
6.370000000E0	5.538313845E-1	6.736939480E-3
6.380000000E0	5.600260375E-1	6.686306842E-3
6.390000000E0	5.661143713E-1	6.736474276E-3
6.400000000E0	5.721984198E-1	6.649066815E-3
6.410000000E0	5.783814612E-1	6.707078601E-3
6.420000000E0	5.845053356E-1	6.753806038E-3
6.430000000E0	5.908640274E-1	6.801529269E-3
6.440000000E0	5.967513697E-1	7.244863135E-3
6.450000000E0	6.028973607E-1	7.352608161E-3
6.460000000E0	6.089092448E-1	7.702721227E-3
6.470000000E0	6.150364201E-1	7.632121652E-3
6.480000000E0	6.208069898E-1	7.798220648E-3
6.490000000E0	6.270689410E-1	7.905040976E-3
6.500000000E0	6.329603337E-1	8.297056237E-3
6.510000000E0	6.387263918E-1	8.684802063E-3
6.520000000E0	6.449225487E-1	8.883193074E-3
6.530000000E0	6.505266752E-1	9.571214313E-3
6.540000000E0	6.560959672E-1	1.000715665E-2
6.550000000E0	6.616661513E-1	1.046311557E-2
6.560000000E0	6.671407178E-1	1.090037541E-2
6.570000000E0	6.726889904E-1	1.137019005E-2
6.580000000E0	6.780943413E-1	1.200668092E-2
6.590000000E0	6.836152187E-1	1.247368348E-2
6.600000000E0	6.889539746E-1	1.309994090E-2
6.610000000E0	6.938083143E-1	1.413416345E-2
6.620000000E0	6.989306182E-1	1.477984711E-2
6.630000000E0	7.036294018E-1	1.557542054E-2
6.640000000E0	7.084536638E-1	1.619967957E-2
6.650000000E0	7.133588536E-1	1.727712490E-2
6.660000000E0	7.178601538E-1	1.848551082E-2
6.670000000E0	7.224321498E-1	1.927411559E-2
6.680000000E0	7.267445475E-1	2.003872022E-2
6.690000000E0	7.310725478E-1	2.105544067E-2
6.700000000E0	7.353054580E-1	2.193551917E-2
6.710000000E0	7.391076827E-1	2.313309217E-2
6.720000000E0	7.431493430E-1	2.358505717E-2
6.730000000E0	7.467627964E-1	2.455970669E-2
6.740000000E0	7.504763240E-1	2.524798986E-2
6.750000000E0	7.541405803E-1	2.596225126E-2
6.760000000E0	7.574937328E-1	2.667452147E-2
6.770000000E0	7.607272188E-1	2.753759849E-2
6.780000000E0	7.638376285E-1	2.823039250E-2
6.790000000E0	7.669628039E-1	2.884565962E-2
6.800000000E0	7.697270662E-1	2.980372032E-2
6.810000000E0	7.727401338E-1	3.014787021E-2
6.820000000E0	7.752410963E-1	3.092509727E-2
6.830000000E0	7.775915563E-1	3.190422025E-2
6.840000000E0	7.802616372E-1	3.201202814E-2
6.850000000E0	7.825730321E-1	3.284244850E-2
6.860000000E0	7.849199851E-1	3.321201360E-2
6.870000000E0	7.866215567E-1	3.423525392E-2
6.880000000E0	7.885105290E-1	3.456534936E-2
6.890000000E0	7.904496830E-1	3.476011889E-2
6.900000000E0	7.918229466E-1	3.540630878E-2
6.910000000E0	7.936407437E-1	3.553801205E-2
6.920000000E0	7.948901881E-1	3.602664662E-2
6.930000000E0	7.961398745E-1	3.653139342E-2
6.940000000E0	7.972804001E-1	3.672979702E-2
6.950000000E0	7.983060204E-1	3.687715389E-2
6.960000000E0	7.992855817E-1	3.690215182E-2
6.970000000E0	7.998425878E-1	3.742031166E-2
6.980000000E0	8.004759678E-1	3.741183795E-2
6.990000000E0	8.008108472E-1	3.758455194E-2
7.000000000E0	8.012531645E-1	3.746001826E-2
7.010000000E0	8.015306940E-1	3.756667051E-2
7.020000000E0	8.015972049E-1	3.754792477E-2
7.030000000E0	8.015625649E-1	3.753626370E-2
7.040000000E0	8.013914436E-1	3.746501602E-2
7.050000000E0	8.008027722E-1	3.757464203E-2
7.060000000E0	8.003673464E-1	3.742225050E-2
7.070000000E0	7.995617594E-1	3.748251543E-2
7.080000000E0	7.986833944E-1	3.736074832E-2
7.090000000E0	7.980475705E-1	3.680557360E-2
7.100000000E0	7.970416826E-1	3.654584957E-2
7.110000000E0	7.958923518E-1	3.641875933E-2
7.120000000E0	7.944532763E-1	3.625116020E-2
7.130000000E0	7.929012367E-1	3.569170092E-2
7.140000000E0	7.914388548E-1	3.528256524E-2
7.150000000E0	7.894977662E-1	3.487603830E-2
7.160000000E0	7.876943499E-1	3.445650842E-2
7.170000000E0	7.857754615E-1	3.377105786E-2
7.180000000E0	7.838554627E-1	3.322598305E-2
7.190000000E0	7.816106088E-1	3.280398967E-2
7.200000000E0	7.794708667E-1	3.210035208E-2
7.210000000E0	7.769524696E-1	3.167353610E-2
7.220000000E0	7.742849776E-1	3.108887554E-2
7.230000000E0	7.717755871E-1	3.029124637E-2
7.240000000E0	7.687302351E-1	2.985124683E-2
7.250000000E0	7.661152644E-1	2.878567921E-2
7.260000000E0	7.630556901E-1	2.797443555E-2
7.270000000E0	7.598075671E-1	2.736921381E-2
7.280000000E0	7.565839812E-1	2.664640507E-2
7.290000000E0	7.532142432E-1	2.575924498E-2
7.300000000E0	7.497660554E-1	2.477553645E-2
7.310000000E0	7.462554563E-1	2.387457927E-2
7.320000000E0	7.423771199E-1	2.330443693E-2
7.330000000E0	7.386683500E-1	2.227304459E-2
7.340000000E0	7.345407219E-1	2.166856857E-2
7.350000000E0	7.304451672E-1	2.093830749E-2
7.360000000E0	7.264060891E-1	1.979777860E-2
7.370000000E0	7.221051002E-1	1.898200268E-2
7.380000000E0	7.176765221E-1	1.835929669E-2
7.390000000E0	7.132701043E-1	1.758401437E-2
7.400000000E0	7.086566457E-1	1.666546894E-2
7.410000000E0	7.039093440E-1	1.590358160E-2
7.420000000E0	6.990420599E-1	1.512789025E-2
7.430000000E0	6.942209248E-1	1.413508000E-2
7.440000000E0	6.892117233E-1	1.332233605E-2
7.450000000E0	6.839833106E-1	1.285746613E-2
7.460000000E0	6.790374200E-1	1.219951019E-2
7.470000000E0	6.737887676E-1	1.133664295E-2
7.480000000E0	6.684783135E-1	1.098999085E-2
7.490000000E0	6.634968115E-1	1.009219768E-2
7.500000000E0	6.582192052E-1	9.794187501E-3
7.510000000E0	6.528370729E-1	9.142452683E-3
7.520000000E0	6.474247108E-1	8.768484769E-3
7.530000000E0	6.420048019E-1	8.088703808E-3
7.540000000E0	6.363568801E-1	7.754269935E-3
7.550000000E0	6.309590076E-1	7.413760076E-3
7.560000000E0	6.253685287E-1	7.462265876E-3
7.570000000E0	6.199075723E-1	7.324037292E-3
7.580000000E0	6.143058842E-1	7.273375075E-3
7.590000000E0	6.088568627E-1	7.607762789E-3
7.600000000E0	6.033756169E-1	7.495409988E-3
7.610000000E0	5.977250046E-1	7.664914567E-3
7.620000000E0	5.921980356E-1	7.470617918E-3
7.630000000E0	5.866276717E-1	7.498078195E-3
7.640000000E0	5.810959323E-1	7.381368801E-3
7.650000000E0	5.755584443E-1	7.421090542E-3
7.660000000E0	5.700342671E-1	7.492267545E-3
7.670000000E0	5.644996334E-1	7.631037511E-3
7.680000000E0	5.590066948E-1	7.614234835E-3
7.690000000E0	5.534914764E-1	7.618152622E-3
7.700000000E0	5.480446080E-1	7.685894703E-3
7.710000000E0	5.425900006E-1	7.730832036E-3
7.720000000E0	5.371561458E-1	7.779980601E-3
7.730000000E0	5.319855839E-1	7.670538203E-3
7.740000000E0	5.269588290E-1	7.599499868E-3
7.750000000E0	5.214973348E-1	7.584702532E-3
7.760000000E0	5.160734174E-1	7.451682216E-3
7.770000000E0	5.106415640E-1	7.410249461E-3
7.780000000E0	5.052715504E-1	7.304602635E-3
7.790000000E0	4.997660239E-1	7.324141999E-3
7.800000000E0	4.945464317E-1	6.943144410E-3
7.810000000E0	4.893080291E-1	7.084504493E-3
7.820000000E0	4.839798644E-1	7.160246967E-3
7.830000000E0	4.785206269E-1	6.991469803E-3
7.840000000E0	4.730428284E-1	6.819932251E-3
7.850000000E0	4.676400417E-1	6.847477782E-3
7.860000000E0	4.621550831E-1	6.767909464E-3
7.870000000E0	4.570106237E-1	6.699312512E-3
7.880000000E0	4.518854558E-1	6.806034372E-3
7.890000000E0	4.465242904E-1	7.041431563E-3
7.900000000E0	4.413517263E-1	7.416054717E-3
7.910000000E0	4.363028681E-1	7.644183552E-3
7.920000000E0	4.310690962E-1	7.879038352E-3
7.930000000E0	4.259489412E-1	8.229856906E-3
7.940000000E0	4.210167529E-1	8.374198909E-3
7.950000000E0	4.159121896E-1	8.860812741E-3
7.960000000E0	4.111340689E-1	9.181344027E-3
7.970000000E0	4.061615389E-1	9.469234840E-3
7.980000000E0	4.012818666E-1	9.868039897E-3
7.990000000E0	3.966637970E-1	1.003422092E-2
8.000000000E0	3.919929584E-1	1.010288017E-2
8.010000000E0	3.870877615E-1	1.077190834E-2
8.020000000E0	3.825126787E-1	1.108087777E-2
8.030000000E0	3.780924234E-1	1.173831927E-2
8.040000000E0	3.735878998E-1	1.211214226E-2
8.050000000E0	3.691571858E-1	1.236718120E-2
8.060000000E0	3.647978592E-1	1.301446042E-2
8.070000000E0	3.604509602E-1	1.343038455E-2
8.080000000E0	3.561105875E-1	1.423719943E-2
8.090000000E0	3.518115606E-1	1.460530287E-2
8.100000000E0	3.474961610E-1	1.525424409E-2
8.110000000E0	3.436298004E-1	1.552304648E-2
8.120000000E0	3.396147434E-1	1.629913486E-2
8.130000000E0	3.359020774E-1	1.662830510E-2
8.140000000E0	3.319560000E-1	1.751239443E-2
8.150000000E0	3.284744104E-1	1.781985397E-2
8.160000000E0	3.249808019E-1	1.854474502E-2
8.170000000E0	3.216044060E-1	1.899751766E-2
8.180000000E0	3.182723131E-1	1.963051896E-2
8.190000000E0	3.151688142E-1	2.005303424E-2
8.200000000E0	3.119710642E-1	2.084752468E-2
8.210000000E0	3.088271089E-1	2.116957902E-2
8.220000000E0	3.060402500E-1	2.170384629E-2
8.230000000E0	3.032030292E-1	2.217266119E-2
8.240000000E0	3.006649755E-1	2.270241908E-2
8.250000000E0	2.978959556E-1	2.321614944E-2
8.260000000E0	2.955000068E-1	2.363690405E-2
8.270000000E0	2.931381155E-1	2.411630673E-2
8.280000000E0	2.909239018E-1	2.444915749E-2
8.290000000E0	2.887223822E-1	2.495735587E-2
8.300000000E0	2.866283529E-1	2.539542571E-2
8.310000000E0	2.845471934E-1	2.555914059E-2
8.320000000E0	2.827836597E-1	2.569826336E-2
8.330000000E0	2.810987507E-1	2.620549302E-2
8.340000000E0	2.793299016E-1	2.653879519E-2
8.350000000E0	2.777514134E-1	2.663562043E-2
8.360000000E0	2.764352850E-1	2.681434688E-2
8.370000000E0	2.751157750E-1	2.709991490E-2
8.380000000E0	2.739811091E-1	2.743477481E-2
8.390000000E0	2.729699577E-1	2.765462557E-2
8.400000000E0	2.721013605E-1	2.782890273E-2
8.410000000E0	2.711066760E-1	2.828907024E-2
8.420000000E0	2.701851517E-1	2.856343088E-2
8.430000000E0	2.696481747E-1	2.873673214E-2
8.440000000E0	2.690000725E-1	2.876253711E-2
8.450000000E0	2.686625218E-1	2.875439548E-2
8.460000000E0	2.682727586E-1	2.886326424E-2
8.470000000E0	2.679593224E-1	2.891808729E-2
8.480000000E0	2.678833090E-1	2.885688887E-2
8.490000000E0	2.678609499E-1	2.883294085E-2
8.500000000E0	2.679286879E-1	2.884360732E-2
8.510000000E0	2.681064308E-1	2.880492445E-2
8.520000000E0	2.685886704E-1	2.861351799E-2
8.530000000E0	2.690263696E-1	2.871457847E-2
8.540000000E0	2.695383588E-1	2.851155184E-2
8.550000000E0	2.702187824E-1	2.865831655E-2
8.560000000E0	2.711521653E-1	2.858842959E-2
8.570000000E0	2.721542560E-1	2.845663930E-2
8.580000000E0	2.731890482E-1	2.814960626E-2
8.590000000E0	2.743508869E-1	2.774629911E-2
8.600000000E0	2.755292775E-1	2.760099716E-2
8.610000000E0	2.767179149E-1	2.751989879E-2
8.620000000E0	2.780612304E-1	2.730903719E-2
8.630000000E0	2.798061572E-1	2.671684525E-2
8.640000000E0	2.812088059E-1	2.652304725E-2
8.650000000E0	2.831245734E-1	2.624895581E-2
8.660000000E0	2.847122293E-1	2.610083729E-2
8.670000000E0	2.865987683E-1	2.551475621E-2
8.680000000E0	2.887173266E-1	2.522415924E-2
8.690000000E0	2.909272124E-1	2.501429850E-2
8.700000000E0	2.931403701E-1	2.443828382E-2
8.710000000E0	2.954168734E-1	2.409383979E-2
8.720000000E0	2.977773033E-1	2.365008432E-2
8.730000000E0	3.001166172E-1	2.311330815E-2
8.740000000E0	3.029128681E-1	2.248193715E-2
8.750000000E0	3.054711324E-1	2.199689507E-2
8.760000000E0	3.084533872E-1	2.133349136E-2
8.770000000E0	3.111936354E-1	2.095998933E-2
8.780000000E0	3.141995511E-1	2.031658392E-2
8.790000000E0	3.174033801E-1	1.973220556E-2
8.800000000E0	3.206762835E-1	1.892699752E-2
8.810000000E0	3.239957978E-1	1.854795868E-2
8.820000000E0	3.273627524E-1	1.781547222E-2
8.830000000E0	3.307866441E-1	1.751052784E-2
8.840000000E0	3.343078996E-1	1.681012749E-2
8.850000000E0	3.381207161E-1	1.634409341E-2
8.860000000E0	3.417942809E-1	1.568582975E-2
8.870000000E0	3.456053183E-1	1.513961780E-2
8.880000000E0	3.495640318E-1	1.469051109E-2
8.890000000E0	3.536401787E-1	1.417172732E-2
8.900000000E0	3.575722040E-1	1.366353273E-2
8.910000000E0	3.615995438E-1	1.322619822E-2
8.920000000E0	3.658507267E-1	1.264952420E-2
8.930000000E0	3.700675344E-1	1.206798179E-2
8.940000000E0	3.744518619E-1	1.149574272E-2
8.950000000E0	3.787824988E-1	1.111597410E-2
8.960000000E0	3.828800763E-1	1.102572609E-2
8.970000000E0	3.871440820E-1	1.070299258E-2
8.980000000E0	3.915848900E-1	1.015266721E-2
8.990000000E0	3.959304277E-1	9.922297458E-3
9.000000000E0	4.003331708E-1	9.567184910E-3
9.010000000E0	4.047050261E-1	9.122744422E-3
9.020000000E0	4.091647801E-1	8.910173287E-3
9.030000000E0	4.136365752E-1	8.757260755E-3
9.040000000E0	4.182690802E-1	8.551906021E-3
9.050000000E0	4.229636950E-1	8.088961932E-3
9.060000000E0	4.277222966E-1	7.772618163E-3
9.070000000E0	4.322626144E-1	7.562206210E-3
9.080000000E0	4.371340748E-1	7.424470270E-3
9.090000000E0	4.419626738E-1	7.608148594E-3
9.100000000E0	4.465554347E-1	7.219023283E-3
9.110000000E0	4.516564783E-1	6.954215822E-3
9.120000000E0	4.564869092E-1	6.756564491E-3
9.130000000E0	4.613107223E-1	6.659184850E-3
9.140000000E0	4.662617605E-1	6.559611481E-3
9.150000000E0	4.709037478E-1	6.545278365E-3
9.160000000E0	4.756576207E-1	6.623715193E-3
9.170000000E0	4.806179042E-1	6.515972734E-3
9.180000000E0	4.852946886E-1	6.616464000E-3
9.190000000E0	4.903298400E-1	6.493497915E-3
9.200000000E0	4.950951529E-1	6.599430862E-3
9.210000000E0	4.998640512E-1	6.700193408E-3
9.220000000E0	5.047622977E-1	6.625538349E-3
9.230000000E0	5.094290438E-1	6.658397316E-3
9.240000000E0	5.140632962E-1	6.697701575E-3
9.250000000E0	5.190918422E-1	6.616368729E-3
9.260000000E0	5.237314896E-1	6.678120290E-3
9.270000000E0	5.282783689E-1	6.754957675E-3
9.280000000E0	5.330245214E-1	6.856265585E-3
9.290000000E0	5.378218260E-1	6.653986281E-3
9.300000000E0	5.424831659E-1	6.679829918E-3
9.310000000E0	5.470469899E-1	6.666781172E-3
9.320000000E0	5.518267748E-1	6.715491662E-3
9.330000000E0	5.566737463E-1	6.614166350E-3
9.340000000E0	5.612878263E-1	6.708837937E-3
9.350000000E0	5.658629868E-1	6.761087702E-3
9.360000000E0	5.707470099E-1	6.659277019E-3
9.370000000E0	5.755441150E-1	6.787394178E-3
9.380000000E0	5.800627907E-1	6.865042390E-3
9.390000000E0	5.846253746E-1	6.943646458E-3
9.400000000E0	5.892549180E-1	7.101160732E-3
9.410000000E0	5.938635938E-1	6.768646555E-3
9.420000000E0	5.986182569E-1	6.843973663E-3
9.430000000E0	6.031029705E-1	6.971900980E-3
9.440000000E0	6.075750076E-1	7.431050560E-3
9.450000000E0	6.120010576E-1	7.611843024E-3
9.460000000E0	6.164353744E-1	7.665011628E-3
9.470000000E0	6.208527608E-1	7.784925106E-3
9.480000000E0	6.253952948E-1	8.024239858E-3
9.490000000E0	6.297245297E-1	8.093706325E-3
9.500000000E0	6.340735921E-1	8.214276560E-3
9.510000000E0	6.383751793E-1	8.663853567E-3
9.520000000E0	6.428044653E-1	8.821544388E-3
9.530000000E0	6.471581935E-1	8.931870182E-3
9.540000000E0	6.515539635E-1	9.159923695E-3
9.550000000E0	6.556459843E-1	9.521255698E-3
9.560000000E0	6.597138142E-1	1.009284065E-2
9.570000000E0	6.637755050E-1	1.016180857E-2
9.580000000E0	6.679477504E-1	1.047466126E-2
9.590000000E0	6.716926733E-1	1.115194245E-2
9.600000000E0	6.757807215E-1	1.119665764E-2
9.610000000E0	6.792147076E-1	1.184339382E-2
9.620000000E0	6.829108349E-1	1.235098004E-2
9.630000000E0	6.868012800E-1	1.247890853E-2
9.640000000E0	6.902379873E-1	1.325573675E-2
9.650000000E0	6.935648872E-1	1.393491761E-2
9.660000000E0	6.969633065E-1	1.437762946E-2
9.670000000E0	7.001995947E-1	1.502987057E-2
9.680000000E0	7.034655183E-1	1.550722654E-2
9.690000000E0	7.067064514E-1	1.588057777E-2
9.700000000E0	7.095426426E-1	1.655957905E-2
9.710000000E0	7.123457784E-1	1.677092749E-2
9.720000000E0	7.149484452E-1	1.765411706E-2
