mass_A
t	x	y
0.000000000E0	1.579120741E-4	1.368633017E-1
1.000000000E-2	6.737402645E-4	1.367701598E-1
2.000000000E-2	1.352337737E-3	1.361333553E-1
3.000000000E-2	2.500994449E-3	1.355745355E-1
4.000000000E-2	3.918220854E-3	1.346492044E-1
5.000000000E-2	5.676476628E-3	1.335901027E-1
6.000000000E-2	7.833182159E-3	1.323678643E-1
7.000000000E-2	1.028275597E-2	1.306122665E-1
8.000000000E-2	1.302777392E-2	1.290323849E-1
9.000000000E-2	1.586801492E-2	1.270318716E-1
1.000000000E-1	1.898292653E-2	1.249643456E-1
1.100000000E-1	2.251878037E-2	1.227799092E-1
1.200000000E-1	2.646586597E-2	1.203956551E-1
1.300000000E-1	3.084384920E-2	1.179423429E-1
1.400000000E-1	3.523776423E-2	1.152193417E-1
1.500000000E-1	3.994530307E-2	1.126599673E-1
1.600000000E-1	4.549213576E-2	1.118808218E-1
1.700000000E-1	5.124439374E-2	1.096781019E-1
1.800000000E-1	5.684260799E-2	1.064614931E-1
1.900000000E-1	6.231481000E-2	1.016478082E-1
2.000000000E-1	6.845463752E-2	9.767259852E-2
2.100000000E-1	7.510702057E-2	9.413090658E-2
2.200000000E-1	8.176913826E-2	9.069154615E-2
2.300000000E-1	8.858044035E-2	8.717718961E-2
2.400000000E-1	9.591913480E-2	8.400207661E-2
2.500000000E-1	1.030121022E-1	8.065309120E-2
2.600000000E-1	1.104893546E-1	7.738352930E-2
2.700000000E-1	1.181641844E-1	7.412498441E-2
2.800000000E-1	1.260056988E-1	7.071331036E-2
2.900000000E-1	1.341987429E-1	6.789357690E-2
3.000000000E-1	1.424935859E-1	6.436324730E-2
3.100000000E-1	1.510108641E-1	6.126499853E-2
3.200000000E-1	1.599238669E-1	5.830642517E-2
3.300000000E-1	1.688582845E-1	5.534958830E-2
3.400000000E-1	1.777096915E-1	5.242157690E-2
3.500000000E-1	1.868034715E-1	4.940911826E-2
3.600000000E-1	1.958081378E-1	4.654454158E-2
3.700000000E-1	2.050277054E-1	4.409180705E-2
3.800000000E-1	2.143027175E-1	4.122498329E-2
3.900000000E-1	2.237643786E-1	3.975688643E-2
4.000000000E-1	2.333719611E-1	3.895399323E-2
4.100000000E-1	2.430826618E-1	3.645763566E-2
4.200000000E-1	2.527456609E-1	3.260939239E-2
4.300000000E-1	2.627996628E-1	2.992605736E-2
4.400000000E-1	2.733217120E-1	2.800282206E-2
4.500000000E-1	2.836860197E-1	2.572985303E-2
4.600000000E-1	2.942099923E-1	2.369548144E-2
4.700000000E-1	3.047445871E-1	2.153184957E-2
4.800000000E-1	3.154137324E-1	1.972136427E-2
4.900000000E-1	3.261253215E-1	1.797255956E-2
5.000000000E-1	3.368433824E-1	1.650080291E-2
5.100000000E-1	3.475468457E-1	1.516912520E-2
5.200000000E-1	3.583934892E-1	1.404379974E-2
5.300000000E-1	3.694087411E-1	1.268030341E-2
5.400000000E-1	3.803794057E-1	1.160053632E-2
5.500000000E-1	3.913865853E-1	1.071380901E-2
5.600000000E-1	4.026382489E-1	9.929945213E-3
5.700000000E-1	4.136812017E-1	9.984594972E-3
5.800000000E-1	4.247389299E-1	1.020483320E-2
5.900000000E-1	4.358067546E-1	8.992905454E-3
6.000000000E-1	4.469139293E-1	8.237867506E-3
6.100000000E-1	4.582284059E-1	7.797122137E-3
6.200000000E-1	4.690418899E-1	7.717820942E-3
6.300000000E-1	4.799867042E-1	7.618459650E-3
6.400000000E-1	4.909680105E-1	7.682016148E-3
6.500000000E-1	5.019702145E-1	7.609479407E-3
6.600000000E-1	5.129638732E-1	7.720140295E-3
6.700000000E-1	5.239766087E-1	7.773593471E-3
6.800000000E-1	5.350546129E-1	7.804948405E-3
6.900000000E-1	5.460548009E-1	7.882303978E-3
7.000000000E-1	5.571085130E-1	7.915341652E-3
7.100000000E-1	5.680113882E-1	8.014607822E-3
7.200000000E-1	5.787737369E-1	8.111719654E-3
7.300000000E-1	5.895335267E-1	8.364079540E-3
7.400000000E-1	5.999893853E-1	8.451197207E-3
7.500000000E-1	6.104351154E-1	1.004376869E-2
7.600000000E-1	6.211296474E-1	9.960013097E-3
7.700000000E-1	6.320982851E-1	9.937264136E-3
7.800000000E-1	6.430887649E-1	1.028937943E-2
7.900000000E-1	6.539169693E-1	1.125059609E-2
8.000000000E-1	6.642433558E-1	1.215588809E-2
8.100000000E-1	6.746879959E-1	1.322837876E-2
8.200000000E-1	6.850669517E-1	1.456206253E-2
8.300000000E-1	6.950553697E-1	1.601081190E-2
8.400000000E-1	7.049452310E-1	1.757180155E-2
8.500000000E-1	7.148043399E-1	1.904889152E-2
8.600000000E-1	7.246203141E-1	2.084750153E-2
8.700000000E-1	7.343461432E-1	2.266226254E-2
8.800000000E-1	7.439059677E-1	2.476518461E-2
8.900000000E-1	7.532956513E-1	2.665137977E-2
9.000000000E-1	7.623844638E-1	2.879473334E-2
9.100000000E-1	7.716380661E-1	3.072434874E-2
9.200000000E-1	7.805922109E-1	3.300062338E-2
9.300000000E-1	7.889321523E-1	3.562981576E-2
9.400000000E-1	7.972884183E-1	3.886949810E-2
9.500000000E-1	8.055749284E-1	4.021299490E-2
9.600000000E-1	8.134299687E-1	4.220782926E-2
9.700000000E-1	8.209366853E-1	4.432997684E-2
9.800000000E-1	8.286475757E-1	4.652387048E-2
9.900000000E-1	8.362430095E-1	4.886081884E-2
1.000000000E0	8.436509080E-1	5.111855089E-2
1.010000000E0	8.509029735E-1	5.355284856E-2
1.020000000E0	8.580358639E-1	5.559253737E-2
1.030000000E0	8.648037548E-1	5.807350311E-2
1.040000000E0	8.714737663E-1	6.063210769E-2
1.050000000E0	8.780279420E-1	6.297756268E-2
1.060000000E0	8.844795040E-1	6.517758196E-2
1.070000000E0	8.902599524E-1	6.757442651E-2
1.080000000E0	8.959262904E-1	6.973151913E-2
1.090000000E0	9.014063554E-1	7.195466939E-2
1.100000000E0	9.067168105E-1	7.408235723E-2
1.110000000E0	9.117335657E-1	7.624749473E-2
1.120000000E0	9.165806304E-1	7.844728119E-2
1.130000000E0	9.210168798E-1	8.059150708E-2
1.140000000E0	9.253124892E-1	8.259613844E-2
1.150000000E0	9.291971718E-1	8.446818621E-2
1.160000000E0	9.330120975E-1	8.600314998E-2
1.170000000E0	9.365049402E-1	8.732998143E-2
1.180000000E0	9.397850386E-1	8.904339455E-2
1.190000000E0	9.429454046E-1	9.046434873E-2
1.200000000E0	9.456409626E-1	9.186394133E-2
1.210000000E0	9.484426636E-1	9.298241636E-2
1.220000000E0	9.508213886E-1	9.399547884E-2
1.230000000E0	9.530127750E-1	9.507672295E-2
1.240000000E0	9.550774692E-1	9.605280670E-2
1.250000000E0	9.567526421E-1	9.709216608E-2
1.260000000E0	9.584185216E-1	9.765601038E-2
1.270000000E0	9.596654621E-1	9.829826452E-2
1.280000000E0	9.607340599E-1	9.891384981E-2
1.290000000E0	9.617798427E-1	9.940725536E-2
1.300000000E0	9.625502681E-1	9.962104581E-2
1.310000000E0	9.630245627E-1	9.976257957E-2
1.320000000E0	9.631826682E-1	9.988811193E-2
1.330000000E0	9.631218785E-1	9.966628502E-2
1.340000000E0	9.629871499E-1	9.942274974E-2
1.350000000E0	9.626798009E-1	9.919049174E-2
1.360000000E0	9.619223680E-1	9.890904369E-2
1.370000000E0	9.609810474E-1	9.844300084E-2
1.380000000E0	9.598476247E-1	9.802963252E-2
1.390000000E0	9.586061068E-1	9.720970084E-2
1.400000000E0	9.573190009E-1	9.627672520E-2
1.410000000E0	9.554122311E-1	9.552558005E-2
1.420000000E0	9.533858491E-1	9.477016252E-2
1.430000000E0	9.509833868E-1	9.376508131E-2
1.440000000E0	9.486650786E-1	9.260742828E-2
1.450000000E0	9.462525386E-1	9.108864129E-2
1.460000000E0	9.432092948E-1	8.966904865E-2
1.470000000E0	9.400050067E-1	8.825156252E-2
1.480000000E0	9.366473860E-1	8.669408859E-2
1.490000000E0	9.332167345E-1	8.509701167E-2
1.500000000E0	9.297233754E-1	8.331937647E-2
1.510000000E0	9.256226923E-1	8.156624242E-2
1.520000000E0	9.215442969E-1	7.967578047E-2
1.530000000E0	9.170965532E-1	7.791664150E-2
1.540000000E0	9.124091773E-1	7.624517962E-2
1.550000000E0	9.077824948E-1	7.413894285E-2
1.560000000E0	9.028572459E-1	7.204768644E-2
1.570000000E0	8.976668514E-1	7.000981566E-2
1.580000000E0	8.923682061E-1	6.808821694E-2
1.590000000E0	8.868303761E-1	6.619111623E-2
1.600000000E0	8.811645523E-1	6.402284632E-2
1.610000000E0	8.751337313E-1	6.201112724E-2
1.620000000E0	8.690690324E-1	5.989614143E-2
1.630000000E0	8.626426166E-1	5.765458896E-2
1.640000000E0	8.560890614E-1	5.603078356E-2
1.650000000E0	8.493984913E-1	5.401354341E-2
1.660000000E0	8.426855251E-1	5.200460129E-2
1.670000000E0	8.359779744E-1	4.975282961E-2
1.680000000E0	8.287733705E-1	4.762961132E-2
1.690000000E0	8.217018175E-1	4.522017814E-2
1.700000000E0	8.144321447E-1	4.282257894E-2
1.710000000E0	8.072647718E-1	4.090873053E-2
1.720000000E0	7.997292304E-1	3.978310631E-2
1.730000000E0	7.921635660E-1	3.752427960E-2
1.740000000E0	7.846319687E-1	3.501342805E-2
1.750000000E0	7.767393173E-1	3.292957683E-2
1.760000000E0	7.688347908E-1	3.099654660E-2
1.770000000E0	7.607213591E-1	2.866225862E-2
1.780000000E0	7.524147770E-1	2.679668563E-2
1.790000000E0	7.439456446E-1	2.486334503E-2
1.800000000E0	7.352505869E-1	2.312790886E-2
1.810000000E0	7.266447422E-1	2.134913855E-2
1.820000000E0	7.179269237E-1	1.966075009E-2
1.830000000E0	7.091079476E-1	1.800057104E-2
1.840000000E0	7.002385401E-1	1.658182954E-2
1.850000000E0	6.912078689E-1	1.537549202E-2
1.860000000E0	6.821103449E-1	1.403524766E-2
1.870000000E0	6.729660193E-1	1.304391265E-2
1.880000000E0	6.638785918E-1	1.212462775E-2
1.890000000E0	6.545139167E-1	1.125994125E-2
1.900000000E0	6.452675006E-1	1.025328801E-2
1.910000000E0	6.355653028E-1	9.722192713E-3
1.920000000E0	6.262776998E-1	9.616256678E-3
1.930000000E0	6.167110279E-1	1.010137068E-2
1.940000000E0	6.071376911E-1	9.904284385E-3
1.950000000E0	5.978564103E-1	9.096181297E-3
1.960000000E0	5.886550446E-1	8.823316128E-3
1.970000000E0	5.792991458E-1	8.670368943E-3
1.980000000E0	5.702064075E-1	8.673251351E-3
1.990000000E0	5.609398168E-1	8.403383437E-3
2.000000000E0	5.515622017E-1	8.551670404E-3
2.010000000E0	5.424300338E-1	8.684912185E-3
2.020000000E0	5.330380933E-1	8.384186408E-3
2.030000000E0	5.239126332E-1	8.748006422E-3
2.040000000E0	5.144002008E-1	8.712134166E-3
2.050000000E0	5.052266092E-1	8.786321103E-3
2.060000000E0	4.958164073E-1	8.837941128E-3
2.070000000E0	4.864736008E-1	8.854934190E-3
2.080000000E0	4.773376026E-1	9.055879391E-3
2.090000000E0	4.683252758E-1	8.993624978E-3
2.100000000E0	4.590349015E-1	9.125638799E-3
2.110000000E0	4.499563814E-1	9.457653603E-3
2.120000000E0	4.411491254E-1	9.905153134E-3
2.130000000E0	4.320994223E-1	1.030661015E-2
2.140000000E0	4.234211024E-1	1.070298422E-2
2.150000000E0	4.146296411E-1	1.126348612E-2
2.160000000E0	4.058977762E-1	1.229937084E-2
2.170000000E0	3.972393142E-1	1.312062060E-2
2.180000000E0	3.884483470E-1	1.341072356E-2
2.190000000E0	3.800189845E-1	1.408370140E-2
2.200000000E0	3.715431288E-1	1.491753986E-2
2.210000000E0	3.631047252E-1	1.557399559E-2
2.220000000E0	3.546512019E-1	1.643733881E-2
2.230000000E0	3.464088606E-1	1.770908396E-2
2.240000000E0	3.383317486E-1	1.883602620E-2
2.250000000E0	3.302646953E-1	1.972840289E-2
2.260000000E0	3.222763172E-1	2.099499335E-2
2.270000000E0	3.144419617E-1	2.227257410E-2
2.280000000E0	3.067323334E-1	2.336131712E-2
2.290000000E0	2.990749307E-1	2.461652590E-2
2.300000000E0	2.914153833E-1	2.585213464E-2
2.310000000E0	2.842503524E-1	2.749971588E-2
2.320000000E0	2.770170098E-1	2.883677408E-2
2.330000000E0	2.695961229E-1	3.004616071E-2
2.340000000E0	2.624631155E-1	3.184679396E-2
2.350000000E0	2.556987194E-1	3.358590027E-2
2.360000000E0	2.487726860E-1	3.451567635E-2
2.370000000E0	2.425917538E-1	3.689859562E-2
2.380000000E0	2.363264046E-1	3.873756468E-2
2.390000000E0	2.303455132E-1	3.988191559E-2
2.400000000E0	2.242954856E-1	4.098526883E-2
2.410000000E0	2.185622153E-1	4.253972536E-2
2.420000000E0	2.129621734E-1	4.403925375E-2
2.430000000E0	2.074812773E-1	4.557105074E-2
2.440000000E0	2.020899159E-1	4.704572543E-2
2.450000000E0	1.967342099E-1	4.859907611E-2
2.460000000E0	1.917575882E-1	5.022563640E-2
2.470000000E0	1.867523370E-1	5.156094591E-2
2.480000000E0	1.820950082E-1	5.315848908E-2
2.490000000E0	1.776160297E-1	5.493911366E-2
2.500000000E0	1.732423543E-1	5.632792673E-2
2.510000000E0	1.689004256E-1	5.766319849E-2
2.520000000E0	1.647355282E-1	5.899184840E-2
2.530000000E0	1.610345191E-1	6.062247725E-2
2.540000000E0	1.571444603E-1	6.181213454E-2
2.550000000E0	1.535254473E-1	6.293404187E-2
2.560000000E0	1.502091188E-1	6.417704195E-2
2.570000000E0	1.469616723E-1	6.516914339E-2
2.580000000E0	1.442250753E-1	6.653221150E-2
2.590000000E0	1.414606156E-1	6.722416977E-2
2.600000000E0	1.390697771E-1	6.837332563E-2
2.610000000E0	1.368525533E-1	6.945233124E-2
2.620000000E0	1.347745450E-1	7.022357195E-2
2.630000000E0	1.326738016E-1	7.078952294E-2
2.640000000E0	1.312668074E-1	7.174742380E-2
2.650000000E0	1.295859782E-1	7.211931379E-2
2.660000000E0	1.282082189E-1	7.265436942E-2
2.670000000E0	1.271696790E-1	7.298971892E-2
2.680000000E0	1.266256724E-1	7.368187013E-2
2.690000000E0	1.260253652E-1	7.367079478E-2
2.700000000E0	1.257728151E-1	7.383254934E-2
2.710000000E0	1.256538198E-1	7.392646793E-2
2.720000000E0	1.257771155E-1	7.382777089E-2
2.730000000E0	1.259115578E-1	7.372606313E-2
2.740000000E0	1.260222379E-1	7.324306572E-2
2.750000000E0	1.267843825E-1	7.317238872E-2
2.760000000E0	1.272961922E-1	7.258108324E-2
2.770000000E0	1.281484382E-1	7.216997233E-2
2.780000000E0	1.292680365E-1	7.167365926E-2
2.790000000E0	1.304203678E-1	7.092961527E-2
2.800000000E0	1.321494028E-1	7.058446776E-2
2.810000000E0	1.337270184E-1	6.956791894E-2
2.820000000E0	1.357941694E-1	6.875225109E-2
2.830000000E0	1.379087852E-1	6.793025305E-2
2.840000000E0	1.402424861E-1	6.671546786E-2
2.850000000E0	1.426168983E-1	6.542111996E-2
2.860000000E0	1.454445236E-1	6.461087584E-2
2.870000000E0	1.482799786E-1	6.317427788E-2
2.880000000E0	1.514454682E-1	6.222032632E-2
2.890000000E0	1.546930109E-1	6.095286086E-2
2.900000000E0	1.582047630E-1	5.966396163E-2
2.910000000E0	1.620241779E-1	5.854185301E-2
2.920000000E0	1.658244876E-1	5.719679656E-2
2.930000000E0	1.699973542E-1	5.589924006E-2
2.940000000E0	1.742694350E-1	5.473427377E-2
2.950000000E0	1.786830098E-1	5.331290157E-2
2.960000000E0	1.831793350E-1	5.180448275E-2
2.970000000E0	1.877203235E-1	5.028511289E-2
2.980000000E0	1.923934829E-1	4.863180225E-2
2.990000000E0	1.975408487E-1	4.744831548E-2
3.000000000E0	2.027543715E-1	4.613266136E-2
3.010000000E0	2.078633520E-1	4.453484134E-2
3.020000000E0	2.131941942E-1	4.319996664E-2
3.030000000E0	2.186091954E-1	4.188501405E-2
3.040000000E0	2.242249060E-1	4.047422716E-2
3.050000000E0	2.301760466E-1	3.978307357E-2
3.060000000E0	2.361661826E-1	3.881364035E-2
3.070000000E0	2.420474209E-1	3.736409986E-2
3.080000000E0	2.481837447E-1	3.528999882E-2
3.090000000E0	2.547945878E-1	3.397351817E-2
3.100000000E0	2.612358959E-1	3.248475310E-2
3.110000000E0	2.680642836E-1	3.108943700E-2
3.120000000E0	2.748517526E-1	2.981204833E-2
3.130000000E0	2.815927609E-1	2.851208633E-2
3.140000000E0	2.883237192E-1	2.698442296E-2
3.150000000E0	2.954048024E-1	2.566141588E-2
3.160000000E0	3.023984500E-1	2.427052401E-2
3.170000000E0	3.094092867E-1	2.307497361E-2
3.180000000E0	3.166148216E-1	2.197389756E-2
3.190000000E0	3.239346545E-1	2.084627969E-2
3.200000000E0	3.312372177E-1	1.976872752E-2
3.210000000E0	3.386902867E-1	1.868257164E-2
3.220000000E0	3.462713901E-1	1.763749213E-2
3.230000000E0	3.539126973E-1	1.665679833E-2
3.240000000E0	3.616003347E-1	1.575246101E-2
3.250000000E0	3.693891846E-1	1.467220097E-2
3.260000000E0	3.773027285E-1	1.398545285E-2
3.270000000E0	3.850712590E-1	1.328865234E-2
3.280000000E0	3.929360532E-1	1.247864648E-2
3.290000000E0	4.009539236E-1	1.180924368E-2
3.300000000E0	4.088333950E-1	1.125935673E-2
3.310000000E0	4.168945519E-1	1.073895873E-2
3.320000000E0	4.248442381E-1	1.050045484E-2
3.330000000E0	4.326729221E-1	9.930727350E-3
3.340000000E0	4.409384282E-1	9.673111500E-3
3.350000000E0	4.489654723E-1	9.269360331E-3
3.360000000E0	4.570258254E-1	8.913757917E-3
3.370000000E0	4.652189796E-1	8.682460636E-3
3.380000000E0	4.732228443E-1	8.759638447E-3
3.390000000E0	4.812013721E-1	8.578840340E-3
3.400000000E0	4.891161711E-1	8.252519726E-3
3.410000000E0	4.974396252E-1	8.245731644E-3
3.420000000E0	5.053814797E-1	8.435188557E-3
3.430000000E0	5.135739364E-1	8.547943817E-3
3.440000000E0	5.217962724E-1	8.596600305E-3
3.450000000E0	5.297187691E-1	8.729558285E-3
3.460000000E0	5.377521501E-1	8.797647045E-3
3.470000000E0	5.456425932E-1	8.858939572E-3
3.480000000E0	5.536847303E-1	8.994652208E-3
3.490000000E0	5.615183548E-1	9.008547329E-3
3.500000000E0	5.692599684E-1	9.069047483E-3
3.510000000E0	5.770300557E-1	9.102549152E-3
3.520000000E0	5.847916344E-1	9.097240734E-3
3.530000000E0	5.924988705E-1	9.300166599E-3
3.540000000E0	6.002685041E-1	9.310628985E-3
3.550000000E0	6.079254552E-1	1.011118931E-2
3.560000000E0	6.157888242E-1	1.026564860E-2
3.570000000E0	6.235212973E-1	1.026410858E-2
3.580000000E0	6.313378780E-1	1.035372230E-2
3.590000000E0	6.390556696E-1	1.044205847E-2
3.600000000E0	6.467464832E-1	1.122655810E-2
3.610000000E0	6.542025125E-1	1.180238608E-2
3.620000000E0	6.616594693E-1	1.249077183E-2
3.630000000E0	6.689442629E-1	1.329210743E-2
3.640000000E0	6.762127639E-1	1.422330679E-2
3.650000000E0	6.833040549E-1	1.508919713E-2
3.660000000E0	6.904561347E-1	1.620719303E-2
3.670000000E0	6.972864042E-1	1.733773201E-2
3.680000000E0	7.040752619E-1	1.849977606E-2
3.690000000E0	7.107248874E-1	1.974186853E-2
3.700000000E0	7.172639873E-1	2.098441955E-2
3.710000000E0	7.237983200E-1	2.218029470E-2
3.720000000E0	7.303414561E-1	2.343126480E-2
3.730000000E0	7.368444462E-1	2.475980347E-2
3.740000000E0	7.432427740E-1	2.617016062E-2
3.750000000E0	7.492089382E-1	2.752680169E-2
3.760000000E0	7.551116641E-1	2.886559767E-2
3.770000000E0	7.611089913E-1	3.022115554E-2
3.780000000E0	7.666915185E-1	3.134948411E-2
3.790000000E0	7.722017372E-1	3.280074146E-2
3.800000000E0	7.775591348E-1	3.430663739E-2
3.810000000E0	7.826969603E-1	3.551559651E-2
3.820000000E0	7.877046895E-1	3.682826966E-2
3.830000000E0	7.926346134E-1	3.832705027E-2
3.840000000E0	7.974525707E-1	3.969011721E-2
3.850000000E0	8.020298057E-1	4.085352869E-2
3.860000000E0	8.064146971E-1	4.207103179E-2
3.870000000E0	8.107569398E-1	4.316436165E-2
3.880000000E0	8.149517884E-1	4.416580184E-2
3.890000000E0	8.190835463E-1	4.530426205E-2
3.900000000E0	8.229595176E-1	4.655304352E-2
3.910000000E0	8.267828022E-1	4.755210180E-2
3.920000000E0	8.306474103E-1	4.869728370E-2
3.930000000E0	8.339943952E-1	4.980638113E-2
3.940000000E0	8.372323651E-1	5.085234698E-2
3.950000000E0	8.404611306E-1	5.180199996E-2
3.960000000E0	8.435647856E-1	5.282732552E-2
3.970000000E0	8.462430935E-1	5.376360012E-2
3.980000000E0	8.490137343E-1	5.478094022E-2
3.990000000E0	8.515376885E-1	5.550879277E-2
4.000000000E0	8.537598206E-1	5.628776201E-2
4.010000000E0	8.559440511E-1	5.711997684E-2
4.020000000E0	8.580358430E-1	5.768624238E-2
4.030000000E0	8.596482337E-1	5.834999110E-2
4.040000000E0	8.613776246E-1	5.897265316E-2
4.050000000E0	8.627021315E-1	5.942561115E-2
4.060000000E0	8.638820827E-1	5.989128351E-2
4.070000000E0	8.649542526E-1	6.053546100E-2
4.080000000E0	8.659342937E-1	6.086720791E-2
4.090000000E0	8.668861400E-1	6.122415411E-2
4.100000000E0	8.674532296E-1	6.140504433E-2
4.110000000E0	8.680522984E-1	6.171680182E-2
4.120000000E0	8.682823349E-1	6.177477665E-2
4.130000000E0	8.684272244E-1	6.179783399E-2
4.140000000E0	8.684158502E-1	6.180485418E-2
4.150000000E0	8.682215544E-1	6.176510181E-2
4.160000000E0	8.680800468E-1	6.168639370E-2
4.170000000E0	8.674506843E-1	6.157097122E-2
4.180000000E0	8.668353629E-1	6.131622503E-2
4.190000000E0	8.659188361E-1	6.098922478E-2
4.200000000E0	8.648487870E-1	6.072060835E-2
4.210000000E0	8.636836028E-1	6.030260745E-2
4.220000000E0	8.623923709E-1	5.975012419E-2
4.230000000E0	8.605736485E-1	5.942498813E-2
4.240000000E0	8.590427053E-1	5.876547355E-2
4.250000000E0	8.570964925E-1	5.823327417E-2
4.260000000E0	8.549234583E-1	5.748020877E-2
4.270000000E0	8.526831642E-1	5.685350280E-2
4.280000000E0	8.503996556E-1	5.615126646E-2
4.290000000E0	8.478512614E-1	5.531856032E-2
4.300000000E0	8.450512210E-1	5.428546478E-2
4.310000000E0	8.422710241E-1	5.349985114E-2
4.320000000E0	8.393951212E-1	5.225211597E-2
4.330000000E0	8.362124237E-1	5.126577457E-2
4.340000000E0	8.328817698E-1	5.023399935E-2
4.350000000E0	8.294773204E-1	4.906429647E-2
4.360000000E0	8.258686952E-1	4.792736265E-2
4.370000000E0	8.221970783E-1	4.659712561E-2
4.380000000E0	8.183970748E-1	4.524419233E-2
4.390000000E0	8.143323187E-1	4.424957453E-2
4.400000000E0	8.104484476E-1	4.308323645E-2
4.410000000E0	8.062772026E-1	4.195923756E-2
4.420000000E0	8.019245203E-1	4.085027349E-2
4.430000000E0	7.974061713E-1	3.976206356E-2
4.440000000E0	7.929570796E-1	3.856043013E-2
4.450000000E0	7.883368223E-1	3.717773848E-2
4.460000000E0	7.834139177E-1	3.597598134E-2
4.470000000E0	7.785579748E-1	3.491361280E-2
4.480000000E0	7.733306216E-1	3.356647465E-2
4.490000000E0	7.679632047E-1	3.220108912E-2
4.500000000E0	7.624880259E-1	3.087584212E-2
4.510000000E0	7.568942181E-1	2.967288967E-2
4.520000000E0	7.512362348E-1	2.847472939E-2
4.530000000E0	7.456085020E-1	2.722252497E-2
4.540000000E0	7.393563588E-1	2.569364629E-2
4.550000000E0	7.334404084E-1	2.453870483E-2
4.560000000E0	7.270924766E-1	2.323578678E-2
4.570000000E0	7.208307363E-1	2.192175709E-2
4.580000000E0	7.145499630E-1	2.091152699E-2
4.590000000E0	7.081839032E-1	1.980763006E-2
4.600000000E0	7.016352165E-1	1.851252314E-2
4.610000000E0	6.950293134E-1	1.763844976E-2
4.620000000E0	6.884210107E-1	1.662928559E-2
4.630000000E0	6.817263324E-1	1.562909041E-2
4.640000000E0	6.750897817E-1	1.468023644E-2
4.650000000E0	6.683323037E-1	1.387915810E-2
4.660000000E0	6.615072352E-1	1.314610258E-2
4.670000000E0	6.545067945E-1	1.232480110E-2
4.680000000E0	6.475370827E-1	1.183714904E-2
4.690000000E0	6.403381503E-1	1.107346116E-2
4.700000000E0	6.330872402E-1	1.091913107E-2
4.710000000E0	6.258311142E-1	1.024656513E-2
4.720000000E0	6.187095479E-1	1.035852640E-2
4.730000000E0	6.113885323E-1	1.024281805E-2
4.740000000E0	6.043597341E-1	9.930931308E-3
4.750000000E0	5.971394617E-1	9.760323206E-3
4.760000000E0	5.901416729E-1	9.578310860E-3
4.770000000E0	5.830677425E-1	9.450331605E-3
4.780000000E0	5.760004544E-1	9.022584913E-3
4.790000000E0	5.690999982E-1	8.964963939E-3
4.800000000E0	5.621100884E-1	8.870015332E-3
4.810000000E0	5.550541523E-1	8.722649682E-3
4.820000000E0	5.481558147E-1	8.552939488E-3
4.830000000E0	5.410047742E-1	8.682314938E-3
4.840000000E0	5.338407238E-1	8.639310759E-3
4.850000000E0	5.269009240E-1	8.794619703E-3
4.860000000E0	5.197534826E-1	8.592954216E-3
4.870000000E0	5.127635225E-1	8.789930531E-3
4.880000000E0	5.056596919E-1	8.627814330E-3
4.890000000E0	4.985594014E-1	8.840036768E-3
4.900000000E0	4.913636904E-1	8.678406887E-3
4.910000000E0	4.842899204E-1	8.802046150E-3
4.920000000E0	4.773851142E-1	8.902876232E-3
4.930000000E0	4.703697556E-1	8.905426987E-3
4.940000000E0	4.634083020E-1	9.030266609E-3
4.950000000E0	4.566315956E-1	9.083906265E-3
4.960000000E0	4.495085191E-1	9.043071613E-3
4.970000000E0	4.426027949E-1	9.314721265E-3
4.980000000E0	4.358266435E-1	9.579614844E-3
4.990000000E0	4.291662417E-1	1.023439543E-2
5.000000000E0	4.224783673E-1	1.040663024E-2
5.010000000E0	4.159043674E-1	1.082866245E-2
5.020000000E0	4.092392493E-1	1.125237807E-2
5.030000000E0	4.027612440E-1	1.193692817E-2
5.040000000E0	3.961232135E-1	1.222120193E-2
5.050000000E0	3.896342715E-1	1.285563633E-2
5.060000000E0	3.830196713E-1	1.333008618E-2
5.070000000E0	3.764724001E-1	1.374640672E-2
5.080000000E0	3.702961933E-1	1.461180853E-2
5.090000000E0	3.641862411E-1	1.518117737E-2
5.100000000E0	3.578152676E-1	1.566770886E-2
5.110000000E0	3.519165539E-1	1.658752116E-2
5.120000000E0	3.462190002E-1	1.754861329E-2
5.130000000E0	3.401839083E-1	1.804415431E-2
5.140000000E0	3.344603596E-1	1.878429302E-2
5.150000000E0	3.288684392E-1	1.975213182E-2
5.160000000E0	3.233348695E-1	2.048274245E-2
5.170000000E0	3.178383616E-1	2.128604528E-2
5.180000000E0	3.124535926E-1	2.216380988E-2
5.190000000E0	3.073434510E-1	2.326546446E-2
5.200000000E0	3.023126388E-1	2.419027650E-2
5.210000000E0	2.970812322E-1	2.488492308E-2
5.220000000E0	2.923195080E-1	2.565080448E-2
5.230000000E0	2.873134682E-1	2.656870259E-2
5.240000000E0	2.825883394E-1	2.765370797E-2
5.250000000E0	2.780759064E-1	2.866887869E-2
5.260000000E0	2.736073307E-1	2.969507864E-2
5.270000000E0	2.692695660E-1	3.061300391E-2
5.280000000E0	2.649136646E-1	3.166556308E-2
5.290000000E0	2.604915973E-1	3.243169954E-2
5.300000000E0	2.566255418E-1	3.357976438E-2
5.310000000E0	2.528599129E-1	3.405813260E-2
5.320000000E0	2.491809056E-1	3.528633722E-2
5.330000000E0	2.456905133E-1	3.624308045E-2
5.340000000E0	2.424542708E-1	3.734427772E-2
5.350000000E0	2.394007374E-1	3.818561526E-2
5.360000000E0	2.361647725E-1	3.909327112E-2
5.370000000E0	2.331751774E-1	3.971917231E-2
5.380000000E0	2.305162537E-1	4.060710382E-2
5.390000000E0	2.275580341E-1	4.090718523E-2
5.400000000E0	2.251443971E-1	4.184077531E-2
5.410000000E0	2.228899188E-1	4.259462990E-2
5.420000000E0	2.206400953E-1	4.319200301E-2
5.430000000E0	2.184957017E-1	4.364723693E-2
5.440000000E0	2.164824268E-1	4.397421497E-2
5.450000000E0	2.144948438E-1	4.424455655E-2
5.460000000E0	2.129790670E-1	4.505228721E-2
5.470000000E0	2.114583824E-1	4.558073543E-2
5.480000000E0	2.099636943E-1	4.541681356E-2
5.490000000E0	2.087629396E-1	4.604554062E-2
5.500000000E0	2.075842083E-1	4.634438191E-2
5.510000000E0	2.065687357E-1	4.648651046E-2
5.520000000E0	2.055922552E-1	4.652581886E-2
5.530000000E0	2.052130714E-1	4.712216745E-2
5.540000000E0	2.045887276E-1	4.721817572E-2
5.550000000E0	2.041890118E-1	4.744278210E-2
5.560000000E0	2.040234469E-1	4.763949167E-2
5.570000000E0	2.040335950E-1	4.761351699E-2
5.580000000E0	2.040674207E-1	4.759331420E-2
5.590000000E0	2.041800305E-1	4.749449229E-2
5.600000000E0	2.043286243E-1	4.740087586E-2
5.610000000E0	2.048829131E-1	4.752944806E-2
5.620000000E0	2.054755455E-1	4.703738053E-2
5.630000000E0	2.063687661E-1	4.720497309E-2
5.640000000E0	2.073783638E-1	4.724467127E-2
5.650000000E0	2.084918426E-1	4.700979329E-2
5.660000000E0	2.095297641E-1	4.664653692E-2
5.670000000E0	2.108311959E-1	4.625491140E-2
5.680000000E0	2.120069652E-1	4.548763900E-2
5.690000000E0	2.138572784E-1	4.543639466E-2
5.700000000E0	2.153390175E-1	4.457459443E-2
5.710000000E0	2.173607456E-1	4.420288607E-2
5.720000000E0	2.195784765E-1	4.394225436E-2
5.730000000E0	2.215972321E-1	4.330074220E-2
5.740000000E0	2.239874043E-1	4.284146578E-2
5.750000000E0	2.262703402E-1	4.214601282E-2
5.760000000E0	2.286830498E-1	4.142016248E-2
5.770000000E0	2.316655515E-1	4.086976303E-2
5.780000000E0	2.342718571E-1	3.994167706E-2
5.790000000E0	2.372615434E-1	3.924249863E-2
5.800000000E0	2.404815240E-1	3.849833803E-2
5.810000000E0	2.437772934E-1	3.762127896E-2
5.820000000E0	2.470481191E-1	3.666104586E-2
5.830000000E0	2.505107877E-1	3.578545451E-2
5.840000000E0	2.545183434E-1	3.527390207E-2
5.850000000E0	2.583365799E-1	3.416871923E-2
5.860000000E0	2.622074679E-1	3.337536634E-2
5.870000000E0	2.663298670E-1	3.208364424E-2
5.880000000E0	2.704678054E-1	3.131292691E-2
5.890000000E0	2.748154586E-1	3.042087410E-2
5.900000000E0	2.792422125E-1	2.941712175E-2
5.910000000E0	2.836220469E-1	2.858625499E-2
5.920000000E0	2.880800567E-1	2.747476594E-2
5.930000000E0	2.926399008E-1	2.642859795E-2
5.940000000E0	2.975535928E-1	2.571332140E-2
5.950000000E0	3.023353530E-1	2.478227603E-2
5.960000000E0	3.075422439E-1	2.394534272E-2
5.970000000E0	3.123441450E-1	2.313283101E-2
5.980000000E0	3.175963538E-1	2.233118383E-2
5.990000000E0	3.226934951E-1	2.117288228E-2
6.000000000E0	3.277430954E-1	2.037619059E-2
6.010000000E0	3.331827091E-1	1.970770319E-2
6.020000000E0	3.386455626E-1	1.884602279E-2
6.030000000E0	3.441482905E-1	1.808949207E-2
6.040000000E0	3.497613426E-1	1.741809223E-2
6.050000000E0	3.553267599E-1	1.666335102E-2
6.060000000E0	3.609582092E-1	1.581233402E-2
6.070000000E0	3.667538221E-1	1.515914750E-2
6.080000000E0	3.726410196E-1	1.480972805E-2
6.090000000E0	3.785774493E-1	1.409284365E-2
6.100000000E0	3.848339134E-1	1.396373613E-2
6.110000000E0	3.906899807E-1	1.313081550E-2
6.120000000E0	3.970349516E-1	1.284035318E-2
6.130000000E0	4.028155409E-1	1.215909254E-2
6.140000000E0	4.090838306E-1	1.201415901E-2
6.150000000E0	4.151255912E-1	1.165249687E-2
6.160000000E0	4.212837186E-1	1.119804580E-2
6.170000000E0	4.275376178E-1	1.077006973E-2
6.180000000E0	4.337035908E-1	1.071078620E-2
6.190000000E0	4.400003914E-1	1.046857139E-2
6.200000000E0	4.460816352E-1	1.008369205E-2
6.210000000E0	4.523758638E-1	9.765471315E-3
6.220000000E0	4.588191928E-1	9.715617398E-3
6.230000000E0	4.651273768E-1	9.807668246E-3
6.240000000E0	4.712672910E-1	9.600081056E-3
6.250000000E0	4.776187992E-1	9.680482720E-3
6.260000000E0	4.840091436E-1	9.785258716E-3
6.270000000E0	4.902325333E-1	9.556044046E-3
6.280000000E0	4.964981190E-1	9.825450831E-3
6.290000000E0	5.029624084E-1	9.862776425E-3
6.300000000E0	5.094412495E-1	9.806890036E-3
6.310000000E0	5.156264006E-1	9.727155954E-3
6.320000000E0	5.218311559E-1	9.901624162E-3
6.330000000E0	5.282363833E-1	1.002656242E-2
6.340000000E0	5.342835604E-1	9.950206814E-3
6.350000000E0	5.405212625E-1	1.002966537E-2
6.360000000E0	5.466980190E-1	1.007294504E-2
6.370000000E0	5.527468686E-1	1.010217550E-2
6.380000000E0	5.588073480E-1	1.017048810E-2
6.390000000E0	5.649369051E-1	1.016335989E-2
6.400000000E0	5.710353657E-1	1.034304239E-2
6.410000000E0	5.770515626E-1	1.021778956E-2
6.420000000E0	5.832021718E-1	1.048064419E-2
6.430000000E0	5.891800338E-1	1.029126452E-2
6.440000000E0	5.952667146E-1	1.049399884E-2
6.450000000E0	6.012208907E-1	1.045239380E-2
6.460000000E0	6.070330694E-1	1.068232183E-2
6.470000000E0	6.132186942E-1	1.094581841E-2
6.480000000E0	6.191107729E-1	1.098169504E-2
6.490000000E0	6.253010033E-1	1.119754395E-2
6.500000000E0	6.312056309E-1	1.135708017E-2
6.510000000E0	6.372332147E-1	1.145464722E-2
6.520000000E0	6.432489301E-1	1.186171384E-2
6.530000000E0	6.490214559E-1	1.235008866E-2
6.540000000E0	6.545321231E-1	1.290826822E-2
6.550000000E0	6.600272698E-1	1.339095581E-2
6.560000000E0	6.654321082E-1	1.400700673E-2
6.570000000E0	6.708223337E-1	1.453340344E-2
6.580000000E0	6.762336529E-1	1.537163112E-2
6.590000000E0	6.816352737E-1	1.578744441E-2
6.600000000E0	6.869405333E-1	1.660378241E-2
6.610000000E0	6.919148791E-1	1.717480281E-2
6.620000000E0	6.970685323E-1	1.787409740E-2
6.630000000E0	7.019742723E-1	1.864848007E-2
6.640000000E0	7.069292058E-1	1.961849364E-2
6.650000000E0	7.115839856E-1	2.033104698E-2
6.660000000E0	7.162898655E-1	2.113352347E-2
6.670000000E0	7.208595016E-1	2.194645674E-2
6.680000000E0	7.253494259E-1	2.295991038E-2
6.690000000E0	7.300353215E-1	2.399368788E-2
6.700000000E0	7.344877830E-1	2.492632746E-2
6.710000000E0	7.385623602E-1	2.580842232E-2
6.720000000E0	7.426004795E-1	2.641903027E-2
6.730000000E0	7.467288049E-1	2.740502915E-2
6.740000000E0	7.503226328E-1	2.791369898E-2
6.750000000E0	7.541637532E-1	2.888242852E-2
6.760000000E0	7.577636073E-1	2.975673163E-2
6.770000000E0	7.610919752E-1	3.043338749E-2
6.780000000E0	7.644289091E-1	3.095887007E-2
6.790000000E0	7.676503962E-1	3.187630241E-2
6.800000000E0	7.705129658E-1	3.235434382E-2
6.810000000E0	7.732518181E-1	3.312614983E-2
6.820000000E0	7.759628575E-1	3.379778725E-2
6.830000000E0	7.785214536E-1	3.442976268E-2
6.840000000E0	7.809292513E-1	3.511785860E-2
6.850000000E0	7.831579263E-1	3.550089973E-2
6.860000000E0	7.852786583E-1	3.630160356E-2
6.870000000E0	7.872474306E-1	3.667920243E-2
6.880000000E0	7.888934209E-1	3.738237588E-2
6.890000000E0	7.908008138E-1	3.776439422E-2
6.900000000E0	7.922313003E-1	3.831146868E-2
6.910000000E0	7.935133686E-1	3.880419340E-2
6.920000000E0	7.949261388E-1	3.911556725E-2
6.930000000E0	7.961408189E-1	3.936444289E-2
6.940000000E0	7.972588981E-1	3.983032150E-2
6.950000000E0	7.981645807E-1	3.996887327E-2
6.960000000E0	7.990177443E-1	4.020595936E-2
6.970000000E0	7.996592189E-1	4.022390815E-2
6.980000000E0	8.000557903E-1	4.031896749E-2
6.990000000E0	8.004241484E-1	4.036810718E-2
7.000000000E0	8.007514142E-1	4.073528695E-2
7.010000000E0	8.008333137E-1	4.082562423E-2
7.020000000E0	8.008456292E-1	4.088749236E-2
7.030000000E0	8.007448162E-1	4.088288747E-2
7.040000000E0	8.005617126E-1	4.086509498E-2
7.050000000E0	7.999349022E-1	4.091519191E-2
7.060000000E0	7.995634714E-1	4.081378690E-2
7.070000000E0	7.987008836E-1	4.083206419E-2
7.080000000E0	7.977674815E-1	4.068682039E-2
7.090000000E0	7.967389381E-1	4.058132631E-2
7.100000000E0	7.956770549E-1	4.022174519E-2
7.110000000E0	7.943354073E-1	3.982123361E-2
7.120000000E0	7.930269485E-1	3.954698750E-2
7.130000000E0	7.917031629E-1	3.903955283E-2
7.140000000E0	7.899370348E-1	3.874279802E-2
7.150000000E0	7.883314260E-1	3.816004454E-2
7.160000000E0	7.864855075E-1	3.775838780E-2
7.170000000E0	7.843782313E-1	3.739045283E-2
7.180000000E0	7.821835069E-1	3.666599080E-2
7.190000000E0	7.799527722E-1	3.625313773E-2
7.200000000E0	7.776089795E-1	3.552423335E-2
7.210000000E0	7.752316255E-1	3.500186225E-2
7.220000000E0	7.724357533E-1	3.427115395E-2
7.230000000E0	7.697799573E-1	3.359261038E-2
7.240000000E0	7.668032323E-1	3.292372574E-2
7.250000000E0	7.636272240E-1	3.207930019E-2
7.260000000E0	7.605057888E-1	3.125870177E-2
7.270000000E0	7.570952626E-1	3.056701471E-2
7.280000000E0	7.535380447E-1	2.982527440E-2
7.290000000E0	7.500557463E-1	2.889722386E-2
7.300000000E0	7.465272471E-1	2.817407768E-2
7.310000000E0	7.426787969E-1	2.726133392E-2
7.320000000E0	7.389407872E-1	2.655303642E-2
7.330000000E0	7.347725096E-1	2.558862807E-2
7.340000000E0	7.305689408E-1	2.460315071E-2
7.350000000E0	7.265464983E-1	2.403576102E-2
7.360000000E0	7.223697839E-1	2.319454660E-2
7.370000000E0	7.180039553E-1	2.226296372E-2
7.380000000E0	7.135301901E-1	2.125359650E-2
7.390000000E0	7.090827084E-1	2.037600154E-2
7.400000000E0	7.045815300E-1	1.960131330E-2
7.410000000E0	6.997884437E-1	1.879500948E-2
7.420000000E0	6.949582901E-1	1.796537855E-2
7.430000000E0	6.903567013E-1	1.747006689E-2
7.440000000E0	6.852055321E-1	1.660175595E-2
7.450000000E0	6.804473138E-1	1.599066390E-2
7.460000000E0	6.752121914E-1	1.534445290E-2
7.470000000E0	6.701264885E-1	1.451148607E-2
7.480000000E0	6.650677712E-1	1.409780230E-2
7.490000000E0	6.597105878E-1	1.342281209E-2
7.500000000E0	6.543350299E-1	1.305256328E-2
7.510000000E0	6.488093969E-1	1.238110002E-2
7.520000000E0	6.435434458E-1	1.198827972E-2
7.530000000E0	6.378568724E-1	1.156376836E-2
7.540000000E0	6.322450502E-1	1.122630943E-2
7.550000000E0	6.267279589E-1	1.102818571E-2
7.560000000E0	6.211913698E-1	1.087871447E-2
7.570000000E0	6.156229995E-1	1.071572739E-2
7.580000000E0	6.100415410E-1	1.054793717E-2
7.590000000E0	6.045277796E-1	1.047304747E-2
7.600000000E0	5.990602061E-1	1.003124015E-2
7.610000000E0	5.935553263E-1	9.870552897E-3
7.620000000E0	5.880324012E-1	9.834274283E-3
7.630000000E0	5.825447959E-1	9.780109978E-3
7.640000000E0	5.770666262E-1	9.757539756E-3
7.650000000E0	5.715306847E-1	9.654029676E-3
7.660000000E0	5.660400098E-1	9.707841267E-3
7.670000000E0	5.606000449E-1	9.698285409E-3
7.680000000E0	5.550594196E-1	9.744428596E-3
7.690000000E0	5.495911654E-1	9.618696943E-3
7.700000000E0	5.440446426E-1	9.722443611E-3
7.710000000E0	5.385222165E-1	9.632859514E-3
7.720000000E0	5.329994654E-1	9.701245338E-3
7.730000000E0	5.274545380E-1	9.751153233E-3
7.740000000E0	5.219815136E-1	9.735231020E-3
7.750000000E0	5.164221937E-1	9.750080637E-3
7.760000000E0	5.109074040E-1	9.846403510E-3
7.770000000E0	5.053642146E-1	9.864891524E-3
7.780000000E0	4.998257387E-1	9.851284904E-3
7.790000000E0	4.943100546E-1	9.902736611E-3
7.800000000E0	4.888664492E-1	9.887480598E-3
7.810000000E0	4.834124046E-1	9.864019966E-3
7.820000000E0	4.778546734E-1	9.937484368E-3
7.830000000E0	4.724136662E-1	9.977094256E-3
7.840000000E0	4.671652821E-1	1.004684041E-2
7.850000000E0	4.618090462E-1	1.036131202E-2
7.860000000E0	4.566583305E-1	1.023967293E-2
7.870000000E0	4.513587548E-1	1.017964297E-2
7.880000000E0	4.458449478E-1	1.031622370E-2
7.890000000E0	4.410665122E-1	1.085453619E-2
7.900000000E0	4.358569042E-1	1.083306465E-2
7.910000000E0	4.307117254E-1	1.108772837E-2
7.920000000E0	4.256466824E-1	1.124841210E-2
7.930000000E0	4.204420087E-1	1.155870037E-2
7.940000000E0	4.156756208E-1	1.199483355E-2
7.950000000E0	4.105731397E-1	1.210486904E-2
7.960000000E0	4.056899586E-1	1.270355070E-2
7.970000000E0	4.006673143E-1	1.245904251E-2
7.980000000E0	3.960302693E-1	1.314300666E-2
7.990000000E0	3.910568039E-1	1.328990108E-2
8.000000000E0	3.861512640E-1	1.372596068E-2
8.010000000E0	3.816443742E-1	1.428992592E-2
8.020000000E0	3.770463232E-1	1.475934403E-2
8.030000000E0	3.727763808E-1	1.523927360E-2
8.040000000E0	3.682675811E-1	1.562154886E-2
8.050000000E0	3.640531853E-1	1.619773479E-2
8.060000000E0	3.596546416E-1	1.664806069E-2
8.070000000E0	3.552961889E-1	1.698368242E-2
8.080000000E0	3.511763995E-1	1.742682601E-2
8.090000000E0	3.469706636E-1	1.781816356E-2
8.100000000E0	3.430488671E-1	1.868396097E-2
8.110000000E0	3.390326424E-1	1.881632980E-2
8.120000000E0	3.353950954E-1	1.968453936E-2
8.130000000E0	3.315335692E-1	1.994120216E-2
8.140000000E0	3.278921049E-1	2.055189205E-2
8.150000000E0	3.243272380E-1	2.126628833E-2
8.160000000E0	3.209716631E-1	2.200583630E-2
8.170000000E0	3.176249849E-1	2.238802340E-2
8.180000000E0	3.144360735E-1	2.307391263E-2
8.190000000E0	3.111995283E-1	2.332047794E-2
8.200000000E0	3.081372178E-1	2.382655559E-2
8.210000000E0	3.048589613E-1	2.434447220E-2
8.220000000E0	3.022849731E-1	2.510931347E-2
8.230000000E0	2.992063246E-1	2.541063800E-2
8.240000000E0	2.967915131E-1	2.622769999E-2
8.250000000E0	2.939917802E-1	2.644639632E-2
8.260000000E0	2.914642725E-1	2.715858955E-2
8.270000000E0	2.890534241E-1	2.781505780E-2
8.280000000E0	2.868939768E-1	2.839866106E-2
8.290000000E0	2.846987103E-1	2.874702215E-2
8.300000000E0	2.825173176E-1	2.898764505E-2
8.310000000E0	2.804964573E-1	2.944415412E-2
8.320000000E0	2.787094970E-1	3.003071083E-2
8.330000000E0	2.769711992E-1	3.009225856E-2
8.340000000E0	2.755865236E-1	3.074337812E-2
8.350000000E0	2.738245257E-1	3.076176754E-2
8.360000000E0	2.725018764E-1	3.107718165E-2
8.370000000E0	2.711812512E-1	3.140686822E-2
8.380000000E0	2.702255006E-1	3.166083854E-2
8.390000000E0	2.691404501E-1	3.194909899E-2
8.400000000E0	2.681217810E-1	3.212026501E-2
8.410000000E0	2.671282314E-1	3.206429548E-2
8.420000000E0	2.662150461E-1	3.207565606E-2
8.430000000E0	2.657980794E-1	3.238703686E-2
8.440000000E0	2.650605533E-1	3.213402953E-2
8.450000000E0	2.647891416E-1	3.229797026E-2
8.460000000E0	2.646088136E-1	3.235258228E-2
8.470000000E0	2.645595118E-1	3.235498016E-2
8.480000000E0	2.646304686E-1	3.227032495E-2
8.490000000E0	2.647683610E-1	3.215701534E-2
8.500000000E0	2.648816973E-1	3.207402424E-2
8.510000000E0	2.650947699E-1	3.192268800E-2
8.520000000E0	2.657977738E-1	3.210925808E-2
8.530000000E0	2.661348976E-1	3.184276872E-2
8.540000000E0	2.670047733E-1	3.191872085E-2
8.550000000E0	2.679284873E-1	3.198054596E-2
8.560000000E0	2.684043681E-1	3.119626052E-2
8.570000000E0	2.694046205E-1	3.094594023E-2
8.580000000E0	2.705265407E-1	3.081025867E-2
8.590000000E0	2.715925061E-1	3.043108193E-2
8.600000000E0	2.729328897E-1	2.986099225E-2
8.610000000E0	2.746363992E-1	2.988534664E-2
8.620000000E0	2.759719394E-1	2.932433419E-2
8.630000000E0	2.778704294E-1	2.904350957E-2
8.640000000E0	2.797699384E-1	2.883285546E-2
8.650000000E0	2.814783216E-1	2.806386751E-2
8.660000000E0	2.835930586E-1	2.764955796E-2
8.670000000E0	2.857961714E-1	2.714841275E-2
8.680000000E0	2.879807268E-1	2.669313346E-2
8.690000000E0	2.903093029E-1	2.635171824E-2
8.700000000E0	2.925978006E-1	2.557950448E-2
8.710000000E0	2.952103529E-1	2.539629527E-2
8.720000000E0	2.979191276E-1	2.471998444E-2
8.730000000E0	3.004174993E-1	2.413111112E-2
8.740000000E0	3.032971207E-1	2.376625998E-2
8.750000000E0	3.061666977E-1	2.312394948E-2
8.760000000E0	3.089774230E-1	2.266474027E-2
8.770000000E0	3.122057442E-1	2.220620056E-2
8.780000000E0	3.154443124E-1	2.194430810E-2
8.790000000E0	3.186337815E-1	2.157275621E-2
8.800000000E0	3.220980235E-1	2.096151323E-2
8.810000000E0	3.254903526E-1	2.054281048E-2
8.820000000E0	3.288604165E-1	2.001551430E-2
8.830000000E0	3.323649705E-1	1.957428341E-2
8.840000000E0	3.358857097E-1	1.894064956E-2
8.850000000E0	3.396949508E-1	1.876633775E-2
8.860000000E0	3.432233994E-1	1.810605647E-2
8.870000000E0	3.473486243E-1	1.780177174E-2
8.880000000E0	3.509616924E-1	1.713575441E-2
8.890000000E0	3.550997000E-1	1.676308894E-2
8.900000000E0	3.589597606E-1	1.628332109E-2
8.910000000E0	3.629126498E-1	1.602668832E-2
8.920000000E0	3.670046117E-1	1.554548081E-2
8.930000000E0	3.709409248E-1	1.461172610E-2
8.940000000E0	3.751673802E-1	1.435806391E-2
8.950000000E0	3.795104655E-1	1.387386491E-2
8.960000000E0	3.838766611E-1	1.332422400E-2
8.970000000E0	3.883288655E-1	1.284137223E-2
8.980000000E0	3.927244975E-1	1.246306160E-2
8.990000000E0	3.971927528E-1	1.220117658E-2
9.000000000E0	4.016944130E-1	1.168780897E-2
9.010000000E0	4.060991097E-1	1.146910340E-2
9.020000000E0	4.105647037E-1	1.116307188E-2
9.030000000E0	4.151143781E-1	1.086637718E-2
9.040000000E0	4.197381181E-1	1.051503638E-2
9.050000000E0	4.242956577E-1	1.044165756E-2
9.060000000E0	4.290846844E-1	1.024726624E-2
9.070000000E0	4.336642905E-1	9.633379476E-3
9.080000000E0	4.385535120E-1	9.553078301E-3
9.090000000E0	4.431939132E-1	9.562133148E-3
9.100000000E0	4.478542734E-1	9.100607992E-3
9.110000000E0	4.526021382E-1	8.839085421E-3
9.120000000E0	4.575761503E-1	8.933020510E-3
9.130000000E0	4.623313670E-1	8.733316466E-3
9.140000000E0	4.669797452E-1	8.634577241E-3
9.150000000E0	4.718589991E-1	8.744204430E-3
9.160000000E0	4.765973672E-1	8.712032082E-3
9.170000000E0	4.812870246E-1	8.606030384E-3
9.180000000E0	4.861832409E-1	8.792630543E-3
9.190000000E0	4.909808598E-1	8.717579324E-3
9.200000000E0	4.957010070E-1	8.737871394E-3
9.210000000E0	5.006478614E-1	8.867574338E-3
9.220000000E0	5.053471855E-1	8.856436675E-3
9.230000000E0	5.100645634E-1	8.856575022E-3
9.240000000E0	5.150233916E-1	8.968431675E-3
9.250000000E0	5.196660863E-1	8.968192215E-3
9.260000000E0	5.242803663E-1	9.099320950E-3
9.270000000E0	5.291789042E-1	9.105655074E-3
9.280000000E0	5.339639085E-1	9.008087224E-3
9.290000000E0	5.385282933E-1	8.960895757E-3
