mass_A
t	x	y
0.000000000E0	1.541236897E-4	1.381250825E-1
1.000000000E-2	3.536183285E-4	1.380101718E-1
2.000000000E-2	1.221250076E-3	1.376563662E-1
3.000000000E-2	2.162195474E-3	1.370786961E-1
4.000000000E-2	3.430177308E-3	1.361015890E-1
5.000000000E-2	4.833409566E-3	1.349911133E-1
6.000000000E-2	6.759923490E-3	1.337566115E-1
7.000000000E-2	8.982456140E-3	1.324770268E-1
8.000000000E-2	1.141608262E-2	1.306304670E-1
9.000000000E-2	1.438867275E-2	1.286773274E-1
1.000000000E-1	1.709864791E-2	1.270188040E-1
1.100000000E-1	2.032138608E-2	1.249257099E-1
1.200000000E-1	2.390590156E-2	1.226563757E-1
1.300000000E-1	2.784662938E-2	1.202051071E-1
1.400000000E-1	3.207801319E-2	1.175312088E-1
1.500000000E-1	3.644324825E-2	1.149468680E-1
1.600000000E-1	4.128670431E-2	1.131588267E-1
1.700000000E-1	4.710341107E-2	1.122362968E-1
1.800000000E-1	5.235749587E-2	1.106236311E-1
1.900000000E-1	5.783613100E-2	1.073812788E-1
2.000000000E-1	6.331224566E-2	1.023435739E-1
2.100000000E-1	6.952790257E-2	9.950371862E-2
2.200000000E-1	7.593060632E-2	9.635517066E-2
2.300000000E-1	8.266740429E-2	9.310395121E-2
2.400000000E-1	8.950145480E-2	8.963616060E-2
2.500000000E-1	9.649246808E-2	8.604915544E-2
2.600000000E-1	1.037506179E-1	8.312245675E-2
2.700000000E-1	1.112453778E-1	8.010457475E-2
2.800000000E-1	1.189359625E-1	7.678407133E-2
2.900000000E-1	1.268551204E-1	7.347990416E-2
3.000000000E-1	1.348088941E-1	7.012568110E-2
3.100000000E-1	1.432663083E-1	6.736221326E-2
3.200000000E-1	1.513596133E-1	6.412006790E-2
3.300000000E-1	1.598605422E-1	6.126144031E-2
3.400000000E-1	1.685013991E-1	5.844084438E-2
3.500000000E-1	1.769954842E-1	5.541201410E-2
3.600000000E-1	1.856741373E-1	5.270507840E-2
3.700000000E-1	1.948402474E-1	5.003967391E-2
3.800000000E-1	2.041293865E-1	4.767990068E-2
3.900000000E-1	2.131504422E-1	4.495497653E-2
4.000000000E-1	2.226236482E-1	4.291481676E-2
4.100000000E-1	2.320121420E-1	4.126147607E-2
4.200000000E-1	2.417635256E-1	3.897974185E-2
4.300000000E-1	2.515535486E-1	3.574511267E-2
4.400000000E-1	2.618010323E-1	3.313859778E-2
4.500000000E-1	2.719815143E-1	3.075525836E-2
4.600000000E-1	2.822610026E-1	2.889275778E-2
4.700000000E-1	2.923997273E-1	2.669828269E-2
4.800000000E-1	3.027693003E-1	2.464866347E-2
4.900000000E-1	3.132019690E-1	2.276278893E-2
5.000000000E-1	3.239321969E-1	2.095388429E-2
5.100000000E-1	3.347400769E-1	1.938001787E-2
5.200000000E-1	3.454620411E-1	1.815048255E-2
5.300000000E-1	3.563973955E-1	1.640571612E-2
5.400000000E-1	3.673416216E-1	1.508112914E-2
5.500000000E-1	3.784040361E-1	1.366647724E-2
5.600000000E-1	3.893785036E-1	1.259788855E-2
5.700000000E-1	4.004706292E-1	1.162964693E-2
5.800000000E-1	4.112912766E-1	1.116806475E-2
5.900000000E-1	4.221780867E-1	1.235334372E-2
6.000000000E-1	4.334458883E-1	1.100961312E-2
6.100000000E-1	4.447149586E-1	1.028304769E-2
6.200000000E-1	4.558227225E-1	1.000586813E-2
6.300000000E-1	4.669500600E-1	9.991448522E-3
6.400000000E-1	4.779173640E-1	9.498619266E-3
6.500000000E-1	4.889337573E-1	9.280336071E-3
6.600000000E-1	4.998994454E-1	9.145002416E-3
6.700000000E-1	5.108719121E-1	9.076775016E-3
6.800000000E-1	5.218050523E-1	9.256765520E-3
6.900000000E-1	5.327785537E-1	9.410035240E-3
7.000000000E-1	5.437116630E-1	9.496345766E-3
7.100000000E-1	5.546814252E-1	9.561122332E-3
7.200000000E-1	5.657047200E-1	9.676073523E-3
7.300000000E-1	5.764387111E-1	1.027383828E-2
7.400000000E-1	5.872819382E-1	1.031501120E-2
7.500000000E-1	5.977642414E-1	1.076365090E-2
7.600000000E-1	6.081477893E-1	1.146162657E-2
7.700000000E-1	6.188420540E-1	1.201121327E-2
7.800000000E-1	6.296438692E-1	1.158119067E-2
7.900000000E-1	6.405889539E-1	1.210956955E-2
8.000000000E-1	6.510106942E-1	1.311353163E-2
8.100000000E-1	6.614192411E-1	1.396887116E-2
8.200000000E-1	6.718158859E-1	1.482963255E-2
8.300000000E-1	6.820796557E-1	1.621974779E-2
8.400000000E-1	6.923919785E-1	1.765866090E-2
8.500000000E-1	7.025742280E-1	1.908708241E-2
8.600000000E-1	7.125018160E-1	2.056132036E-2
8.700000000E-1	7.223435047E-1	2.221924327E-2
8.800000000E-1	7.318698942E-1	2.416688516E-2
8.900000000E-1	7.412823443E-1	2.604354415E-2
9.000000000E-1	7.504690131E-1	2.793343434E-2
9.100000000E-1	7.594333281E-1	3.013799528E-2
9.200000000E-1	7.684390145E-1	3.216439529E-2
9.300000000E-1	7.774246691E-1	3.438731526E-2
9.400000000E-1	7.861654214E-1	3.663258577E-2
9.500000000E-1	7.944322554E-1	3.968754009E-2
9.600000000E-1	8.028675024E-1	4.195199555E-2
9.700000000E-1	8.110396308E-1	4.392558604E-2
9.800000000E-1	8.191783571E-1	4.612353803E-2
9.900000000E-1	8.272986052E-1	4.860164149E-2
1.000000000E0	8.350854186E-1	5.083679641E-2
1.010000000E0	8.426504350E-1	5.300677409E-2
1.020000000E0	8.498515310E-1	5.540671062E-2
1.030000000E0	8.569695136E-1	5.743650477E-2
1.040000000E0	8.637976849E-1	5.988723572E-2
1.050000000E0	8.704904684E-1	6.212239191E-2
1.060000000E0	8.769506484E-1	6.429244456E-2
1.070000000E0	8.834137387E-1	6.654593834E-2
1.080000000E0	8.895191847E-1	6.884943417E-2
1.090000000E0	8.953352858E-1	7.087824955E-2
1.100000000E0	9.011514959E-1	7.322430529E-2
1.110000000E0	9.066198483E-1	7.541968439E-2
1.120000000E0	9.117889914E-1	7.756536466E-2
1.130000000E0	9.168267511E-1	7.977795686E-2
1.140000000E0	9.218437299E-1	8.186108858E-2
1.150000000E0	9.265028327E-1	8.395210331E-2
1.160000000E0	9.308161041E-1	8.606383134E-2
1.170000000E0	9.348278355E-1	8.822169149E-2
1.180000000E0	9.386187555E-1	9.000909393E-2
1.190000000E0	9.421285747E-1	9.177469223E-2
1.200000000E0	9.454035692E-1	9.351176683E-2
1.210000000E0	9.485686408E-1	9.510251063E-2
1.220000000E0	9.514408147E-1	9.649472186E-2
1.230000000E0	9.541019644E-1	9.775767178E-2
1.240000000E0	9.563897797E-1	9.916876552E-2
1.250000000E0	9.585236155E-1	1.004272375E-1
1.260000000E0	9.604985121E-1	1.015162270E-1
1.270000000E0	9.618898038E-1	1.025240754E-1
1.280000000E0	9.631081539E-1	1.036429735E-1
1.290000000E0	9.642390361E-1	1.041785401E-1
1.300000000E0	9.651654490E-1	1.043734641E-1
1.310000000E0	9.656033686E-1	1.048386397E-1
1.320000000E0	9.661411937E-1	1.048407731E-1
1.330000000E0	9.662175101E-1	1.049172150E-1
1.340000000E0	9.661416028E-1	1.048358389E-1
1.350000000E0	9.655963768E-1	1.048581911E-1
1.360000000E0	9.651053682E-1	1.041755364E-1
1.370000000E0	9.641223555E-1	1.038581031E-1
1.380000000E0	9.630645655E-1	1.031540520E-1
1.390000000E0	9.618003170E-1	1.023270061E-1
1.400000000E0	9.604877967E-1	1.015929950E-1
1.410000000E0	9.586486269E-1	1.007060367E-1
1.420000000E0	9.566160657E-1	9.964632386E-2
1.430000000E0	9.542971775E-1	9.857716789E-2
1.440000000E0	9.519423830E-1	9.730136870E-2
1.450000000E0	9.493269517E-1	9.581114626E-2
1.460000000E0	9.465230552E-1	9.450515733E-2
1.470000000E0	9.434235491E-1	9.305343585E-2
1.480000000E0	9.401169981E-1	9.158504493E-2
1.490000000E0	9.366939294E-1	8.989040936E-2
1.500000000E0	9.332451895E-1	8.826734546E-2
1.510000000E0	9.294431869E-1	8.640637724E-2
1.520000000E0	9.254117307E-1	8.477113778E-2
1.530000000E0	9.210870533E-1	8.292400318E-2
1.540000000E0	9.166180386E-1	8.093432558E-2
1.550000000E0	9.120331674E-1	7.879266520E-2
1.560000000E0	9.069816346E-1	7.691216769E-2
1.570000000E0	9.016216879E-1	7.466784799E-2
1.580000000E0	8.962436410E-1	7.248027131E-2
1.590000000E0	8.904090210E-1	7.005037184E-2
1.600000000E0	8.847748698E-1	6.768351643E-2
1.610000000E0	8.790058169E-1	6.556176643E-2
1.620000000E0	8.729154277E-1	6.339597810E-2
1.630000000E0	8.668764873E-1	6.104872292E-2
1.640000000E0	8.604568608E-1	5.886090322E-2
1.650000000E0	8.539410515E-1	5.672567431E-2
1.660000000E0	8.473050491E-1	5.449450898E-2
1.670000000E0	8.405452181E-1	5.245817988E-2
1.680000000E0	8.337645177E-1	5.029186130E-2
1.690000000E0	8.263557636E-1	4.820259563E-2
1.700000000E0	8.189977025E-1	4.579075360E-2
1.710000000E0	8.115720646E-1	4.390347331E-2
1.720000000E0	8.039926019E-1	4.238525031E-2
1.730000000E0	7.962215947E-1	4.046834975E-2
1.740000000E0	7.884474154E-1	3.792435769E-2
1.750000000E0	7.806652540E-1	3.568513953E-2
1.760000000E0	7.728722290E-1	3.343770424E-2
1.770000000E0	7.644543322E-1	3.139350911E-2
1.780000000E0	7.560508751E-1	2.920787245E-2
1.790000000E0	7.478262647E-1	2.719898051E-2
1.800000000E0	7.392611139E-1	2.539692845E-2
1.810000000E0	7.306233271E-1	2.360493216E-2
1.820000000E0	7.217118392E-1	2.183122402E-2
1.830000000E0	7.127531319E-1	2.023344759E-2
1.840000000E0	7.038131220E-1	1.897012098E-2
1.850000000E0	6.948239297E-1	1.761954386E-2
1.860000000E0	6.853413298E-1	1.615080511E-2
1.870000000E0	6.761256244E-1	1.481864887E-2
1.880000000E0	6.665973702E-1	1.370223644E-2
1.890000000E0	6.573783554E-1	1.252610062E-2
1.900000000E0	6.478539807E-1	1.151215496E-2
1.910000000E0	6.385452446E-1	1.082608255E-2
1.920000000E0	6.289297513E-1	1.041253685E-2
1.930000000E0	6.196553355E-1	1.154417589E-2
1.940000000E0	6.102267853E-1	1.138521783E-2
1.950000000E0	6.011473617E-1	1.051766221E-2
1.960000000E0	5.917885333E-1	1.017433895E-2
1.970000000E0	5.822666059E-1	1.006269935E-2
1.980000000E0	5.727734689E-1	9.807497256E-3
1.990000000E0	5.634162487E-1	9.494547252E-3
2.000000000E0	5.538529380E-1	9.204930047E-3
2.010000000E0	5.445170102E-1	9.151018861E-3
2.020000000E0	5.351170052E-1	8.969944435E-3
2.030000000E0	5.260309119E-1	9.047918277E-3
2.040000000E0	5.166460616E-1	8.963293999E-3
2.050000000E0	5.073856694E-1	9.087660167E-3
2.060000000E0	4.981649126E-1	9.028388084E-3
2.070000000E0	4.889120694E-1	9.088855410E-3
2.080000000E0	4.797713240E-1	9.187391819E-3
2.090000000E0	4.704983860E-1	9.347612482E-3
2.100000000E0	4.611584741E-1	9.716031468E-3
2.110000000E0	4.517923464E-1	1.020416709E-2
2.120000000E0	4.425607913E-1	1.043386811E-2
2.130000000E0	4.333736395E-1	1.121844661E-2
2.140000000E0	4.245122224E-1	1.251672435E-2
2.150000000E0	4.158357985E-1	1.233685002E-2
2.160000000E0	4.070726320E-1	1.271915091E-2
2.170000000E0	3.983702633E-1	1.300280282E-2
2.180000000E0	3.894814171E-1	1.402378814E-2
2.190000000E0	3.810198644E-1	1.465268995E-2
2.200000000E0	3.722311791E-1	1.545655592E-2
2.210000000E0	3.638330535E-1	1.666772295E-2
2.220000000E0	3.554104381E-1	1.789456566E-2
2.230000000E0	3.471364194E-1	1.908808096E-2
2.240000000E0	3.388002146E-1	2.016774790E-2
2.250000000E0	3.308019915E-1	2.134420499E-2
2.260000000E0	3.229433390E-1	2.249440123E-2
2.270000000E0	3.152605562E-1	2.356549871E-2
2.280000000E0	3.075374567E-1	2.503219893E-2
2.290000000E0	3.000155853E-1	2.614217908E-2
2.300000000E0	2.924847938E-1	2.747051560E-2
2.310000000E0	2.851130152E-1	2.886644721E-2
2.320000000E0	2.780004743E-1	3.033061017E-2
2.330000000E0	2.708118423E-1	3.182423744E-2
2.340000000E0	2.637652322E-1	3.330362677E-2
2.350000000E0	2.569362065E-1	3.471913583E-2
2.360000000E0	2.503125732E-1	3.653334737E-2
2.370000000E0	2.437768128E-1	3.818097822E-2
2.380000000E0	2.373531495E-1	4.014865091E-2
2.390000000E0	2.309076647E-1	4.142175772E-2
2.400000000E0	2.248275344E-1	4.283775408E-2
2.410000000E0	2.189441611E-1	4.422955917E-2
2.420000000E0	2.129819612E-1	4.584480457E-2
2.430000000E0	2.073355278E-1	4.736933442E-2
2.440000000E0	2.018612931E-1	4.884937117E-2
2.450000000E0	1.965279959E-1	5.025961616E-2
2.460000000E0	1.914963578E-1	5.167786795E-2
2.470000000E0	1.864573091E-1	5.326278026E-2
2.480000000E0	1.816344555E-1	5.473440940E-2
2.490000000E0	1.770459588E-1	5.604486533E-2
2.500000000E0	1.724391579E-1	5.756247866E-2
2.510000000E0	1.683217503E-1	5.882407470E-2
2.520000000E0	1.643444809E-1	6.014394650E-2
2.530000000E0	1.602850029E-1	6.135555267E-2
2.540000000E0	1.567402931E-1	6.263236284E-2
2.550000000E0	1.532985243E-1	6.405558038E-2
2.560000000E0	1.500501231E-1	6.535257612E-2
2.570000000E0	1.468190463E-1	6.630411224E-2
2.580000000E0	1.437966852E-1	6.745328880E-2
2.590000000E0	1.411899914E-1	6.854440745E-2
2.600000000E0	1.387458215E-1	6.961837752E-2
2.610000000E0	1.363706439E-1	7.058631108E-2
2.620000000E0	1.344542692E-1	7.154106963E-2
2.630000000E0	1.324438685E-1	7.220120748E-2
2.640000000E0	1.305440796E-1	7.287503375E-2
2.650000000E0	1.289933945E-1	7.353459565E-2
2.660000000E0	1.277299840E-1	7.419177995E-2
2.670000000E0	1.263495600E-1	7.439176230E-2
2.680000000E0	1.250515447E-1	7.469610344E-2
2.690000000E0	1.245090470E-1	7.526034307E-2
2.700000000E0	1.237359290E-1	7.529626762E-2
2.710000000E0	1.234453438E-1	7.551305466E-2
2.720000000E0	1.231728190E-1	7.564046947E-2
2.730000000E0	1.233825782E-1	7.548314828E-2
2.740000000E0	1.236112438E-1	7.535534182E-2
2.750000000E0	1.238042645E-1	7.518918207E-2
2.760000000E0	1.246314980E-1	7.517007735E-2
2.770000000E0	1.254662965E-1	7.503917957E-2
2.780000000E0	1.262246135E-1	7.424340232E-2
2.790000000E0	1.273502637E-1	7.383448534E-2
2.800000000E0	1.287414145E-1	7.344464012E-2
2.810000000E0	1.303507136E-1	7.279505590E-2
2.820000000E0	1.323425569E-1	7.209043541E-2
2.830000000E0	1.344030408E-1	7.142906247E-2
2.840000000E0	1.366244614E-1	7.082743752E-2
2.850000000E0	1.389902025E-1	6.977546256E-2
2.860000000E0	1.413385619E-1	6.869271152E-2
2.870000000E0	1.440343881E-1	6.759630117E-2
2.880000000E0	1.468893416E-1	6.651228916E-2
2.890000000E0	1.500502456E-1	6.543024888E-2
2.900000000E0	1.533033185E-1	6.434752675E-2
2.910000000E0	1.567410501E-1	6.310971818E-2
2.920000000E0	1.601852884E-1	6.200356188E-2
2.930000000E0	1.640201630E-1	6.083139833E-2
2.940000000E0	1.678978177E-1	5.947550589E-2
2.950000000E0	1.720898109E-1	5.813469755E-2
2.960000000E0	1.764855057E-1	5.664870525E-2
2.970000000E0	1.809253412E-1	5.539344006E-2
2.980000000E0	1.855039359E-1	5.385837086E-2
2.990000000E0	1.902445137E-1	5.231706656E-2
3.000000000E0	1.952807211E-1	5.105278979E-2
3.010000000E0	2.002928786E-1	4.954437750E-2
3.020000000E0	2.053356893E-1	4.803400675E-2
3.030000000E0	2.108236858E-1	4.652852423E-2
3.040000000E0	2.164724344E-1	4.503366642E-2
3.050000000E0	2.220077097E-1	4.355033691E-2
3.060000000E0	2.280935784E-1	4.242884090E-2
3.070000000E0	2.340804445E-1	4.115311459E-2
3.080000000E0	2.403655355E-1	3.953737282E-2
3.090000000E0	2.467239502E-1	3.780781667E-2
3.100000000E0	2.531472445E-1	3.624726769E-2
3.110000000E0	2.595724239E-1	3.487359362E-2
3.120000000E0	2.660902153E-1	3.338215289E-2
3.130000000E0	2.727687744E-1	3.200422703E-2
3.140000000E0	2.795270887E-1	3.052873035E-2
3.150000000E0	2.863784696E-1	2.904530215E-2
3.160000000E0	2.935190070E-1	2.780827113E-2
3.170000000E0	3.006260073E-1	2.657838555E-2
3.180000000E0	3.078146465E-1	2.516518107E-2
3.190000000E0	3.152558216E-1	2.401009151E-2
3.200000000E0	3.228232222E-1	2.321748703E-2
3.210000000E0	3.303730993E-1	2.205210905E-2
3.220000000E0	3.378770807E-1	2.097638327E-2
3.230000000E0	3.454742294E-1	1.996973392E-2
3.240000000E0	3.533258157E-1	1.879856896E-2
3.250000000E0	3.610707059E-1	1.782148180E-2
3.260000000E0	3.686974484E-1	1.685322674E-2
3.270000000E0	3.767052850E-1	1.604313873E-2
3.280000000E0	3.845272259E-1	1.516397129E-2
3.290000000E0	3.926319669E-1	1.458136475E-2
3.300000000E0	4.005213248E-1	1.363476017E-2
3.310000000E0	4.082808546E-1	1.328719562E-2
3.320000000E0	4.162224659E-1	1.264934461E-2
3.330000000E0	4.243502805E-1	1.253769069E-2
3.340000000E0	4.325448835E-1	1.189546426E-2
3.350000000E0	4.408544338E-1	1.196059523E-2
3.360000000E0	4.491369222E-1	1.138188671E-2
3.370000000E0	4.576354214E-1	1.110520001E-2
3.380000000E0	4.657637464E-1	1.104977277E-2
3.390000000E0	4.740444669E-1	1.082604528E-2
3.400000000E0	4.822476817E-1	1.059534661E-2
3.410000000E0	4.904387894E-1	1.029304641E-2
3.420000000E0	4.986345391E-1	1.029184341E-2
3.430000000E0	5.066284506E-1	1.020096730E-2
3.440000000E0	5.148762869E-1	1.018585399E-2
3.450000000E0	5.229015285E-1	1.021616183E-2
3.460000000E0	5.308943106E-1	1.028422565E-2
3.470000000E0	5.389863706E-1	1.027501015E-2
3.480000000E0	5.471644153E-1	1.035074337E-2
3.490000000E0	5.551009443E-1	1.055833963E-2
3.500000000E0	5.631259943E-1	1.063560221E-2
3.510000000E0	5.712047809E-1	1.054556299E-2
3.520000000E0	5.791639174E-1	1.081952021E-2
3.530000000E0	5.871350997E-1	1.110634242E-2
3.540000000E0	5.950163188E-1	1.130910738E-2
3.550000000E0	6.027656654E-1	1.135682417E-2
3.560000000E0	6.103896548E-1	1.172720800E-2
3.570000000E0	6.181604495E-1	1.218800589E-2
3.580000000E0	6.258433707E-1	1.211619823E-2
3.590000000E0	6.336120734E-1	1.240425935E-2
3.600000000E0	6.413939595E-1	1.280138176E-2
3.610000000E0	6.489120251E-1	1.351154076E-2
3.620000000E0	6.564918571E-1	1.400932045E-2
3.630000000E0	6.640423328E-1	1.454909142E-2
3.640000000E0	6.715664196E-1	1.547197540E-2
3.650000000E0	6.788223889E-1	1.659084258E-2
3.660000000E0	6.861856122E-1	1.770820563E-2
3.670000000E0	6.935751999E-1	1.870701307E-2
3.680000000E0	7.005982760E-1	1.991537726E-2
3.690000000E0	7.076729920E-1	2.107323372E-2
3.700000000E0	7.147174156E-1	2.209119352E-2
3.710000000E0	7.214277665E-1	2.338564119E-2
3.720000000E0	7.279994638E-1	2.452385411E-2
3.730000000E0	7.345926833E-1	2.572092363E-2
3.740000000E0	7.409978853E-1	2.684648010E-2
3.750000000E0	7.470170245E-1	2.840395513E-2
3.760000000E0	7.532374836E-1	2.984480781E-2
3.770000000E0	7.590096316E-1	3.112229483E-2
3.780000000E0	7.647479544E-1	3.238944373E-2
3.790000000E0	7.704103401E-1	3.375940273E-2
3.800000000E0	7.757054179E-1	3.519584681E-2
3.810000000E0	7.810673280E-1	3.665759786E-2
3.820000000E0	7.864297301E-1	3.795497984E-2
3.830000000E0	7.913395940E-1	3.948792325E-2
3.840000000E0	7.964078189E-1	4.097689895E-2
3.850000000E0	8.011553186E-1	4.229285365E-2
3.860000000E0	8.059952091E-1	4.337373979E-2
3.870000000E0	8.107005241E-1	4.450617951E-2
3.880000000E0	8.150849937E-1	4.570954030E-2
3.890000000E0	8.194148976E-1	4.679727607E-2
3.900000000E0	8.232441537E-1	4.813821549E-2
3.910000000E0	8.272052373E-1	4.886256318E-2
3.920000000E0	8.309047377E-1	5.008570102E-2
3.930000000E0	8.342955252E-1	5.127303786E-2
3.940000000E0	8.375300278E-1	5.235250368E-2
3.950000000E0	8.406457591E-1	5.321047846E-2
3.960000000E0	8.437622528E-1	5.420634057E-2
3.970000000E0	8.464575350E-1	5.521426864E-2
3.980000000E0	8.492779945E-1	5.591254894E-2
3.990000000E0	8.516781637E-1	5.663712333E-2
4.000000000E0	8.538869005E-1	5.756127451E-2
4.010000000E0	8.560339632E-1	5.844483854E-2
4.020000000E0	8.581688388E-1	5.893200557E-2
4.030000000E0	8.600237387E-1	5.966407208E-2
4.040000000E0	8.616160976E-1	6.024832887E-2
4.050000000E0	8.630325395E-1	6.084310716E-2
4.060000000E0	8.645147337E-1	6.106444197E-2
4.070000000E0	8.657084068E-1	6.162867943E-2
4.080000000E0	8.667922381E-1	6.196096783E-2
4.090000000E0	8.675876655E-1	6.223295722E-2
4.100000000E0	8.681849161E-1	6.280303711E-2
4.110000000E0	8.688778028E-1	6.301031963E-2
4.120000000E0	8.692215859E-1	6.327751856E-2
4.130000000E0	8.692821813E-1	6.344550861E-2
4.140000000E0	8.692957029E-1	6.330054371E-2
4.150000000E0	8.692501691E-1	6.317724875E-2
4.160000000E0	8.691408823E-1	6.301355382E-2
4.170000000E0	8.688056927E-1	6.273505153E-2
4.180000000E0	8.682220789E-1	6.266913117E-2
4.190000000E0	8.678801928E-1	6.222261751E-2
4.200000000E0	8.670118788E-1	6.198541253E-2
4.210000000E0	8.659589354E-1	6.174977346E-2
4.220000000E0	8.648617893E-1	6.123537874E-2
4.230000000E0	8.636415590E-1	6.079369011E-2
4.240000000E0	8.622166837E-1	6.002255338E-2
4.250000000E0	8.604640929E-1	5.975088157E-2
4.260000000E0	8.586154234E-1	5.900694065E-2
4.270000000E0	8.565091548E-1	5.850996742E-2
4.280000000E0	8.541698054E-1	5.769390167E-2
4.290000000E0	8.517753515E-1	5.684488223E-2
4.300000000E0	8.493562972E-1	5.605818908E-2
4.310000000E0	8.468320271E-1	5.527138263E-2
4.320000000E0	8.439774070E-1	5.440378659E-2
4.330000000E0	8.409994376E-1	5.349174226E-2
4.340000000E0	8.380220871E-1	5.224848531E-2
4.350000000E0	8.348330668E-1	5.119059907E-2
4.360000000E0	8.314600641E-1	5.011414395E-2
4.370000000E0	8.275753203E-1	4.933973271E-2
4.380000000E0	8.239340330E-1	4.802696327E-2
4.390000000E0	8.198162527E-1	4.678172589E-2
4.400000000E0	8.159309117E-1	4.555285846E-2
4.410000000E0	8.117514563E-1	4.441741628E-2
4.420000000E0	8.073972566E-1	4.330057352E-2
4.430000000E0	8.028930067E-1	4.232064437E-2
4.440000000E0	7.981347022E-1	4.119721438E-2
4.450000000E0	7.934793306E-1	3.996926380E-2
4.460000000E0	7.886430781E-1	3.850927201E-2
4.470000000E0	7.835132443E-1	3.717767592E-2
4.480000000E0	7.784554393E-1	3.567988409E-2
4.490000000E0	7.733005569E-1	3.440891415E-2
4.500000000E0	7.677844269E-1	3.313690726E-2
4.510000000E0	7.623022053E-1	3.183664793E-2
4.520000000E0	7.567908068E-1	3.086596747E-2
4.530000000E0	7.511967049E-1	2.960860347E-2
4.540000000E0	7.455358493E-1	2.813699061E-2
4.550000000E0	7.394868371E-1	2.691620780E-2
4.560000000E0	7.335592676E-1	2.566026313E-2
4.570000000E0	7.272393560E-1	2.453350456E-2
4.580000000E0	7.211679316E-1	2.333794858E-2
4.590000000E0	7.148191618E-1	2.224871872E-2
4.600000000E0	7.083495428E-1	2.116554950E-2
4.610000000E0	7.017695176E-1	2.007583435E-2
4.620000000E0	6.950776289E-1	1.899483910E-2
4.630000000E0	6.884120978E-1	1.791150398E-2
4.640000000E0	6.816621156E-1	1.687500081E-2
4.650000000E0	6.749695060E-1	1.583688931E-2
4.660000000E0	6.680745349E-1	1.496195266E-2
4.670000000E0	6.610348653E-1	1.426885136E-2
4.680000000E0	6.542293983E-1	1.344512271E-2
4.690000000E0	6.474074282E-1	1.265949471E-2
4.700000000E0	6.402642889E-1	1.198987111E-2
4.710000000E0	6.332066992E-1	1.158761433E-2
4.720000000E0	6.262359091E-1	1.136198297E-2
4.730000000E0	6.191632300E-1	1.156118067E-2
4.740000000E0	6.120276079E-1	1.147476680E-2
4.750000000E0	6.051213990E-1	1.095683604E-2
4.760000000E0	5.981377954E-1	1.072550147E-2
4.770000000E0	5.911784406E-1	1.040007460E-2
4.780000000E0	5.838042612E-1	1.022263323E-2
4.790000000E0	5.768899941E-1	1.016364357E-2
4.800000000E0	5.698992755E-1	1.013762886E-2
4.810000000E0	5.627378609E-1	1.004698410E-2
4.820000000E0	5.557220844E-1	9.954529537E-3
4.830000000E0	5.485645187E-1	1.003398955E-2
4.840000000E0	5.415841499E-1	9.876467483E-3
4.850000000E0	5.346206103E-1	9.963425034E-3
4.860000000E0	5.275808811E-1	9.837787030E-3
4.870000000E0	5.206722390E-1	9.997283590E-3
4.880000000E0	5.139265045E-1	9.944748753E-3
4.890000000E0	5.068176514E-1	1.002891436E-2
4.900000000E0	4.997967208E-1	1.007214047E-2
4.910000000E0	4.930330465E-1	1.012703109E-2
4.920000000E0	4.859779611E-1	1.018440586E-2
4.930000000E0	4.791539421E-1	1.033527181E-2
4.940000000E0	4.722189181E-1	1.043130610E-2
4.950000000E0	4.654191448E-1	1.060132238E-2
4.960000000E0	4.585250166E-1	1.065024076E-2
4.970000000E0	4.514935304E-1	1.097468148E-2
4.980000000E0	4.446392346E-1	1.125554813E-2
4.990000000E0	4.378963449E-1	1.140207808E-2
5.000000000E0	4.311612518E-1	1.182319755E-2
5.010000000E0	4.246289387E-1	1.249303591E-2
5.020000000E0	4.181108635E-1	1.258939903E-2
5.030000000E0	4.114971840E-1	1.287271052E-2
5.040000000E0	4.050236217E-1	1.328899466E-2
5.050000000E0	3.986611352E-1	1.359803716E-2
5.060000000E0	3.923214871E-1	1.446742766E-2
5.070000000E0	3.860783978E-1	1.494745428E-2
5.080000000E0	3.799322219E-1	1.553486045E-2
5.090000000E0	3.738840054E-1	1.618929463E-2
5.100000000E0	3.675903282E-1	1.678876786E-2
5.110000000E0	3.617323380E-1	1.757017802E-2
5.120000000E0	3.558409729E-1	1.839331823E-2
5.130000000E0	3.499482758E-1	1.903600921E-2
5.140000000E0	3.441499805E-1	1.990722336E-2
5.150000000E0	3.385070824E-1	2.059096318E-2
5.160000000E0	3.327075519E-1	2.125371115E-2
5.170000000E0	3.273767844E-1	2.215658280E-2
5.180000000E0	3.219832077E-1	2.287358111E-2
5.190000000E0	3.166870446E-1	2.378865319E-2
5.200000000E0	3.113891266E-1	2.449469020E-2
5.210000000E0	3.063790750E-1	2.550038152E-2
5.220000000E0	3.013580703E-1	2.643206003E-2
5.230000000E0	2.966910765E-1	2.753150687E-2
5.240000000E0	2.919420046E-1	2.831283493E-2
5.250000000E0	2.872770018E-1	2.897233855E-2
5.260000000E0	2.826814417E-1	2.986094306E-2
5.270000000E0	2.782868970E-1	3.097263862E-2
5.280000000E0	2.739141361E-1	3.195521523E-2
5.290000000E0	2.697360211E-1	3.274226120E-2
5.300000000E0	2.658019628E-1	3.350347035E-2
5.310000000E0	2.617585802E-1	3.440140490E-2
5.320000000E0	2.580977306E-1	3.533846737E-2
5.330000000E0	2.544160445E-1	3.625555579E-2
5.340000000E0	2.509136590E-1	3.725466708E-2
5.350000000E0	2.473476816E-1	3.807507931E-2
5.360000000E0	2.440164181E-1	3.886512292E-2
5.370000000E0	2.407637599E-1	3.983186846E-2
5.380000000E0	2.377458934E-1	4.066972620E-2
5.390000000E0	2.348884676E-1	4.141986212E-2
5.400000000E0	2.319754028E-1	4.207073328E-2
5.410000000E0	2.295161370E-1	4.257805865E-2
5.420000000E0	2.271172690E-1	4.316075016E-2
5.430000000E0	2.249313219E-1	4.379834915E-2
5.440000000E0	2.228423259E-1	4.433483739E-2
5.450000000E0	2.207501393E-1	4.478481151E-2
5.460000000E0	2.187367261E-1	4.534984147E-2
5.470000000E0	2.170935625E-1	4.565320779E-2
5.480000000E0	2.153722798E-1	4.597425012E-2
5.490000000E0	2.140482095E-1	4.639379433E-2
5.500000000E0	2.127706451E-1	4.667631707E-2
5.510000000E0	2.116038168E-1	4.697911040E-2
5.520000000E0	2.106178223E-1	4.714599589E-2
5.530000000E0	2.097769780E-1	4.756964775E-2
5.540000000E0	2.088761224E-1	4.765918751E-2
5.550000000E0	2.084309537E-1	4.784880744E-2
5.560000000E0	2.078454150E-1	4.773307126E-2
5.570000000E0	2.075375890E-1	4.782670525E-2
5.580000000E0	2.074930655E-1	4.786161029E-2
5.590000000E0	2.074840699E-1	4.773450130E-2
5.600000000E0	2.075502047E-1	4.768410820E-2
5.610000000E0	2.077229415E-1	4.766141170E-2
5.620000000E0	2.084224024E-1	4.763564399E-2
5.630000000E0	2.088627391E-1	4.742957249E-2
5.640000000E0	2.096904732E-1	4.730710271E-2
5.650000000E0	2.106714826E-1	4.722310066E-2
5.660000000E0	2.116751463E-1	4.711293093E-2
5.670000000E0	2.129432630E-1	4.653677401E-2
5.680000000E0	2.141966317E-1	4.630893317E-2
5.690000000E0	2.157116263E-1	4.569300595E-2
5.700000000E0	2.173647271E-1	4.547590581E-2
5.710000000E0	2.191336960E-1	4.480364912E-2
5.720000000E0	2.209638146E-1	4.431721158E-2
5.730000000E0	2.230214710E-1	4.391660455E-2
5.740000000E0	2.251797809E-1	4.329514359E-2
5.750000000E0	2.274710776E-1	4.261272077E-2
5.760000000E0	2.299539982E-1	4.223126361E-2
5.770000000E0	2.326395728E-1	4.141868264E-2
5.780000000E0	2.352379770E-1	4.105769767E-2
5.790000000E0	2.382690874E-1	4.015689059E-2
5.800000000E0	2.413126601E-1	3.927437450E-2
5.810000000E0	2.443906279E-1	3.835592958E-2
5.820000000E0	2.475400064E-1	3.766943426E-2
5.830000000E0	2.508009114E-1	3.670992757E-2
5.840000000E0	2.544696251E-1	3.581622293E-2
5.850000000E0	2.581684085E-1	3.503566725E-2
5.860000000E0	2.617023936E-1	3.441616899E-2
5.870000000E0	2.657477176E-1	3.343507817E-2
5.880000000E0	2.696276044E-1	3.250316789E-2
5.890000000E0	2.736240848E-1	3.150169550E-2
5.900000000E0	2.779591119E-1	3.075010442E-2
5.910000000E0	2.822671383E-1	2.989634261E-2
5.920000000E0	2.866688395E-1	2.897876004E-2
5.930000000E0	2.911807243E-1	2.808717175E-2
5.940000000E0	2.957105406E-1	2.718944538E-2
5.950000000E0	3.002819197E-1	2.623372024E-2
5.960000000E0	3.051926443E-1	2.552276728E-2
5.970000000E0	3.100934787E-1	2.462802104E-2
5.980000000E0	3.153096720E-1	2.365196999E-2
5.990000000E0	3.202901097E-1	2.282438615E-2
6.000000000E0	3.254517895E-1	2.213704142E-2
6.010000000E0	3.308908780E-1	2.128545475E-2
6.020000000E0	3.363299941E-1	2.039510834E-2
6.030000000E0	3.418742017E-1	1.977983934E-2
6.040000000E0	3.475395087E-1	1.907812885E-2
6.050000000E0	3.530627670E-1	1.815285837E-2
6.060000000E0	3.586984469E-1	1.761389168E-2
6.070000000E0	3.643368474E-1	1.686199289E-2
6.080000000E0	3.699417405E-1	1.609357449E-2
6.090000000E0	3.760388872E-1	1.557672322E-2
6.100000000E0	3.817390161E-1	1.500466195E-2
6.110000000E0	3.875001816E-1	1.449847730E-2
6.120000000E0	3.936820301E-1	1.383306202E-2
6.130000000E0	3.995761779E-1	1.332168046E-2
6.140000000E0	4.054211913E-1	1.285170209E-2
6.150000000E0	4.113849135E-1	1.245465802E-2
6.160000000E0	4.173802985E-1	1.222666208E-2
6.170000000E0	4.235342000E-1	1.249295445E-2
6.180000000E0	4.295783160E-1	1.179702988E-2
6.190000000E0	4.357709437E-1	1.132146395E-2
6.200000000E0	4.422504994E-1	1.122334119E-2
6.210000000E0	4.483449681E-1	1.113751594E-2
6.220000000E0	4.545476558E-1	1.097240722E-2
6.230000000E0	4.610337939E-1	1.097949932E-2
6.240000000E0	4.673120173E-1	1.067577738E-2
6.250000000E0	4.736916694E-1	1.034387891E-2
6.260000000E0	4.798428770E-1	1.017614789E-2
6.270000000E0	4.862301121E-1	1.014374946E-2
6.280000000E0	4.923051408E-1	1.013307811E-2
6.290000000E0	4.986117533E-1	1.011556727E-2
6.300000000E0	5.048652422E-1	1.008830388E-2
6.310000000E0	5.109332727E-1	1.015615696E-2
6.320000000E0	5.173065348E-1	1.008395351E-2
6.330000000E0	5.232878021E-1	1.015446927E-2
6.340000000E0	5.294951482E-1	1.015903290E-2
6.350000000E0	5.357642667E-1	1.014970920E-2
6.360000000E0	5.418232078E-1	1.024102400E-2
6.370000000E0	5.481364397E-1	1.031815108E-2
6.380000000E0	5.542306413E-1	1.062514384E-2
6.390000000E0	5.603525733E-1	1.038314259E-2
6.400000000E0	5.663976727E-1	1.049671552E-2
6.410000000E0	5.724875979E-1	1.054693218E-2
6.420000000E0	5.784481527E-1	1.056983203E-2
6.430000000E0	5.845922477E-1	1.043309374E-2
6.440000000E0	5.905675333E-1	1.062808436E-2
6.450000000E0	5.965275590E-1	1.057627005E-2
6.460000000E0	6.024198180E-1	1.056355444E-2
6.470000000E0	6.082605066E-1	1.140254066E-2
6.480000000E0	6.142610106E-1	1.203158595E-2
6.490000000E0	6.201272531E-1	1.182688738E-2
6.500000000E0	6.259982830E-1	1.163722008E-2
6.510000000E0	6.318255224E-1	1.154984571E-2
6.520000000E0	6.375803995E-1	1.190322521E-2
6.530000000E0	6.433263545E-1	1.240424253E-2
6.540000000E0	6.490141572E-1	1.289175615E-2
6.550000000E0	6.545582735E-1	1.351109651E-2
6.560000000E0	6.600648466E-1	1.390783001E-2
6.570000000E0	6.654505191E-1	1.445896487E-2
6.580000000E0	6.708536039E-1	1.537866728E-2
6.590000000E0	6.762813793E-1	1.591763962E-2
6.600000000E0	6.816723412E-1	1.661357512E-2
6.610000000E0	6.870964782E-1	1.708016834E-2
6.620000000E0	6.921991756E-1	1.798753742E-2
6.630000000E0	6.971733210E-1	1.881018432E-2
6.640000000E0	7.022557316E-1	1.925046306E-2
6.650000000E0	7.071166004E-1	2.016350235E-2
6.660000000E0	7.117484017E-1	2.121643371E-2
6.670000000E0	7.163586301E-1	2.201342520E-2
6.680000000E0	7.207185222E-1	2.294903037E-2
6.690000000E0	7.250703376E-1	2.369002413E-2
6.700000000E0	7.293108272E-1	2.456356011E-2
6.710000000E0	7.335398535E-1	2.547991079E-2
6.720000000E0	7.376895963E-1	2.613943950E-2
6.730000000E0	7.414540406E-1	2.685428140E-2
6.740000000E0	7.453654628E-1	2.765254699E-2
6.750000000E0	7.490273857E-1	2.860631546E-2
6.760000000E0	7.525258280E-1	2.945835797E-2
6.770000000E0	7.557553328E-1	3.007254739E-2
6.780000000E0	7.590713870E-1	3.085495613E-2
6.790000000E0	7.623027866E-1	3.167185971E-2
6.800000000E0	7.654191501E-1	3.223062928E-2
6.810000000E0	7.683557752E-1	3.280179519E-2
6.820000000E0	7.711313615E-1	3.391370585E-2
6.830000000E0	7.741149789E-1	3.458499242E-2
6.840000000E0	7.766230220E-1	3.528485879E-2
6.850000000E0	7.789822725E-1	3.594957368E-2
6.860000000E0	7.811511022E-1	3.656290275E-2
6.870000000E0	7.833648797E-1	3.708451225E-2
6.880000000E0	7.853906841E-1	3.764365110E-2
6.890000000E0	7.874857628E-1	3.792897529E-2
6.900000000E0	7.890160375E-1	3.875501555E-2
6.910000000E0	7.908336640E-1	3.904539140E-2
6.920000000E0	7.921431525E-1	3.961812726E-2
6.930000000E0	7.936376829E-1	4.008622120E-2
6.940000000E0	7.948481283E-1	4.026914369E-2
6.950000000E0	7.959603673E-1	4.056343414E-2
6.960000000E0	7.972059667E-1	4.110501370E-2
6.970000000E0	7.980205081E-1	4.125800628E-2
6.980000000E0	7.986582207E-1	4.133698238E-2
6.990000000E0	7.992985139E-1	4.138130743E-2
7.000000000E0	7.997547210E-1	4.145782707E-2
7.010000000E0	7.999633765E-1	4.146273813E-2
7.020000000E0	8.000529650E-1	4.148695362E-2
7.030000000E0	8.000043584E-1	4.137982365E-2
7.040000000E0	7.998602108E-1	4.130305679E-2
7.050000000E0	7.997156602E-1	4.119338009E-2
7.060000000E0	7.995066957E-1	4.117852126E-2
7.070000000E0	7.987809789E-1	4.114139769E-2
7.080000000E0	7.984100365E-1	4.108282041E-2
7.090000000E0	7.975543268E-1	4.101465314E-2
7.100000000E0	7.965167449E-1	4.083965589E-2
7.110000000E0	7.954213745E-1	4.055698744E-2
7.120000000E0	7.943032126E-1	4.023717514E-2
7.130000000E0	7.930803968E-1	3.996484072E-2
7.140000000E0	7.916368452E-1	3.962278508E-2
7.150000000E0	7.900305980E-1	3.915312917E-2
7.160000000E0	7.884061872E-1	3.869798469E-2
7.170000000E0	7.865807322E-1	3.810314362E-2
7.180000000E0	7.844823490E-1	3.772238154E-2
7.190000000E0	7.823438031E-1	3.709309467E-2
7.200000000E0	7.799944956E-1	3.651202230E-2
7.210000000E0	7.777110890E-1	3.566100837E-2
7.220000000E0	7.753382461E-1	3.523917057E-2
7.230000000E0	7.728542139E-1	3.445979084E-2
7.240000000E0	7.700018928E-1	3.395493647E-2
7.250000000E0	7.672669803E-1	3.332152828E-2
7.260000000E0	7.644446175E-1	3.240569725E-2
7.270000000E0	7.612568753E-1	3.179480180E-2
7.280000000E0	7.580059162E-1	3.119015827E-2
7.290000000E0	7.547886740E-1	3.030475371E-2
7.300000000E0	7.513459738E-1	2.964439528E-2
7.310000000E0	7.479028364E-1	2.889616796E-2
7.320000000E0	7.444427473E-1	2.798382592E-2
7.330000000E0	7.406076109E-1	2.727801924E-2
7.340000000E0	7.368197083E-1	2.653649933E-2
7.350000000E0	7.327101172E-1	2.566780137E-2
7.360000000E0	7.289310566E-1	2.465693074E-2
7.370000000E0	7.247174281E-1	2.380291938E-2
7.380000000E0	7.203714994E-1	2.316463440E-2
7.390000000E0	7.160366836E-1	2.241101341E-2
7.400000000E0	7.115617817E-1	2.161336017E-2
7.410000000E0	7.070651984E-1	2.080142694E-2
7.420000000E0	7.025521367E-1	2.009066813E-2
7.430000000E0	6.978639923E-1	1.924104988E-2
7.440000000E0	6.929579634E-1	1.854856665E-2
7.450000000E0	6.881625412E-1	1.791899391E-2
7.460000000E0	6.830179981E-1	1.723857197E-2
7.470000000E0	6.781947629E-1	1.650551040E-2
7.480000000E0	6.729569626E-1	1.579348390E-2
7.490000000E0	6.676153095E-1	1.530893254E-2
7.500000000E0	6.626226039E-1	1.466679772E-2
7.510000000E0	6.574107627E-1	1.432887568E-2
7.520000000E0	6.520371929E-1	1.363509557E-2
7.530000000E0	6.466627503E-1	1.325027524E-2
7.540000000E0	6.414504643E-1	1.275230314E-2
7.550000000E0	6.358274150E-1	1.233134453E-2
7.560000000E0	6.304996844E-1	1.199419517E-2
7.570000000E0	6.252610851E-1	1.206201536E-2
7.580000000E0	6.198620718E-1	1.218442329E-2
7.590000000E0	6.145162687E-1	1.233781312E-2
7.600000000E0	6.089818658E-1	1.201701475E-2
7.610000000E0	6.035812414E-1	1.182982012E-2
7.620000000E0	5.980528692E-1	1.154271060E-2
7.630000000E0	5.925426282E-1	1.133305634E-2
7.640000000E0	5.870429586E-1	1.137125544E-2
7.650000000E0	5.815539986E-1	1.120241111E-2
7.660000000E0	5.760295430E-1	1.112409631E-2
7.670000000E0	5.705172768E-1	1.116652282E-2
7.680000000E0	5.650028272E-1	1.106668061E-2
7.690000000E0	5.594877581E-1	1.107913814E-2
7.700000000E0	5.539732084E-1	1.088879140E-2
7.710000000E0	5.484401665E-1	1.103720093E-2
7.720000000E0	5.429818255E-1	1.087354732E-2
7.730000000E0	5.375711594E-1	1.087109898E-2
7.740000000E0	5.320353805E-1	1.068379201E-2
7.750000000E0	5.265824571E-1	1.035606782E-2
7.760000000E0	5.212107902E-1	1.025981566E-2
7.770000000E0	5.158447895E-1	1.039726732E-2
7.780000000E0	5.107021277E-1	1.033447964E-2
7.790000000E0	5.053252619E-1	1.027306784E-2
7.800000000E0	4.999062275E-1	1.024974568E-2
7.810000000E0	4.946299734E-1	1.019509585E-2
7.820000000E0	4.891555049E-1	1.020011313E-2
7.830000000E0	4.839382394E-1	1.025208066E-2
7.840000000E0	4.787093155E-1	1.037748955E-2
7.850000000E0	4.733200484E-1	1.034828507E-2
7.860000000E0	4.679922122E-1	1.036592250E-2
7.870000000E0	4.626901057E-1	1.043338453E-2
7.880000000E0	4.574005386E-1	1.055840938E-2
7.890000000E0	4.522390968E-1	1.073984229E-2
7.900000000E0	4.468368406E-1	1.057474343E-2
7.910000000E0	4.415493384E-1	1.077350044E-2
7.920000000E0	4.365600177E-1	1.108640037E-2
7.930000000E0	4.313954491E-1	1.147383231E-2
7.940000000E0	4.265363831E-1	1.225287219E-2
7.950000000E0	4.215074787E-1	1.255542209E-2
7.960000000E0	4.166594332E-1	1.239559287E-2
7.970000000E0	4.116334564E-1	1.251516817E-2
7.980000000E0	4.069788541E-1	1.263601221E-2
7.990000000E0	4.023640409E-1	1.315809995E-2
8.000000000E0	3.975119104E-1	1.348266034E-2
8.010000000E0	3.928271114E-1	1.375988865E-2
8.020000000E0	3.883031914E-1	1.440787700E-2
8.030000000E0	3.837587220E-1	1.473069150E-2
8.040000000E0	3.793285284E-1	1.536179095E-2
8.050000000E0	3.749998648E-1	1.572583583E-2
8.060000000E0	3.706099203E-1	1.617051306E-2
8.070000000E0	3.662851198E-1	1.663583437E-2
8.080000000E0	3.619496964E-1	1.698673794E-2
8.090000000E0	3.576684518E-1	1.768310832E-2
8.100000000E0	3.533783400E-1	1.807415316E-2
8.110000000E0	3.495488040E-1	1.885294116E-2
8.120000000E0	3.454843715E-1	1.918633103E-2
8.130000000E0	3.417920724E-1	1.983102284E-2
8.140000000E0	3.377729081E-1	2.015777849E-2
8.150000000E0	3.340500419E-1	2.074825961E-2
8.160000000E0	3.304866924E-1	2.137965675E-2
8.170000000E0	3.269119830E-1	2.186374332E-2
8.180000000E0	3.233563821E-1	2.237167416E-2
8.190000000E0	3.199949495E-1	2.289875230E-2
8.200000000E0	3.166785956E-1	2.348076892E-2
8.210000000E0	3.135062400E-1	2.375808961E-2
8.220000000E0	3.103865375E-1	2.437395017E-2
8.230000000E0	3.075007432E-1	2.485177952E-2
8.240000000E0	3.046433107E-1	2.540556265E-2
8.250000000E0	3.020164626E-1	2.578835646E-2
8.260000000E0	2.992838369E-1	2.637221325E-2
8.270000000E0	2.968304932E-1	2.679260552E-2
8.280000000E0	2.944922983E-1	2.727079151E-2
8.290000000E0	2.923184422E-1	2.762493430E-2
8.300000000E0	2.901526316E-1	2.793699513E-2
8.310000000E0	2.880414124E-1	2.847397680E-2
8.320000000E0	2.859481065E-1	2.889029292E-2
8.330000000E0	2.843601544E-1	2.922242189E-2
8.340000000E0	2.826233860E-1	2.970803933E-2
8.350000000E0	2.811332030E-1	2.997425792E-2
8.360000000E0	2.794511977E-1	3.017374562E-2
8.370000000E0	2.781243718E-1	3.065776699E-2
8.380000000E0	2.769176825E-1	3.105553364E-2
8.390000000E0	2.757806706E-1	3.125112401E-2
8.400000000E0	2.747090852E-1	3.141149310E-2
8.410000000E0	2.736900932E-1	3.160434942E-2
8.420000000E0	2.727402296E-1	3.183618412E-2
8.430000000E0	2.722105438E-1	3.210911361E-2
8.440000000E0	2.715362232E-1	3.218652552E-2
8.450000000E0	2.711612743E-1	3.228730316E-2
8.460000000E0	2.705527330E-1	3.221692348E-2
8.470000000E0	2.703598236E-1	3.236346024E-2
8.480000000E0	2.702280496E-1	3.240298423E-2
8.490000000E0	2.702618520E-1	3.234297746E-2
8.500000000E0	2.703096198E-1	3.231079865E-2
8.510000000E0	2.703879849E-1	3.226169286E-2
8.520000000E0	2.705154381E-1	3.218302809E-2
8.530000000E0	2.710516739E-1	3.225842529E-2
8.540000000E0	2.715119522E-1	3.213535423E-2
8.550000000E0	2.722408923E-1	3.202118375E-2
8.560000000E0	2.727518409E-1	3.190428820E-2
8.570000000E0	2.736707257E-1	3.180391975E-2
8.580000000E0	2.746437934E-1	3.152314149E-2
8.590000000E0	2.757433657E-1	3.123069792E-2
8.600000000E0	2.769157150E-1	3.106786664E-2
8.610000000E0	2.780878394E-1	3.093781383E-2
8.620000000E0	2.793320769E-1	3.047157890E-2
8.630000000E0	2.809944811E-1	3.017886214E-2
8.640000000E0	2.825557091E-1	2.984809972E-2
8.650000000E0	2.843777840E-1	2.957904680E-2
8.660000000E0	2.859189792E-1	2.912936378E-2
8.670000000E0	2.879806129E-1	2.876586661E-2
8.680000000E0	2.901435849E-1	2.852944690E-2
8.690000000E0	2.922729581E-1	2.802512021E-2
8.700000000E0	2.945507364E-1	2.774622893E-2
8.710000000E0	2.968842508E-1	2.729983795E-2
8.720000000E0	2.991164129E-1	2.684466478E-2
8.730000000E0	3.018944300E-1	2.654890874E-2
8.740000000E0	3.045781363E-1	2.623502228E-2
8.750000000E0	3.074555305E-1	2.578217290E-2
8.760000000E0	3.101899505E-1	2.505004321E-2
8.770000000E0	3.133312690E-1	2.455766944E-2
8.780000000E0	3.165332616E-1	2.427468678E-2
8.790000000E0	3.196384470E-1	2.357402873E-2
8.800000000E0	3.230063321E-1	2.324219266E-2
8.810000000E0	3.263634891E-1	2.263863116E-2
8.820000000E0	3.298806048E-1	2.223677944E-2
8.830000000E0	3.332530325E-1	2.163942909E-2
8.840000000E0	3.367256899E-1	2.104826824E-2
8.850000000E0	3.404224632E-1	2.053524422E-2
8.860000000E0	3.442630525E-1	2.012133337E-2
8.870000000E0	3.478966256E-1	1.951745788E-2
8.880000000E0	3.518518203E-1	1.897326419E-2
8.890000000E0	3.556004095E-1	1.828899754E-2
8.900000000E0	3.595963964E-1	1.776605802E-2
8.910000000E0	3.634684129E-1	1.708465197E-2
8.920000000E0	3.674639248E-1	1.668375965E-2
8.930000000E0	3.716666502E-1	1.649978195E-2
8.940000000E0	3.759229123E-1	1.587506500E-2
8.950000000E0	3.801424368E-1	1.561840094E-2
8.960000000E0	3.844618522E-1	1.508640012E-2
8.970000000E0	3.885039898E-1	1.459127939E-2
8.980000000E0	3.928572591E-1	1.406261475E-2
8.990000000E0	3.972212282E-1	1.380985163E-2
9.000000000E0	4.015964461E-1	1.342812685E-2
9.010000000E0	4.060297024E-1	1.321645032E-2
9.020000000E0	4.104603691E-1	1.310636685E-2
9.030000000E0	4.149328647E-1	1.281584394E-2
9.040000000E0	4.194615331E-1	1.260643403E-2
9.050000000E0	4.242033666E-1	1.262492575E-2
9.060000000E0	4.286999520E-1	1.212802398E-2
9.070000000E0	4.335325138E-1	1.217709552E-2
9.080000000E0	4.381506898E-1	1.174625883E-2
9.090000000E0	4.429590807E-1	1.145183313E-2
9.100000000E0	4.476744049E-1	1.118021965E-2
9.110000000E0	4.524261547E-1	1.102909028E-2
9.120000000E0	4.574465538E-1	1.099426891E-2
9.130000000E0	4.622701313E-1	1.101527454E-2
9.140000000E0	4.669042320E-1	1.077547020E-2
9.150000000E0	4.717516910E-1	1.077359384E-2
9.160000000E0	4.765841645E-1	1.087665923E-2
9.170000000E0	4.812043363E-1	1.069328956E-2
9.180000000E0	4.861007286E-1	1.040111183E-2
9.190000000E0	4.909062856E-1	1.027246911E-2
9.200000000E0	4.955114236E-1	1.019750915E-2
9.210000000E0	5.004307433E-1	1.017456364E-2
9.220000000E0	5.052566583E-1	1.019735368E-2
9.230000000E0	5.098124957E-1	1.016166267E-2
9.240000000E0	5.145302291E-1	1.002280163E-2
9.250000000E0	5.192515582E-1	1.013531232E-2
9.260000000E0	5.239979258E-1	1.017827129E-2
9.270000000E0	5.285881713E-1	1.019268865E-2
9.280000000E0	5.333653973E-1	1.021496959E-2
9.290000000E0	5.379067324E-1	1.024592432E-2
9.300000000E0	5.427659052E-1	1.023009198E-2
9.310000000E0	5.473236168E-1	1.033041164E-2
9.320000000E0	5.519547046E-1	1.031094625E-2
9.330000000E0	5.567945697E-1	1.026976479E-2
9.340000000E0	5.614959766E-1	1.027866133E-2
9.350000000E0	5.660025781E-1	1.045273823E-2
9.360000000E0	5.706049035E-1	1.041207137E-2
9.370000000E0	5.752984284E-1	1.042124518E-2
9.380000000E0	5.799016427E-1	1.026402030E-2
9.390000000E0	5.845559047E-1	1.028987089E-2
9.400000000E0	5.890931234E-1	1.044525360E-2
9.410000000E0	5.935529330E-1	1.049477271E-2
9.420000000E0	5.979846792E-1	1.057503522E-2
9.430000000E0	6.023954316E-1	1.061064484E-2
9.440000000E0	6.067826443E-1	1.118726203E-2
9.450000000E0	6.111831964E-1	1.159414673E-2
9.460000000E0	6.156410643E-1	1.181947666E-2
9.470000000E0	6.199559440E-1	1.155987485E-2
9.480000000E0	6.243652105E-1	1.154729569E-2
9.490000000E0	6.287565890E-1	1.170228463E-2
9.500000000E0	6.331311957E-1	1.177326945E-2
9.510000000E0	6.374482381E-1	1.186196220E-2
9.520000000E0	6.419228823E-1	1.231041880E-2
9.530000000E0	6.462832881E-1	1.253978405E-2
9.540000000E0	6.504887108E-1	1.286194342E-2
9.550000000E0	6.545207273E-1	1.337347882E-2
9.560000000E0	6.585538780E-1	1.361101853E-2
9.570000000E0	6.625402802E-1	1.409760374E-2
9.580000000E0	6.664736705E-1	1.466270704E-2
9.590000000E0	6.705792546E-1	1.498669937E-2
9.600000000E0	6.742182850E-1	1.551921264E-2
9.610000000E0	6.781907336E-1	1.583329607E-2
9.620000000E0	6.817509859E-1	1.653967125E-2
9.630000000E0	6.853195757E-1	1.686051676E-2
9.640000000E0	6.888674814E-1	1.757261739E-2
9.650000000E0	6.922052933E-1	1.788171996E-2
9.660000000E0	6.953730667E-1	1.832978641E-2
9.670000000E0	6.984116923E-1	1.883374958E-2
9.680000000E0	7.016352361E-1	1.927947686E-2
9.690000000E0	7.047740416E-1	1.979262805E-2
9.700000000E0	7.077762186E-1	2.010921076E-2
9.710000000E0	7.105275548E-1	2.078941689E-2
