mass_A
t	x	y
0.000000000E0	2.825322769E-4	1.373732185E-1
1.000000000E-2	6.226431678E-4	1.372534613E-1
2.000000000E-2	1.267526587E-3	1.367817889E-1
3.000000000E-2	2.444594799E-3	1.362210306E-1
4.000000000E-2	3.566649269E-3	1.352791151E-1
5.000000000E-2	5.067761951E-3	1.341243795E-1
6.000000000E-2	6.924605260E-3	1.329381294E-1
7.000000000E-2	9.201571146E-3	1.315767881E-1
8.000000000E-2	1.162136587E-2	1.297341642E-1
9.000000000E-2	1.453561708E-2	1.277648937E-1
1.000000000E-1	1.779824088E-2	1.256724183E-1
1.100000000E-1	2.101948739E-2	1.236144877E-1
1.200000000E-1	2.458092920E-2	1.212606400E-1
1.300000000E-1	2.856765249E-2	1.187472274E-1
1.400000000E-1	3.311384668E-2	1.159041457E-1
1.500000000E-1	3.762324914E-2	1.132518996E-1
1.600000000E-1	4.234587028E-2	1.107302484E-1
1.700000000E-1	4.777641915E-2	1.098402748E-1
1.800000000E-1	5.347596396E-2	1.076833577E-1
1.900000000E-1	5.927392108E-2	1.044791165E-1
2.000000000E-1	6.508879309E-2	9.988907841E-2
2.100000000E-1	7.102662890E-2	9.587640316E-2
2.200000000E-1	7.761331674E-2	9.222454194E-2
2.300000000E-1	8.440478277E-2	8.876449546E-2
2.400000000E-1	9.109290815E-2	8.530718897E-2
2.500000000E-1	9.841310495E-2	8.228539159E-2
2.600000000E-1	1.056420178E-1	7.866592441E-2
2.700000000E-1	1.130657744E-1	7.530682112E-2
2.800000000E-1	1.208146263E-1	7.203297630E-2
2.900000000E-1	1.288068305E-1	6.869679317E-2
3.000000000E-1	1.370669428E-1	6.565118025E-2
3.100000000E-1	1.451837933E-1	6.226658429E-2
3.200000000E-1	1.537343548E-1	5.932621769E-2
3.300000000E-1	1.625232373E-1	5.641172530E-2
3.400000000E-1	1.713967400E-1	5.335316694E-2
3.500000000E-1	1.801904456E-1	5.025131370E-2
3.600000000E-1	1.891862401E-1	4.767769977E-2
3.700000000E-1	1.981748408E-1	4.472159386E-2
3.800000000E-1	2.075703162E-1	4.234821459E-2
3.900000000E-1	2.167765164E-1	3.928795190E-2
4.000000000E-1	2.261593149E-1	3.745045753E-2
4.100000000E-1	2.360664159E-1	3.694647810E-2
4.200000000E-1	2.463477558E-1	3.394610081E-2
4.300000000E-1	2.564193479E-1	3.019808519E-2
4.400000000E-1	2.670263098E-1	2.804466177E-2
4.500000000E-1	2.775869373E-1	2.566102904E-2
4.600000000E-1	2.881446136E-1	2.368147838E-2
4.700000000E-1	2.985757706E-1	2.143793839E-2
4.800000000E-1	3.092685147E-1	1.963781081E-2
4.900000000E-1	3.200474675E-1	1.790284160E-2
5.000000000E-1	3.306128976E-1	1.610232214E-2
5.100000000E-1	3.415296257E-1	1.447136357E-2
5.200000000E-1	3.524927667E-1	1.285550765E-2
5.300000000E-1	3.635836608E-1	1.146803914E-2
5.400000000E-1	3.747619333E-1	1.033668805E-2
5.500000000E-1	3.860025874E-1	9.234008892E-3
5.600000000E-1	3.971981543E-1	8.205234696E-3
5.700000000E-1	4.085802777E-1	7.108240526E-3
5.800000000E-1	4.195865862E-1	8.102846253E-3
5.900000000E-1	4.306274966E-1	8.046408555E-3
6.000000000E-1	4.419871250E-1	6.023110337E-3
6.100000000E-1	4.532269645E-1	5.689771233E-3
6.200000000E-1	4.647976427E-1	5.342224915E-3
6.300000000E-1	4.761280529E-1	4.819228404E-3
6.400000000E-1	4.873803817E-1	4.824996014E-3
6.500000000E-1	4.989236989E-1	4.794733179E-3
6.600000000E-1	5.102661441E-1	4.802334471E-3
6.700000000E-1	5.214686955E-1	4.807964439E-3
6.800000000E-1	5.326033304E-1	4.855359974E-3
6.900000000E-1	5.436117338E-1	4.912365131E-3
7.000000000E-1	5.546772371E-1	5.076497982E-3
7.100000000E-1	5.656282245E-1	5.163040748E-3
7.200000000E-1	5.766310514E-1	5.376684582E-3
7.300000000E-1	5.876453254E-1	5.096952453E-3
7.400000000E-1	5.986101078E-1	5.569456083E-3
7.500000000E-1	6.095178505E-1	6.833333281E-3
7.600000000E-1	6.205337631E-1	7.583849176E-3
7.700000000E-1	6.317637972E-1	7.002029380E-3
7.800000000E-1	6.428043217E-1	7.290270621E-3
7.900000000E-1	6.538063570E-1	8.163584680E-3
8.000000000E-1	6.642551113E-1	9.261965293E-3
8.100000000E-1	6.747495421E-1	1.040125837E-2
8.200000000E-1	6.850317508E-1	1.157533476E-2
8.300000000E-1	6.955982583E-1	1.292532997E-2
8.400000000E-1	7.057365188E-1	1.438434089E-2
8.500000000E-1	7.159264447E-1	1.632160022E-2
8.600000000E-1	7.260842579E-1	1.808252652E-2
8.700000000E-1	7.358534470E-1	2.002081299E-2
8.800000000E-1	7.456074415E-1	2.192881575E-2
8.900000000E-1	7.552791287E-1	2.380003144E-2
9.000000000E-1	7.643992290E-1	2.597625546E-2
9.100000000E-1	7.734973469E-1	2.825983927E-2
9.200000000E-1	7.821805300E-1	3.028073006E-2
9.300000000E-1	7.908766782E-1	3.271143273E-2
9.400000000E-1	7.993657653E-1	3.657491407E-2
9.500000000E-1	8.081522915E-1	3.812558393E-2
9.600000000E-1	8.166728753E-1	3.995972052E-2
9.700000000E-1	8.246376050E-1	4.217730662E-2
9.800000000E-1	8.328481834E-1	4.478693588E-2
9.900000000E-1	8.407119106E-1	4.735836196E-2
1.000000000E0	8.482512735E-1	4.934544639E-2
1.010000000E0	8.558977098E-1	5.166186571E-2
1.020000000E0	8.631867842E-1	5.390404539E-2
1.030000000E0	8.702706203E-1	5.636922329E-2
1.040000000E0	8.769880226E-1	5.895449518E-2
1.050000000E0	8.835321613E-1	6.132898221E-2
1.060000000E0	8.900172544E-1	6.363694294E-2
1.070000000E0	8.959880661E-1	6.606364353E-2
1.080000000E0	9.020374371E-1	6.815583981E-2
1.090000000E0	9.077629594E-1	7.036480099E-2
1.100000000E0	9.132084959E-1	7.259285675E-2
1.110000000E0	9.186105507E-1	7.477499047E-2
1.120000000E0	9.235314431E-1	7.679646103E-2
1.130000000E0	9.283279976E-1	7.905502844E-2
1.140000000E0	9.330569010E-1	8.128203291E-2
1.150000000E0	9.373334643E-1	8.339344307E-2
1.160000000E0	9.411317770E-1	8.544098483E-2
1.170000000E0	9.451701435E-1	8.709062839E-2
1.180000000E0	9.486492766E-1	8.866906292E-2
1.190000000E0	9.519958563E-1	9.003753055E-2
1.200000000E0	9.551352899E-1	9.141825463E-2
1.210000000E0	9.577505252E-1	9.293859166E-2
1.220000000E0	9.604870637E-1	9.418528700E-2
1.230000000E0	9.629043810E-1	9.535210263E-2
1.240000000E0	9.650248513E-1	9.632553145E-2
1.250000000E0	9.668137502E-1	9.757269127E-2
1.260000000E0	9.684360106E-1	9.818093297E-2
1.270000000E0	9.697309555E-1	9.901332301E-2
1.280000000E0	9.708262141E-1	9.977159383E-2
1.290000000E0	9.718675607E-1	1.000325396E-1
1.300000000E0	9.727663487E-1	1.002738116E-1
1.310000000E0	9.730609050E-1	1.005810507E-1
1.320000000E0	9.732289811E-1	1.008072520E-1
1.330000000E0	9.730956801E-1	1.008167080E-1
1.340000000E0	9.729468439E-1	1.006749286E-1
1.350000000E0	9.724446148E-1	1.001629019E-1
1.360000000E0	9.718532341E-1	9.980001111E-2
1.370000000E0	9.708110154E-1	9.907600966E-2
1.380000000E0	9.696253026E-1	9.837670472E-2
1.390000000E0	9.682777137E-1	9.752222582E-2
1.400000000E0	9.664272616E-1	9.663205675E-2
1.410000000E0	9.645712325E-1	9.565805862E-2
1.420000000E0	9.622451073E-1	9.442666778E-2
1.430000000E0	9.597720185E-1	9.310631039E-2
1.440000000E0	9.571157222E-1	9.182414955E-2
1.450000000E0	9.541976190E-1	9.047783831E-2
1.460000000E0	9.509451428E-1	8.891791867E-2
1.470000000E0	9.476269857E-1	8.742131671E-2
1.480000000E0	9.441651281E-1	8.557552122E-2
1.490000000E0	9.401930277E-1	8.385680373E-2
1.500000000E0	9.363953967E-1	8.217395527E-2
1.510000000E0	9.321126461E-1	8.014027799E-2
1.520000000E0	9.276496653E-1	7.815147462E-2
1.530000000E0	9.231006588E-1	7.597990031E-2
1.540000000E0	9.180878379E-1	7.381208124E-2
1.550000000E0	9.131830662E-1	7.149259031E-2
1.560000000E0	9.078294941E-1	6.926797461E-2
1.570000000E0	9.023463793E-1	6.709744934E-2
1.580000000E0	8.967083922E-1	6.504686509E-2
1.590000000E0	8.910247019E-1	6.279584108E-2
1.600000000E0	8.848165250E-1	6.051286343E-2
1.610000000E0	8.788465510E-1	5.828510875E-2
1.620000000E0	8.724758415E-1	5.602244794E-2
1.630000000E0	8.659068718E-1	5.385031826E-2
1.640000000E0	8.592149474E-1	5.154728662E-2
1.650000000E0	8.524373448E-1	4.937903769E-2
1.660000000E0	8.452309708E-1	4.728199389E-2
1.670000000E0	8.381616395E-1	4.533421085E-2
1.680000000E0	8.306095672E-1	4.307167129E-2
1.690000000E0	8.229654140E-1	4.058376517E-2
1.700000000E0	8.152383933E-1	3.832036809E-2
1.710000000E0	8.075474721E-1	3.794354230E-2
1.720000000E0	7.995785068E-1	3.670228515E-2
1.730000000E0	7.918135368E-1	3.321870481E-2
1.740000000E0	7.838786644E-1	3.091155729E-2
1.750000000E0	7.758130840E-1	2.875883509E-2
1.760000000E0	7.674931159E-1	2.692332978E-2
1.770000000E0	7.589380696E-1	2.479268769E-2
1.780000000E0	7.507618628E-1	2.275135948E-2
1.790000000E0	7.420988236E-1	2.068979635E-2
1.800000000E0	7.333553424E-1	1.883206340E-2
1.810000000E0	7.244839384E-1	1.711733702E-2
1.820000000E0	7.154756429E-1	1.566301319E-2
1.830000000E0	7.061044233E-1	1.399906719E-2
1.840000000E0	6.968457115E-1	1.261444365E-2
1.850000000E0	6.874864294E-1	1.125456930E-2
1.860000000E0	6.780585445E-1	1.026293038E-2
1.870000000E0	6.684809781E-1	9.157807405E-3
1.880000000E0	6.592714010E-1	8.317303497E-3
1.890000000E0	6.496239522E-1	7.340172114E-3
1.900000000E0	6.399243478E-1	6.612861512E-3
1.910000000E0	6.305034469E-1	6.604879081E-3
1.920000000E0	6.208277728E-1	7.721517615E-3
1.930000000E0	6.111547240E-1	7.455725693E-3
1.940000000E0	6.017122364E-1	6.354636966E-3
1.950000000E0	5.921554770E-1	6.239697521E-3
1.960000000E0	5.824296476E-1	5.920883214E-3
1.970000000E0	5.731086769E-1	5.750326500E-3
1.980000000E0	5.633973295E-1	5.292506581E-3
1.990000000E0	5.538777254E-1	5.082893276E-3
2.000000000E0	5.444891724E-1	4.984052078E-3
2.010000000E0	5.348694262E-1	4.856819894E-3
2.020000000E0	5.255986351E-1	4.917974277E-3
2.030000000E0	5.161410218E-1	4.955989862E-3
2.040000000E0	5.069277944E-1	4.762102486E-3
2.050000000E0	4.974527706E-1	4.711758665E-3
2.060000000E0	4.880778801E-1	4.913220953E-3
2.070000000E0	4.785227676E-1	4.954837939E-3
2.080000000E0	4.693470198E-1	5.247924626E-3
2.090000000E0	4.598157504E-1	5.486142459E-3
2.100000000E0	4.505113936E-1	5.732500522E-3
2.110000000E0	4.410892395E-1	6.073362024E-3
2.120000000E0	4.320657816E-1	7.828035163E-3
2.130000000E0	4.231034741E-1	8.378631089E-3
2.140000000E0	4.142116185E-1	8.275573426E-3
2.150000000E0	4.054275317E-1	8.499232565E-3
2.160000000E0	3.965998316E-1	9.284444833E-3
2.170000000E0	3.878231016E-1	1.008884075E-2
2.180000000E0	3.790033562E-1	1.074380118E-2
2.190000000E0	3.702762904E-1	1.173094653E-2
2.200000000E0	3.615103398E-1	1.253630590E-2
2.210000000E0	3.528263658E-1	1.370056716E-2
2.220000000E0	3.444453528E-1	1.486195518E-2
2.230000000E0	3.360041667E-1	1.594506747E-2
2.240000000E0	3.279428200E-1	1.716590805E-2
2.250000000E0	3.197586772E-1	1.832684180E-2
2.260000000E0	3.117619885E-1	1.966688144E-2
2.270000000E0	3.040162017E-1	2.105955980E-2
2.280000000E0	2.962721694E-1	2.251684228E-2
2.290000000E0	2.887410744E-1	2.383375046E-2
2.300000000E0	2.815878188E-1	2.549637314E-2
2.310000000E0	2.741592274E-1	2.685205855E-2
2.320000000E0	2.667987721E-1	2.805313898E-2
2.330000000E0	2.598644526E-1	2.986385230E-2
2.340000000E0	2.529759477E-1	3.160213277E-2
2.350000000E0	2.464070265E-1	3.433748958E-2
2.360000000E0	2.397856129E-1	3.646608496E-2
2.370000000E0	2.333038135E-1	3.776584023E-2
2.380000000E0	2.269414109E-1	3.891008508E-2
2.390000000E0	2.209672475E-1	4.051845345E-2
2.400000000E0	2.147888403E-1	4.174746814E-2
2.410000000E0	2.090916686E-1	4.331362037E-2
2.420000000E0	2.034723309E-1	4.494162337E-2
2.430000000E0	1.981283344E-1	4.654487959E-2
2.440000000E0	1.928261073E-1	4.798172436E-2
2.450000000E0	1.878836860E-1	4.990511044E-2
2.460000000E0	1.829922730E-1	5.111731557E-2
2.470000000E0	1.780580203E-1	5.272993823E-2
2.480000000E0	1.736057854E-1	5.421393447E-2
2.490000000E0	1.692496167E-1	5.557887864E-2
2.500000000E0	1.649687536E-1	5.690220000E-2
2.510000000E0	1.611216116E-1	5.840424369E-2
2.520000000E0	1.571497609E-1	5.942640395E-2
2.530000000E0	1.537197897E-1	6.082008185E-2
2.540000000E0	1.503431905E-1	6.214362611E-2
2.550000000E0	1.470310410E-1	6.331939140E-2
2.560000000E0	1.438860940E-1	6.436625005E-2
2.570000000E0	1.409478601E-1	6.540037522E-2
2.580000000E0	1.382834630E-1	6.659963938E-2
2.590000000E0	1.359352899E-1	6.768728123E-2
2.600000000E0	1.337267384E-1	6.874319644E-2
2.610000000E0	1.316246794E-1	6.959216731E-2
2.620000000E0	1.295211519E-1	7.023876523E-2
2.630000000E0	1.279686022E-1	7.104390315E-2
2.640000000E0	1.263183062E-1	7.122129183E-2
2.650000000E0	1.250569054E-1	7.206693696E-2
2.660000000E0	1.239129206E-1	7.237074200E-2
2.670000000E0	1.228918219E-1	7.276432161E-2
2.680000000E0	1.224696071E-1	7.318453054E-2
2.690000000E0	1.218257108E-1	7.316746417E-2
2.700000000E0	1.216487935E-1	7.336041159E-2
2.710000000E0	1.216196933E-1	7.338401271E-2
2.720000000E0	1.216803253E-1	7.331197901E-2
2.730000000E0	1.218818726E-1	7.316843187E-2
2.740000000E0	1.226524639E-1	7.319778090E-2
2.750000000E0	1.230909337E-1	7.249111246E-2
2.760000000E0	1.240114196E-1	7.215156254E-2
2.770000000E0	1.250715874E-1	7.161347222E-2
2.780000000E0	1.264403971E-1	7.091759951E-2
2.790000000E0	1.281177214E-1	7.056064038E-2
2.800000000E0	1.296882388E-1	6.941728943E-2
2.810000000E0	1.317169285E-1	6.866065116E-2
2.820000000E0	1.338974489E-1	6.775798249E-2
2.830000000E0	1.361985398E-1	6.674338686E-2
2.840000000E0	1.387445067E-1	6.558728797E-2
2.850000000E0	1.415035770E-1	6.458359555E-2
2.860000000E0	1.445123992E-1	6.362552262E-2
2.870000000E0	1.476120231E-1	6.213897784E-2
2.880000000E0	1.507152921E-1	6.098747013E-2
2.890000000E0	1.541862791E-1	5.972141642E-2
2.900000000E0	1.579586846E-1	5.875368513E-2
2.910000000E0	1.616124981E-1	5.718147371E-2
2.920000000E0	1.657159616E-1	5.581331367E-2
2.930000000E0	1.699739125E-1	5.455320015E-2
2.940000000E0	1.743414466E-1	5.322011034E-2
2.950000000E0	1.789563319E-1	5.187907772E-2
2.960000000E0	1.835085681E-1	5.031180599E-2
2.970000000E0	1.881478227E-1	4.875716822E-2
2.980000000E0	1.933038651E-1	4.752547498E-2
2.990000000E0	1.983117534E-1	4.579781677E-2
3.000000000E0	2.034623270E-1	4.439276782E-2
3.010000000E0	2.088818119E-1	4.275567477E-2
3.020000000E0	2.144642743E-1	4.123730255E-2
3.030000000E0	2.201158558E-1	3.972599501E-2
3.040000000E0	2.259752480E-1	3.826936124E-2
3.050000000E0	2.320753437E-1	3.730061207E-2
3.060000000E0	2.384128269E-1	3.648679366E-2
3.070000000E0	2.450139312E-1	3.471542671E-2
3.080000000E0	2.513319030E-1	3.247247087E-2
3.090000000E0	2.579734541E-1	3.063514673E-2
3.100000000E0	2.647094035E-1	2.922687893E-2
3.110000000E0	2.718024079E-1	2.775604811E-2
3.120000000E0	2.786132653E-1	2.611359109E-2
3.130000000E0	2.856066995E-1	2.475566278E-2
3.140000000E0	2.926029445E-1	2.353259296E-2
3.150000000E0	2.997789879E-1	2.216017520E-2
3.160000000E0	3.071125377E-1	2.103482272E-2
3.170000000E0	3.146572710E-1	1.986532280E-2
3.180000000E0	3.219396356E-1	1.849047635E-2
3.190000000E0	3.293869295E-1	1.713425760E-2
3.200000000E0	3.370816294E-1	1.599616628E-2
3.210000000E0	3.448288882E-1	1.497377151E-2
3.220000000E0	3.528385774E-1	1.405985617E-2
3.230000000E0	3.608274206E-1	1.303201965E-2
3.240000000E0	3.689634033E-1	1.197539195E-2
3.250000000E0	3.769018426E-1	1.108334122E-2
3.260000000E0	3.848655971E-1	1.015401208E-2
3.270000000E0	3.930877600E-1	9.652972261E-3
3.280000000E0	4.011311083E-1	8.938873028E-3
3.290000000E0	4.091875167E-1	8.325560375E-3
3.300000000E0	4.172580956E-1	8.263130611E-3
3.310000000E0	4.252958505E-1	8.386941450E-3
3.320000000E0	4.335830793E-1	8.108469840E-3
3.330000000E0	4.418684784E-1	7.016057052E-3
3.340000000E0	4.499612413E-1	6.677233926E-3
3.350000000E0	4.585326032E-1	6.382436699E-3
3.360000000E0	4.671185648E-1	6.134752485E-3
3.370000000E0	4.752780454E-1	5.914854356E-3
3.380000000E0	4.837502680E-1	5.875407112E-3
3.390000000E0	4.919566615E-1	5.743338237E-3
3.400000000E0	5.003350109E-1	5.774284887E-3
3.410000000E0	5.085067513E-1	5.805720954E-3
3.420000000E0	5.168295347E-1	5.882561800E-3
3.430000000E0	5.248463801E-1	5.883015496E-3
3.440000000E0	5.330381162E-1	5.930503645E-3
3.450000000E0	5.412881112E-1	6.007865010E-3
3.460000000E0	5.492745474E-1	6.051861377E-3
3.470000000E0	5.575894613E-1	6.119814291E-3
3.480000000E0	5.656079087E-1	6.105931077E-3
3.490000000E0	5.737465293E-1	6.248229565E-3
3.500000000E0	5.819628778E-1	6.406259697E-3
3.510000000E0	5.900049972E-1	6.383759637E-3
3.520000000E0	5.979377440E-1	6.532045368E-3
3.530000000E0	6.060841403E-1	6.968686215E-3
3.540000000E0	6.138978171E-1	8.023987404E-3
3.550000000E0	6.219791011E-1	8.158739950E-3
3.560000000E0	6.299344709E-1	7.765218398E-3
3.570000000E0	6.378123280E-1	8.062683866E-3
3.580000000E0	6.460022188E-1	8.485847012E-3
3.590000000E0	6.537890300E-1	9.255002810E-3
3.600000000E0	6.614220600E-1	9.844171200E-3
3.610000000E0	6.691241607E-1	1.037841557E-2
3.620000000E0	6.767253237E-1	1.123248814E-2
3.630000000E0	6.843411723E-1	1.201852156E-2
3.640000000E0	6.916459140E-1	1.288671041E-2
3.650000000E0	6.990997542E-1	1.390992127E-2
3.660000000E0	7.063433245E-1	1.507174504E-2
3.670000000E0	7.134615384E-1	1.611119721E-2
3.680000000E0	7.201938541E-1	1.715484396E-2
3.690000000E0	7.267786770E-1	1.836335132E-2
3.700000000E0	7.334199448E-1	1.986285611E-2
3.710000000E0	7.399570564E-1	2.133325401E-2
3.720000000E0	7.464923228E-1	2.273958908E-2
3.730000000E0	7.526020818E-1	2.425708405E-2
3.740000000E0	7.586336656E-1	2.576215507E-2
3.750000000E0	7.644048178E-1	2.703630511E-2
3.760000000E0	7.701353675E-1	2.858686358E-2
3.770000000E0	7.755843254E-1	2.997724192E-2
3.780000000E0	7.810167612E-1	3.133840637E-2
3.790000000E0	7.864295329E-1	3.270545277E-2
3.800000000E0	7.917181246E-1	3.437458576E-2
3.810000000E0	7.964616570E-1	3.611849763E-2
3.820000000E0	8.015603959E-1	3.751520306E-2
3.830000000E0	8.064459622E-1	3.876217535E-2
3.840000000E0	8.111471387E-1	4.019252838E-2
3.850000000E0	8.154517496E-1	4.145895496E-2
3.860000000E0	8.199421242E-1	4.231670956E-2
3.870000000E0	8.241558192E-1	4.362436503E-2
3.880000000E0	8.283085507E-1	4.480235999E-2
3.890000000E0	8.325960932E-1	4.579282846E-2
3.900000000E0	8.364385957E-1	4.698681459E-2
3.910000000E0	8.400124609E-1	4.799928398E-2
3.920000000E0	8.435592662E-1	4.896559557E-2
3.930000000E0	8.469177147E-1	5.003451565E-2
3.940000000E0	8.499013137E-1	5.099055080E-2
3.950000000E0	8.527431407E-1	5.207881834E-2
3.960000000E0	8.557162819E-1	5.300841013E-2
3.970000000E0	8.581509988E-1	5.380813325E-2
3.980000000E0	8.603980092E-1	5.461566710E-2
3.990000000E0	8.626255698E-1	5.548296035E-2
4.000000000E0	8.647087476E-1	5.619657051E-2
4.010000000E0	8.666975500E-1	5.667904602E-2
4.020000000E0	8.682270952E-1	5.722928471E-2
4.030000000E0	8.699873956E-1	5.768896042E-2
4.040000000E0	8.713591597E-1	5.807838488E-2
4.050000000E0	8.725025349E-1	5.863230491E-2
4.060000000E0	8.736009517E-1	5.899912732E-2
4.070000000E0	8.745993830E-1	5.921703114E-2
4.080000000E0	8.753201784E-1	5.935931643E-2
4.090000000E0	8.758328854E-1	5.955103288E-2
4.100000000E0	8.761225657E-1	5.988454725E-2
4.110000000E0	8.764626561E-1	5.989782176E-2
4.120000000E0	8.766850919E-1	5.997591328E-2
4.130000000E0	8.766611472E-1	5.996908783E-2
4.140000000E0	8.761705261E-1	5.998973898E-2
4.150000000E0	8.757533611E-1	5.986346339E-2
4.160000000E0	8.749383406E-1	5.971523424E-2
4.170000000E0	8.743542332E-1	5.930948733E-2
4.180000000E0	8.734888494E-1	5.899649025E-2
4.190000000E0	8.723673834E-1	5.867843975E-2
4.200000000E0	8.711582254E-1	5.817667473E-2
4.210000000E0	8.693965968E-1	5.775787885E-2
4.220000000E0	8.679558443E-1	5.703489657E-2
4.230000000E0	8.659251054E-1	5.647789161E-2
4.240000000E0	8.638006099E-1	5.571606375E-2
4.250000000E0	8.616160757E-1	5.498977663E-2
4.260000000E0	8.592631580E-1	5.421124811E-2
4.270000000E0	8.569180204E-1	5.342775599E-2
4.280000000E0	8.540670068E-1	5.251444200E-2
4.290000000E0	8.513396760E-1	5.165046719E-2
4.300000000E0	8.482516272E-1	5.063023230E-2
4.310000000E0	8.450142242E-1	4.957118690E-2
4.320000000E0	8.417021629E-1	4.838353031E-2
4.330000000E0	8.382965610E-1	4.742934331E-2
4.340000000E0	8.348618863E-1	4.645500328E-2
4.350000000E0	8.307458758E-1	4.540504965E-2
4.360000000E0	8.268007187E-1	4.428322938E-2
4.370000000E0	8.228215932E-1	4.322364353E-2
4.380000000E0	8.184451946E-1	4.204408931E-2
4.390000000E0	8.140668793E-1	4.100862314E-2
4.400000000E0	8.095975473E-1	3.979328777E-2
4.410000000E0	8.050112116E-1	3.860631059E-2
4.420000000E0	8.001779528E-1	3.749867703E-2
4.430000000E0	7.953720432E-1	3.611106130E-2
4.440000000E0	7.905820347E-1	3.457300692E-2
4.450000000E0	7.853840304E-1	3.337094390E-2
4.460000000E0	7.801404292E-1	3.201638211E-2
4.470000000E0	7.748059243E-1	3.070590660E-2
4.480000000E0	7.695156809E-1	2.924005989E-2
4.490000000E0	7.640257689E-1	2.789802912E-2
4.500000000E0	7.584380107E-1	2.666535197E-2
4.510000000E0	7.525661033E-1	2.508719967E-2
4.520000000E0	7.466335340E-1	2.380712795E-2
4.530000000E0	7.406867265E-1	2.249483515E-2
4.540000000E0	7.345347318E-1	2.112317927E-2
4.550000000E0	7.280857450E-1	1.968977928E-2
4.560000000E0	7.218683364E-1	1.865452264E-2
4.570000000E0	7.155245850E-1	1.721032938E-2
4.580000000E0	7.089305002E-1	1.601851745E-2
4.590000000E0	7.022745673E-1	1.498339342E-2
4.600000000E0	6.954943472E-1	1.384583771E-2
4.610000000E0	6.885211832E-1	1.260093577E-2
4.620000000E0	6.815176237E-1	1.153813424E-2
4.630000000E0	6.746568814E-1	1.067148105E-2
4.640000000E0	6.675455825E-1	1.001405351E-2
4.650000000E0	6.605018759E-1	9.292018417E-3
4.660000000E0	6.535401513E-1	8.561983621E-3
4.670000000E0	6.463367540E-1	7.808101767E-3
4.680000000E0	6.391012058E-1	7.303833351E-3
4.690000000E0	6.319461083E-1	6.820784561E-3
4.700000000E0	6.249414115E-1	7.414091110E-3
4.710000000E0	6.176361167E-1	7.821147465E-3
4.720000000E0	6.105426724E-1	7.592634042E-3
4.730000000E0	6.034311773E-1	6.723873291E-3
4.740000000E0	5.962984106E-1	6.916126060E-3
4.750000000E0	5.889485609E-1	6.461800767E-3
4.760000000E0	5.817923870E-1	6.322446640E-3
4.770000000E0	5.745179205E-1	5.937714819E-3
4.780000000E0	5.674179242E-1	5.896556723E-3
4.790000000E0	5.601534281E-1	5.797707131E-3
4.800000000E0	5.532138986E-1	5.876383365E-3
4.810000000E0	5.458455834E-1	5.819618070E-3
4.820000000E0	5.388542460E-1	5.869142981E-3
4.830000000E0	5.316822106E-1	5.758801983E-3
4.840000000E0	5.245933247E-1	5.823766090E-3
4.850000000E0	5.174303616E-1	5.747345354E-3
4.860000000E0	5.102903112E-1	5.819989060E-3
4.870000000E0	5.032869571E-1	5.907360110E-3
4.880000000E0	4.960822597E-1	5.879881961E-3
4.890000000E0	4.891173891E-1	6.000120988E-3
4.900000000E0	4.818052315E-1	5.982776656E-3
4.910000000E0	4.749469050E-1	6.093464837E-3
4.920000000E0	4.676665700E-1	6.116563405E-3
4.930000000E0	4.605960679E-1	6.254282422E-3
4.940000000E0	4.536386602E-1	6.662994366E-3
4.950000000E0	4.465706048E-1	6.881452604E-3
4.960000000E0	4.396556880E-1	7.127658991E-3
4.970000000E0	4.329272853E-1	8.105656975E-3
4.980000000E0	4.261536456E-1	8.454051497E-3
4.990000000E0	4.195399457E-1	8.645148623E-3
5.000000000E0	4.130706257E-1	9.013197910E-3
5.010000000E0	4.065338947E-1	9.386670273E-3
5.020000000E0	3.999225528E-1	9.654398205E-3
5.030000000E0	3.933758859E-1	1.019524103E-2
5.040000000E0	3.867671340E-1	1.059061728E-2
5.050000000E0	3.804142270E-1	1.112915527E-2
5.060000000E0	3.738491629E-1	1.165167339E-2
5.070000000E0	3.676976325E-1	1.265286162E-2
5.080000000E0	3.613943047E-1	1.340047085E-2
5.090000000E0	3.550430557E-1	1.392826210E-2
5.100000000E0	3.490846427E-1	1.482989010E-2
5.110000000E0	3.429577967E-1	1.558091144E-2
5.120000000E0	3.370677090E-1	1.651817281E-2
5.130000000E0	3.313515659E-1	1.727429969E-2
5.140000000E0	3.257958826E-1	1.819971963E-2
5.150000000E0	3.203369025E-1	1.915918601E-2
5.160000000E0	3.149077093E-1	2.016301695E-2
5.170000000E0	3.094980716E-1	2.112508950E-2
5.180000000E0	3.041830522E-1	2.186842078E-2
5.190000000E0	2.992957150E-1	2.274679369E-2
5.200000000E0	2.942004109E-1	2.353839156E-2
5.210000000E0	2.894671473E-1	2.463019796E-2
5.220000000E0	2.848202304E-1	2.558313018E-2
5.230000000E0	2.803276920E-1	2.655951897E-2
5.240000000E0	2.758069837E-1	2.750921010E-2
5.250000000E0	2.715917092E-1	2.809677295E-2
5.260000000E0	2.673026034E-1	2.916915502E-2
5.270000000E0	2.631085254E-1	3.004364201E-2
5.280000000E0	2.588084833E-1	3.065636539E-2
5.290000000E0	2.549560940E-1	3.168550804E-2
5.300000000E0	2.510712029E-1	3.247546788E-2
5.310000000E0	2.475519400E-1	3.379390835E-2
5.320000000E0	2.442119909E-1	3.494275482E-2
5.330000000E0	2.408591197E-1	3.597619981E-2
5.340000000E0	2.376563786E-1	3.685222908E-2
5.350000000E0	2.344655295E-1	3.736785438E-2
5.360000000E0	2.318339978E-1	3.799720745E-2
5.370000000E0	2.289268462E-1	3.840893905E-2
5.380000000E0	2.264145772E-1	3.919583771E-2
5.390000000E0	2.241753555E-1	3.992109802E-2
5.400000000E0	2.219200136E-1	4.053313244E-2
5.410000000E0	2.198945392E-1	4.105082426E-2
5.420000000E0	2.177567109E-1	4.154763833E-2
5.430000000E0	2.158467037E-1	4.193140806E-2
5.440000000E0	2.141562336E-1	4.265217801E-2
5.450000000E0	2.124274281E-1	4.271367516E-2
5.460000000E0	2.111829028E-1	4.324559738E-2
5.470000000E0	2.099882303E-1	4.355267913E-2
5.480000000E0	2.088784803E-1	4.394384202E-2
5.490000000E0	2.079243116E-1	4.412933632E-2
5.500000000E0	2.069845525E-1	4.440000921E-2
5.510000000E0	2.064947819E-1	4.470882401E-2
5.520000000E0	2.057877457E-1	4.460188843E-2
5.530000000E0	2.055725343E-1	4.473018311E-2
5.540000000E0	2.055044616E-1	4.477339765E-2
5.550000000E0	2.055086335E-1	4.477871107E-2
5.560000000E0	2.056272001E-1	4.464906057E-2
5.570000000E0	2.057586327E-1	4.451006287E-2
5.580000000E0	2.064346578E-1	4.462881890E-2
5.590000000E0	2.068868067E-1	4.431922246E-2
5.600000000E0	2.077881928E-1	4.425078997E-2
5.610000000E0	2.088066142E-1	4.411443503E-2
5.620000000E0	2.098456549E-1	4.370003314E-2
5.630000000E0	2.110999557E-1	4.333395120E-2
5.640000000E0	2.122728790E-1	4.274474199E-2
5.650000000E0	2.138426748E-1	4.223128731E-2
5.660000000E0	2.155698881E-1	4.202967435E-2
5.670000000E0	2.175265799E-1	4.156281971E-2
5.680000000E0	2.191971563E-1	4.057132750E-2
5.690000000E0	2.214492195E-1	4.004759050E-2
5.700000000E0	2.235361162E-1	3.934948035E-2
5.710000000E0	2.261183314E-1	3.897567146E-2
5.720000000E0	2.288263668E-1	3.823065501E-2
5.730000000E0	2.317053526E-1	3.791124873E-2
5.740000000E0	2.345670166E-1	3.737161268E-2
5.750000000E0	2.376458032E-1	3.684072861E-2
5.760000000E0	2.408888214E-1	3.600237670E-2
5.770000000E0	2.442707819E-1	3.507877315E-2
5.780000000E0	2.476325832E-1	3.401536247E-2
5.790000000E0	2.510574412E-1	3.281452721E-2
5.800000000E0	2.549806318E-1	3.212495180E-2
5.810000000E0	2.587371326E-1	3.122823558E-2
5.820000000E0	2.628537527E-1	3.034400503E-2
5.830000000E0	2.666047764E-1	2.921266525E-2
5.840000000E0	2.708180875E-1	2.837755870E-2
5.850000000E0	2.751804881E-1	2.752244328E-2
5.860000000E0	2.795304119E-1	2.673836881E-2
5.870000000E0	2.839971969E-1	2.583488801E-2
5.880000000E0	2.884516990E-1	2.487385018E-2
5.890000000E0	2.929011055E-1	2.384145949E-2
5.900000000E0	2.976025965E-1	2.284885147E-2
5.910000000E0	3.026253968E-1	2.210693623E-2
5.920000000E0	3.073446644E-1	2.132128791E-2
5.930000000E0	3.124950620E-1	2.038266312E-2
5.940000000E0	3.174192299E-1	1.939624578E-2
5.950000000E0	3.226690177E-1	1.846621036E-2
5.960000000E0	3.280980364E-1	1.773646085E-2
5.970000000E0	3.335802208E-1	1.685199614E-2
5.980000000E0	3.391124278E-1	1.596196566E-2
5.990000000E0	3.447279853E-1	1.515683405E-2
6.000000000E0	3.503047525E-1	1.456362904E-2
6.010000000E0	3.559999192E-1	1.374859052E-2
6.020000000E0	3.620899154E-1	1.317340997E-2
6.030000000E0	3.679553039E-1	1.230367290E-2
6.040000000E0	3.737721570E-1	1.162287141E-2
6.050000000E0	3.799517653E-1	1.121436697E-2
6.060000000E0	3.858045922E-1	1.046451153E-2
6.070000000E0	3.920912342E-1	1.007919568E-2
6.080000000E0	3.979029264E-1	9.384685261E-3
6.090000000E0	4.041616019E-1	8.986705532E-3
6.100000000E0	4.100188102E-1	8.438368107E-3
6.110000000E0	4.163430646E-1	8.209097781E-3
6.120000000E0	4.223049620E-1	8.392634866E-3
6.130000000E0	4.285525563E-1	8.296004834E-3
6.140000000E0	4.350289784E-1	7.574546454E-3
6.150000000E0	4.413620424E-1	6.878341399E-3
6.160000000E0	4.476445535E-1	6.766662070E-3
6.170000000E0	4.540666809E-1	6.268563445E-3
6.180000000E0	4.605997429E-1	6.064964728E-3
6.190000000E0	4.671447750E-1	5.979851596E-3
6.200000000E0	4.736929721E-1	5.939382175E-3
6.210000000E0	4.800767604E-1	5.760291605E-3
6.220000000E0	4.864868786E-1	5.722310926E-3
6.230000000E0	4.927942405E-1	5.808363437E-3
6.240000000E0	4.992915560E-1	5.861975809E-3
6.250000000E0	5.058138870E-1	5.873449034E-3
6.260000000E0	5.121490871E-1	5.862094845E-3
6.270000000E0	5.183637402E-1	5.853810448E-3
6.280000000E0	5.247048554E-1	5.971364158E-3
6.290000000E0	5.311136752E-1	5.987815306E-3
6.300000000E0	5.371781017E-1	6.037887679E-3
6.310000000E0	5.434543697E-1	6.078966844E-3
6.320000000E0	5.497598038E-1	6.212551072E-3
6.330000000E0	5.559571329E-1	6.084979608E-3
6.340000000E0	5.622076994E-1	6.163866795E-3
6.350000000E0	5.684356129E-1	6.260461789E-3
6.360000000E0	5.746008739E-1	6.206990755E-3
6.370000000E0	5.809373695E-1	6.394552659E-3
6.380000000E0	5.872516960E-1	6.439866545E-3
6.390000000E0	5.933626846E-1	6.429962491E-3
6.400000000E0	5.996279465E-1	6.439613683E-3
6.410000000E0	6.056441174E-1	6.694291648E-3
6.420000000E0	6.116975423E-1	7.764162432E-3
6.430000000E0	6.177229224E-1	8.217114023E-3
6.440000000E0	6.239829248E-1	8.080432108E-3
6.450000000E0	6.299396229E-1	7.995594765E-3
6.460000000E0	6.360959927E-1	8.186383457E-3
6.470000000E0	6.419137513E-1	8.420381544E-3
6.480000000E0	6.480717952E-1	8.855399830E-3
6.490000000E0	6.538770160E-1	9.429751196E-3
6.500000000E0	6.594963882E-1	1.012590971E-2
6.510000000E0	6.651059244E-1	1.052970673E-2
6.520000000E0	6.706466050E-1	1.116467322E-2
6.530000000E0	6.761467442E-1	1.174043112E-2
6.540000000E0	6.815971567E-1	1.236891493E-2
6.550000000E0	6.870732174E-1	1.288862355E-2
6.560000000E0	6.925094422E-1	1.370894644E-2
6.570000000E0	6.979410353E-1	1.459617285E-2
6.580000000E0	7.032715120E-1	1.537049060E-2
6.590000000E0	7.083156671E-1	1.603728223E-2
6.600000000E0	7.134414970E-1	1.693893254E-2
6.610000000E0	7.182686027E-1	1.786272360E-2
6.620000000E0	7.232286278E-1	1.871756890E-2
6.630000000E0	7.278468772E-1	1.952078205E-2
6.640000000E0	7.323703840E-1	2.029358206E-2
6.650000000E0	7.367790698E-1	2.127507107E-2
6.660000000E0	7.411001753E-1	2.215483401E-2
6.670000000E0	7.454368108E-1	2.322542718E-2
6.680000000E0	7.496377907E-1	2.398894557E-2
6.690000000E0	7.533595137E-1	2.483864632E-2
6.700000000E0	7.572398997E-1	2.561481860E-2
6.710000000E0	7.609498904E-1	2.649462728E-2
6.720000000E0	7.643745713E-1	2.730902830E-2
6.730000000E0	7.676709654E-1	2.800161365E-2
6.740000000E0	7.709765612E-1	2.873569901E-2
6.750000000E0	7.742084685E-1	2.948997109E-2
6.760000000E0	7.772379196E-1	3.012007163E-2
6.770000000E0	7.799577550E-1	3.087476668E-2
6.780000000E0	7.828984592E-1	3.147121086E-2
6.790000000E0	7.852868497E-1	3.224088143E-2
6.800000000E0	7.875596404E-1	3.268816775E-2
6.810000000E0	7.897286248E-1	3.344373179E-2
6.820000000E0	7.918879693E-1	3.414021120E-2
6.830000000E0	7.940047793E-1	3.478557610E-2
6.840000000E0	7.959855861E-1	3.558184454E-2
6.850000000E0	7.976167072E-1	3.605662988E-2
6.860000000E0	7.994295042E-1	3.674911118E-2
6.870000000E0	8.008864249E-1	3.713072618E-2
6.880000000E0	8.021825560E-1	3.752120638E-2
6.890000000E0	8.036215381E-1	3.798854688E-2
6.900000000E0	8.049574021E-1	3.815937499E-2
6.910000000E0	8.061190128E-1	3.831088078E-2
6.920000000E0	8.070692471E-1	3.842547530E-2
6.930000000E0	8.075692100E-1	3.888077241E-2
6.940000000E0	8.083601241E-1	3.900573010E-2
6.950000000E0	8.086913336E-1	3.922487059E-2
6.960000000E0	8.092022671E-1	3.907916126E-2
6.970000000E0	8.094966933E-1	3.915791955E-2
6.980000000E0	8.095374138E-1	3.916354339E-2
6.990000000E0	8.095139403E-1	3.916724592E-2
7.000000000E0	8.094479534E-1	3.909983758E-2
7.010000000E0	8.091679683E-1	3.902210968E-2
7.020000000E0	8.085653816E-1	3.908212828E-2
7.030000000E0	8.081314308E-1	3.884250906E-2
7.040000000E0	8.073163385E-1	3.874675487E-2
7.050000000E0	8.063215648E-1	3.859090950E-2
7.060000000E0	8.053022483E-1	3.843393215E-2
7.070000000E0	8.041000061E-1	3.811789650E-2
7.080000000E0	8.028709013E-1	3.790102728E-2
7.090000000E0	8.015429129E-1	3.742602269E-2
7.100000000E0	7.998093409E-1	3.704888562E-2
7.110000000E0	7.982906734E-1	3.661886469E-2
7.120000000E0	7.963949056E-1	3.606307765E-2
7.130000000E0	7.944984504E-1	3.562969901E-2
7.140000000E0	7.925074330E-1	3.484287805E-2
7.150000000E0	7.905566200E-1	3.438671405E-2
7.160000000E0	7.883875288E-1	3.366916882E-2
7.170000000E0	7.860013764E-1	3.304444485E-2
7.180000000E0	7.833272339E-1	3.244255330E-2
7.190000000E0	7.807995681E-1	3.170356819E-2
7.200000000E0	7.778497831E-1	3.103721294E-2
7.210000000E0	7.752077592E-1	3.023655218E-2
7.220000000E0	7.720460205E-1	2.937120271E-2
7.230000000E0	7.688503660E-1	2.870825617E-2
7.240000000E0	7.654968163E-1	2.797484570E-2
7.250000000E0	7.621315383E-1	2.705121841E-2
7.260000000E0	7.587596961E-1	2.643586753E-2
7.270000000E0	7.552861714E-1	2.563017602E-2
7.280000000E0	7.513534256E-1	2.469652322E-2
7.290000000E0	7.476378851E-1	2.381583027E-2
7.300000000E0	7.434320907E-1	2.282007750E-2
7.310000000E0	7.394077620E-1	2.184539039E-2
7.320000000E0	7.351437557E-1	2.106241768E-2
7.330000000E0	7.309939907E-1	2.023397006E-2
7.340000000E0	7.265698547E-1	1.936809029E-2
7.350000000E0	7.220172166E-1	1.857901171E-2
7.360000000E0	7.172833696E-1	1.770162092E-2
7.370000000E0	7.123902547E-1	1.695651846E-2
7.380000000E0	7.077384447E-1	1.607146568E-2
7.390000000E0	7.026310575E-1	1.524133052E-2
7.400000000E0	6.978001776E-1	1.448451874E-2
7.410000000E0	6.925757736E-1	1.367377472E-2
7.420000000E0	6.873494987E-1	1.290404298E-2
7.430000000E0	6.823048092E-1	1.236584692E-2
7.440000000E0	6.770633826E-1	1.161744079E-2
7.450000000E0	6.716678666E-1	1.112479776E-2
7.460000000E0	6.662713717E-1	1.048092693E-2
7.470000000E0	6.608686004E-1	9.924841941E-3
7.480000000E0	6.553637107E-1	9.500914450E-3
7.490000000E0	6.498948856E-1	9.056498723E-3
7.500000000E0	6.441884251E-1	8.659404214E-3
7.510000000E0	6.385778260E-1	8.163759996E-3
7.520000000E0	6.330489797E-1	7.873817647E-3
7.530000000E0	6.274132208E-1	7.906040240E-3
7.540000000E0	6.218316509E-1	8.104708989E-3
7.550000000E0	6.162256780E-1	8.138390456E-3
7.560000000E0	6.106593157E-1	7.986599965E-3
7.570000000E0	6.051646609E-1	7.386243652E-3
7.580000000E0	5.996272794E-1	7.243441875E-3
7.590000000E0	5.940822900E-1	7.197983759E-3
7.600000000E0	5.884794055E-1	7.036634534E-3
7.610000000E0	5.829252191E-1	6.934758369E-3
7.620000000E0	5.774355345E-1	6.874559734E-3
7.630000000E0	5.719437149E-1	6.857152691E-3
7.640000000E0	5.663187605E-1	6.767451897E-3
7.650000000E0	5.608143096E-1	6.757726363E-3
7.660000000E0	5.553593388E-1	6.838375647E-3
7.670000000E0	5.498577611E-1	6.811640644E-3
7.680000000E0	5.443947517E-1	6.814571171E-3
7.690000000E0	5.389744452E-1	6.835087409E-3
7.700000000E0	5.334439093E-1	6.775404966E-3
7.710000000E0	5.279332734E-1	6.721370686E-3
7.720000000E0	5.224725612E-1	6.871235564E-3
7.730000000E0	5.169550684E-1	6.860242256E-3
7.740000000E0	5.114363065E-1	6.882429515E-3
7.750000000E0	5.059178903E-1	6.924257185E-3
7.760000000E0	5.003808374E-1	6.922891436E-3
7.770000000E0	4.948831791E-1	6.989760064E-3
7.780000000E0	4.893473390E-1	7.020074658E-3
7.790000000E0	4.838233085E-1	7.051123212E-3
7.800000000E0	4.782747309E-1	7.104712449E-3
7.810000000E0	4.727914268E-1	7.124968230E-3
7.820000000E0	4.672955054E-1	7.208531898E-3
7.830000000E0	4.618365968E-1	7.206291073E-3
7.840000000E0	4.563606603E-1	7.230060094E-3
7.850000000E0	4.509161687E-1	7.427985868E-3
7.860000000E0	4.455555242E-1	7.592514920E-3
7.870000000E0	4.404231594E-1	7.671133036E-3
7.880000000E0	4.352160469E-1	8.163622736E-3
7.890000000E0	4.298880435E-1	8.508591828E-3
7.900000000E0	4.250035562E-1	8.756902525E-3
7.910000000E0	4.199060447E-1	9.158267571E-3
7.920000000E0	4.150880572E-1	9.456063191E-3
7.930000000E0	4.100275539E-1	9.508319709E-3
7.940000000E0	4.053672000E-1	9.994205305E-3
7.950000000E0	4.003426323E-1	1.016229102E-2
7.960000000E0	3.954362027E-1	1.054052874E-2
7.970000000E0	3.908658180E-1	1.113791117E-2
7.980000000E0	3.859828189E-1	1.138173291E-2
7.990000000E0	3.812644868E-1	1.181086817E-2
8.000000000E0	3.767218637E-1	1.235880918E-2
8.010000000E0	3.722407209E-1	1.276856326E-2
8.020000000E0	3.677679260E-1	1.342368948E-2
8.030000000E0	3.633576837E-1	1.387817324E-2
8.040000000E0	3.590397315E-1	1.455760675E-2
8.050000000E0	3.546868164E-1	1.495208343E-2
8.060000000E0	3.503784534E-1	1.562136347E-2
8.070000000E0	3.461891667E-1	1.603237030E-2
8.080000000E0	3.423698610E-1	1.666748823E-2
8.090000000E0	3.382469560E-1	1.715335313E-2
8.100000000E0	3.347064693E-1	1.793087329E-2
8.110000000E0	3.307855034E-1	1.832673089E-2
8.120000000E0	3.271780265E-1	1.901589813E-2
8.130000000E0	3.237387081E-1	1.954638404E-2
8.140000000E0	3.204288604E-1	2.017341974E-2
8.150000000E0	3.171157882E-1	2.081074580E-2
8.160000000E0	3.139120189E-1	2.127159197E-2
8.170000000E0	3.107112336E-1	2.169070424E-2
8.180000000E0	3.080005931E-1	2.234915103E-2
8.190000000E0	3.050438654E-1	2.269901929E-2
8.200000000E0	3.024038905E-1	2.332054617E-2
8.210000000E0	2.996466003E-1	2.370398303E-2
8.220000000E0	2.972680451E-1	2.431819532E-2
8.230000000E0	2.949061332E-1	2.478485571E-2
8.240000000E0	2.926886051E-1	2.535541951E-2
8.250000000E0	2.904750636E-1	2.579200228E-2
8.260000000E0	2.883939536E-1	2.610617251E-2
8.270000000E0	2.862821773E-1	2.664807017E-2
8.280000000E0	2.842186984E-1	2.691888585E-2
8.290000000E0	2.825626969E-1	2.724172974E-2
8.300000000E0	2.808182461E-1	2.760488201E-2
8.310000000E0	2.793876739E-1	2.792321558E-2
8.320000000E0	2.776902680E-1	2.808267053E-2
8.330000000E0	2.763250583E-1	2.834285967E-2
8.340000000E0	2.751607508E-1	2.884505292E-2
8.350000000E0	2.740317023E-1	2.907179535E-2
8.360000000E0	2.729602308E-1	2.923914245E-2
8.370000000E0	2.719272468E-1	2.931461502E-2
8.380000000E0	2.709245921E-1	2.934198721E-2
8.390000000E0	2.703587524E-1	2.968924603E-2
8.400000000E0	2.697482273E-1	2.961716684E-2
8.410000000E0	2.693852682E-1	2.960757974E-2
8.420000000E0	2.688530603E-1	2.931733371E-2
8.430000000E0	2.686017839E-1	2.937001435E-2
8.440000000E0	2.685417721E-1	2.938163722E-2
8.450000000E0	2.685295593E-1	2.931541842E-2
8.460000000E0	2.685642837E-1	2.919688434E-2
8.470000000E0	2.686539822E-1	2.915484760E-2
8.480000000E0	2.688941443E-1	2.901654529E-2
8.490000000E0	2.695231884E-1	2.912220016E-2
8.500000000E0	2.698997614E-1	2.891087307E-2
8.510000000E0	2.707121898E-1	2.898334421E-2
8.520000000E0	2.715990341E-1	2.883268113E-2
8.530000000E0	2.722484552E-1	2.833959833E-2
8.540000000E0	2.731812873E-1	2.807354564E-2
8.550000000E0	2.742509644E-1	2.784031095E-2
8.560000000E0	2.753546147E-1	2.750595642E-2
8.570000000E0	2.767126070E-1	2.694284831E-2
8.580000000E0	2.783152283E-1	2.684308150E-2
8.590000000E0	2.797329959E-1	2.645368445E-2
8.600000000E0	2.815565913E-1	2.612450015E-2
8.610000000E0	2.831448774E-1	2.565336690E-2
8.620000000E0	2.851365269E-1	2.535888424E-2
8.630000000E0	2.872351524E-1	2.494852105E-2
8.640000000E0	2.893586322E-1	2.459886280E-2
8.650000000E0	2.915393263E-1	2.412394083E-2
8.660000000E0	2.938813915E-1	2.354613407E-2
8.670000000E0	2.961718174E-1	2.314818078E-2
8.680000000E0	2.985089417E-1	2.260297419E-2
8.690000000E0	3.011123359E-1	2.220528494E-2
8.700000000E0	3.038304221E-1	2.168157336E-2
8.710000000E0	3.064846408E-1	2.121572536E-2
8.720000000E0	3.093873249E-1	2.067310679E-2
8.730000000E0	3.125389309E-1	2.022425596E-2
8.740000000E0	3.153533683E-1	1.957113919E-2
8.750000000E0	3.184208737E-1	1.909571499E-2
8.760000000E0	3.216345171E-1	1.856032745E-2
8.770000000E0	3.249503652E-1	1.796130375E-2
8.780000000E0	3.283415963E-1	1.726194498E-2
8.790000000E0	3.317800907E-1	1.679105831E-2
8.800000000E0	3.354564806E-1	1.624050937E-2
8.810000000E0	3.392617904E-1	1.571108871E-2
8.820000000E0	3.430209432E-1	1.505861216E-2
8.830000000E0	3.469088921E-1	1.466213220E-2
8.840000000E0	3.509396354E-1	1.407456251E-2
8.850000000E0	3.548580536E-1	1.347973215E-2
8.860000000E0	3.590716523E-1	1.294491122E-2
8.870000000E0	3.633650461E-1	1.252164385E-2
8.880000000E0	3.676427916E-1	1.205742333E-2
8.890000000E0	3.720900433E-1	1.152833369E-2
8.900000000E0	3.765235227E-1	1.108279658E-2
8.910000000E0	3.810138795E-1	1.057335360E-2
8.920000000E0	3.854971676E-1	1.029447853E-2
8.930000000E0	3.899982561E-1	9.869641131E-3
8.940000000E0	3.944260796E-1	9.533273663E-3
8.950000000E0	3.989699250E-1	8.959217685E-3
8.960000000E0	4.034079182E-1	8.731338928E-3
8.970000000E0	4.078934780E-1	8.264019177E-3
8.980000000E0	4.126848887E-1	8.118551367E-3
8.990000000E0	4.174877764E-1	8.144104209E-3
9.000000000E0	4.220894698E-1	8.290514033E-3
9.010000000E0	4.267310714E-1	8.314557938E-3
9.020000000E0	4.315594974E-1	8.065675590E-3
9.030000000E0	4.364404619E-1	7.425059293E-3
9.040000000E0	4.412990553E-1	6.940328596E-3
9.050000000E0	4.462264604E-1	6.763373668E-3
9.060000000E0	4.509412570E-1	6.573590331E-3
9.070000000E0	4.560965211E-1	6.327324112E-3
9.080000000E0	4.608650615E-1	6.135744224E-3
9.090000000E0	4.660704735E-1	5.985939235E-3
9.100000000E0	4.708773496E-1	5.871660675E-3
9.110000000E0	4.760484113E-1	5.862159047E-3
9.120000000E0	4.808535495E-1	5.810462946E-3
9.130000000E0	4.860001785E-1	5.726727970E-3
9.140000000E0	4.908645138E-1	5.655066193E-3
9.150000000E0	4.959609756E-1	5.723587785E-3
9.160000000E0	5.007320048E-1	5.680066916E-3
9.170000000E0	5.058285210E-1	5.740965578E-3
9.180000000E0	5.105893899E-1	5.777955383E-3
9.190000000E0	5.157275965E-1	5.867964197E-3
9.200000000E0	5.204323555E-1	5.882164403E-3
9.210000000E0	5.255433508E-1	5.944238191E-3
9.220000000E0	5.303003916E-1	5.924450118E-3
9.230000000E0	5.351859460E-1	5.976889380E-3
9.240000000E0	5.400245512E-1	6.014740571E-3
9.250000000E0	5.447081573E-1	6.034782985E-3
9.260000000E0	5.496656329E-1	6.064517462E-3
9.270000000E0	5.545468972E-1	6.131521452E-3
9.280000000E0	5.593182767E-1	6.041237841E-3
9.290000000E0	5.642666284E-1	6.009712167E-3
9.300000000E0	5.689393367E-1	6.076828025E-3
9.310000000E0	5.737573338E-1	6.069101221E-3
9.320000000E0	5.786363174E-1	6.177704502E-3
9.330000000E0	5.832964546E-1	6.094361591E-3
9.340000000E0	5.880109359E-1	6.197627542E-3
9.350000000E0	5.928039519E-1	6.039992062E-3
9.360000000E0	5.975570052E-1	6.362796053E-3
9.370000000E0	6.021035946E-1	6.283873191E-3
9.380000000E0	6.066426407E-1	6.739803677E-3
9.390000000E0	6.112752104E-1	7.493978743E-3
9.400000000E0	6.157636652E-1	7.864975847E-3
9.410000000E0	6.203947758E-1	8.062182594E-3
9.420000000E0	6.251323990E-1	8.010982985E-3
9.430000000E0	6.296324225E-1	8.026761931E-3
9.440000000E0	6.341170821E-1	8.161903681E-3
9.450000000E0	6.385317320E-1	8.227390378E-3
9.460000000E0	6.429807959E-1	8.387479328E-3
9.470000000E0	6.474282696E-1	8.638189768E-3
9.480000000E0	6.517349762E-1	9.069748676E-3
9.490000000E0	6.560760098E-1	9.420921813E-3
9.500000000E0	6.604146785E-1	9.707772121E-3
9.510000000E0	6.647026976E-1	1.017910691E-2
9.520000000E0	6.687695979E-1	1.051431447E-2
9.530000000E0	6.727003750E-1	1.089534805E-2
9.540000000E0	6.768720123E-1	1.125902147E-2
9.550000000E0	6.807198816E-1	1.169889396E-2
9.560000000E0	6.846970827E-1	1.204902967E-2
9.570000000E0	6.884052020E-1	1.252460741E-2
9.580000000E0	6.923515835E-1	1.288034621E-2
9.590000000E0	6.958652635E-1	1.355047513E-2
9.600000000E0	6.994065148E-1	1.402293545E-2
9.610000000E0	7.029934286E-1	1.456725041E-2
9.620000000E0	7.062337410E-1	1.505281508E-2
9.630000000E0	7.095105879E-1	1.564083287E-2
9.640000000E0	7.125387416E-1	1.606669509E-2
9.650000000E0	7.156851469E-1	1.663520545E-2
9.660000000E0	7.187090744E-1	1.715872957E-2
9.670000000E0	7.214242642E-1	1.782917824E-2
9.680000000E0	7.243711101E-1	1.824182170E-2
9.690000000E0	7.268633460E-1	1.871225298E-2
9.700000000E0	7.293308271E-1	1.932513504E-2
9.710000000E0	7.318656866E-1	1.979662619E-2
9.720000000E0	7.343191514E-1	2.031235461E-2
9.730000000E0	7.365623969E-1	2.075375501E-2
9.740000000E0	7.387148440E-1	2.125954865E-2
9.750000000E0	7.406719318E-1	2.167647771E-2
9.760000000E0	7.424218297E-1	2.206816617E-2
9.770000000E0	7.443379747E-1	2.250420059E-2
9.780000000E0	7.458012867E-1	2.276849098E-2
9.790000000E0	7.474463603E-1	2.318443008E-2
9.800000000E0	7.488119661E-1	2.355351590E-2
9.810000000E0	7.500197684E-1	2.375322771E-2
9.820000000E0	7.511322302E-1	2.394863062E-2
9.830000000E0	7.521586561E-1	2.420436016E-2
9.840000000E0	7.531888708E-1	2.426856762E-2
9.850000000E0	7.541710692E-1	2.457890485E-2
9.860000000E0	7.546559244E-1	2.471024233E-2
