mass_A
t	x	y
0.000000000E0	8.485770914E-4	1.380833575E-1
1.000000000E-2	1.226382585E-3	1.378245666E-1
2.000000000E-2	1.878898989E-3	1.371750610E-1
3.000000000E-2	2.989505283E-3	1.363319909E-1
4.000000000E-2	4.257741524E-3	1.353993951E-1
5.000000000E-2	6.123213553E-3	1.340228779E-1
6.000000000E-2	8.034095843E-3	1.326549109E-1
7.000000000E-2	1.012097449E-2	1.312752017E-1
8.000000000E-2	1.287043902E-2	1.294065929E-1
9.000000000E-2	1.566768276E-2	1.274746426E-1
1.000000000E-1	1.848964628E-2	1.255387763E-1
1.100000000E-1	2.193636907E-2	1.234662394E-1
1.200000000E-1	2.567614581E-2	1.210588150E-1
1.300000000E-1	2.976698034E-2	1.183605978E-1
1.400000000E-1	3.398488203E-2	1.157467868E-1
1.500000000E-1	3.835836779E-2	1.136758198E-1
1.600000000E-1	4.427546847E-2	1.125087101E-1
1.700000000E-1	4.987771677E-2	1.115112145E-1
1.800000000E-1	5.517092782E-2	1.091227562E-1
1.900000000E-1	6.101338231E-2	1.052227733E-1
2.000000000E-1	6.637240296E-2	9.885916636E-2
2.100000000E-1	7.279800729E-2	9.602137816E-2
2.200000000E-1	7.924382336E-2	9.284863115E-2
2.300000000E-1	8.602945979E-2	8.962028657E-2
2.400000000E-1	9.283640771E-2	8.603187336E-2
2.500000000E-1	9.997704586E-2	8.326681959E-2
2.600000000E-1	1.072691808E-1	7.962053928E-2
2.700000000E-1	1.148775433E-1	7.635547772E-2
2.800000000E-1	1.225599890E-1	7.317476530E-2
2.900000000E-1	1.306589971E-1	6.972459718E-2
3.000000000E-1	1.390864512E-1	6.687787999E-2
3.100000000E-1	1.475630393E-1	6.393542491E-2
3.200000000E-1	1.560684326E-1	6.076779483E-2
3.300000000E-1	1.647720977E-1	5.786011087E-2
3.400000000E-1	1.735728720E-1	5.499085110E-2
3.500000000E-1	1.825077300E-1	5.198178941E-2
3.600000000E-1	1.914452337E-1	4.931109377E-2
3.700000000E-1	2.003815919E-1	4.669007622E-2
3.800000000E-1	2.093007035E-1	4.406116255E-2
3.900000000E-1	2.186155394E-1	4.171092478E-2
4.000000000E-1	2.277555638E-1	4.189875471E-2
4.100000000E-1	2.374932231E-1	4.087398205E-2
4.200000000E-1	2.471660059E-1	3.722461733E-2
4.300000000E-1	2.573202961E-1	3.425344308E-2
4.400000000E-1	2.676610713E-1	3.185419368E-2
4.500000000E-1	2.781621756E-1	2.987866511E-2
4.600000000E-1	2.883790961E-1	2.795028658E-2
4.700000000E-1	2.986625389E-1	2.554091826E-2
4.800000000E-1	3.091968695E-1	2.377056377E-2
4.900000000E-1	3.195701092E-1	2.202716911E-2
5.000000000E-1	3.303317668E-1	2.056758862E-2
5.100000000E-1	3.407813205E-1	1.878590373E-2
5.200000000E-1	3.513822665E-1	1.754489877E-2
5.300000000E-1	3.622105738E-1	1.628047529E-2
5.400000000E-1	3.731855584E-1	1.513964190E-2
5.500000000E-1	3.841382984E-1	1.390799698E-2
5.600000000E-1	3.948970634E-1	1.305498114E-2
5.700000000E-1	4.057646075E-1	1.205228644E-2
5.800000000E-1	4.166160191E-1	1.215089162E-2
5.900000000E-1	4.275997031E-1	1.285571661E-2
6.000000000E-1	4.387100387E-1	1.060193180E-2
6.100000000E-1	4.499013232E-1	1.003763905E-2
6.200000000E-1	4.610945677E-1	9.692764868E-3
6.300000000E-1	4.721396704E-1	9.457172214E-3
6.400000000E-1	4.831307868E-1	9.314786753E-3
6.500000000E-1	4.941688881E-1	9.321111256E-3
6.600000000E-1	5.052357909E-1	9.486113666E-3
6.700000000E-1	5.163460732E-1	9.628175353E-3
6.800000000E-1	5.274074826E-1	9.563992750E-3
6.900000000E-1	5.383148974E-1	9.617178785E-3
7.000000000E-1	5.491377684E-1	9.652710611E-3
7.100000000E-1	5.599436910E-1	9.754903870E-3
7.200000000E-1	5.706061530E-1	9.983049334E-3
7.300000000E-1	5.808420472E-1	9.934618939E-3
7.400000000E-1	5.915743764E-1	1.004112532E-2
7.500000000E-1	6.019363220E-1	1.048951695E-2
7.600000000E-1	6.121685014E-1	1.209756896E-2
7.700000000E-1	6.232536880E-1	1.201372771E-2
7.800000000E-1	6.339735073E-1	1.195313385E-2
7.900000000E-1	6.447957710E-1	1.248762138E-2
8.000000000E-1	6.552612383E-1	1.383644488E-2
8.100000000E-1	6.654528279E-1	1.449261126E-2
8.200000000E-1	6.757121229E-1	1.558089142E-2
8.300000000E-1	6.857230309E-1	1.675497202E-2
8.400000000E-1	6.956644699E-1	1.827481825E-2
8.500000000E-1	7.056099479E-1	1.981229633E-2
8.600000000E-1	7.154511805E-1	2.156923929E-2
8.700000000E-1	7.251400661E-1	2.328201150E-2
8.800000000E-1	7.346454022E-1	2.529123072E-2
8.900000000E-1	7.441782485E-1	2.732802363E-2
9.000000000E-1	7.532186093E-1	2.956816430E-2
9.100000000E-1	7.621703130E-1	3.145424673E-2
9.200000000E-1	7.710381980E-1	3.384627697E-2
9.300000000E-1	7.796337312E-1	3.571656146E-2
9.400000000E-1	7.879058367E-1	3.800702026E-2
9.500000000E-1	7.961321881E-1	4.078443488E-2
9.600000000E-1	8.041748712E-1	4.299471432E-2
9.700000000E-1	8.120271901E-1	4.488882480E-2
9.800000000E-1	8.199340537E-1	4.705359411E-2
9.900000000E-1	8.274975505E-1	4.930911125E-2
1.000000000E0	8.351336677E-1	5.165162780E-2
1.010000000E0	8.425558054E-1	5.375562346E-2
1.020000000E0	8.498848523E-1	5.612726942E-2
1.030000000E0	8.569721385E-1	5.830533582E-2
1.040000000E0	8.638289254E-1	6.049760349E-2
1.050000000E0	8.704702601E-1	6.270359898E-2
1.060000000E0	8.770238554E-1	6.498471594E-2
1.070000000E0	8.830727832E-1	6.717450724E-2
1.080000000E0	8.891377176E-1	6.939328424E-2
1.090000000E0	8.948307500E-1	7.159963906E-2
1.100000000E0	9.003881476E-1	7.373943174E-2
1.110000000E0	9.057813090E-1	7.590216487E-2
1.120000000E0	9.106035244E-1	7.825654957E-2
1.130000000E0	9.156839495E-1	8.021260248E-2
1.140000000E0	9.202904710E-1	8.240653548E-2
1.150000000E0	9.247416023E-1	8.449067064E-2
1.160000000E0	9.290656860E-1	8.624681517E-2
1.170000000E0	9.331301373E-1	8.806166513E-2
1.180000000E0	9.368750377E-1	9.011168748E-2
1.190000000E0	9.403001324E-1	9.182500641E-2
1.200000000E0	9.435763194E-1	9.356899081E-2
1.210000000E0	9.467548213E-1	9.510840378E-2
1.220000000E0	9.494716616E-1	9.668537140E-2
1.230000000E0	9.522092153E-1	9.808692162E-2
1.240000000E0	9.545945030E-1	9.938512157E-2
1.250000000E0	9.567394365E-1	1.005743559E-1
1.260000000E0	9.587835390E-1	1.015124310E-1
1.270000000E0	9.602734184E-1	1.023651098E-1
1.280000000E0	9.618389050E-1	1.027567611E-1
1.290000000E0	9.631998337E-1	1.034848332E-1
1.300000000E0	9.642058203E-1	1.038611673E-1
1.310000000E0	9.647565095E-1	1.045410807E-1
1.320000000E0	9.655537098E-1	1.047833050E-1
1.330000000E0	9.657927860E-1	1.049446256E-1
1.340000000E0	9.659110809E-1	1.049391602E-1
1.350000000E0	9.657913346E-1	1.049027405E-1
1.360000000E0	9.656277556E-1	1.047552446E-1
1.370000000E0	9.649909298E-1	1.045846733E-1
1.380000000E0	9.643685346E-1	1.039400852E-1
1.390000000E0	9.633873526E-1	1.035774361E-1
1.400000000E0	9.622631522E-1	1.027551361E-1
1.410000000E0	9.609363221E-1	1.019999025E-1
1.420000000E0	9.590920824E-1	1.011470983E-1
1.430000000E0	9.569144873E-1	1.001757968E-1
1.440000000E0	9.546693741E-1	9.904772716E-2
1.450000000E0	9.522931353E-1	9.784075878E-2
1.460000000E0	9.496023864E-1	9.651667185E-2
1.470000000E0	9.466993581E-1	9.488986280E-2
1.480000000E0	9.434847979E-1	9.342588367E-2
1.490000000E0	9.401962994E-1	9.168256186E-2
1.500000000E0	9.367913130E-1	9.003128262E-2
1.510000000E0	9.328370448E-1	8.826590754E-2
1.520000000E0	9.289348685E-1	8.615813019E-2
1.530000000E0	9.247235460E-1	8.437022109E-2
1.540000000E0	9.202458430E-1	8.244731449E-2
1.550000000E0	9.157546971E-1	8.050830982E-2
1.560000000E0	9.109762593E-1	7.834983246E-2
1.570000000E0	9.059832904E-1	7.632309515E-2
1.580000000E0	9.007207048E-1	7.431077797E-2
1.590000000E0	8.954154803E-1	7.186615889E-2
1.600000000E0	8.900071410E-1	6.975451927E-2
1.610000000E0	8.841127752E-1	6.781208835E-2
1.620000000E0	8.781766492E-1	6.560877458E-2
1.630000000E0	8.718134801E-1	6.346788744E-2
1.640000000E0	8.653662063E-1	6.155186785E-2
1.650000000E0	8.586510165E-1	5.953964461E-2
1.660000000E0	8.518428855E-1	5.746126114E-2
1.670000000E0	8.450605573E-1	5.534317630E-2
1.680000000E0	8.382395323E-1	5.285874546E-2
1.690000000E0	8.308547857E-1	5.083109792E-2
1.700000000E0	8.236538578E-1	4.837263825E-2
1.710000000E0	8.163043613E-1	4.622037300E-2
1.720000000E0	8.087976053E-1	4.422378870E-2
1.730000000E0	8.009666421E-1	4.217702107E-2
1.740000000E0	7.933975256E-1	3.988638152E-2
1.750000000E0	7.856077605E-1	3.756299774E-2
1.760000000E0	7.776818918E-1	3.545896979E-2
1.770000000E0	7.697394277E-1	3.326932576E-2
1.780000000E0	7.612619028E-1	3.124920669E-2
1.790000000E0	7.530673958E-1	2.919733532E-2
1.800000000E0	7.443774350E-1	2.739656531E-2
1.810000000E0	7.356240067E-1	2.554755215E-2
1.820000000E0	7.267378243E-1	2.393888220E-2
1.830000000E0	7.177698662E-1	2.198674309E-2
1.840000000E0	7.088439746E-1	2.041537175E-2
1.850000000E0	6.998980172E-1	1.890270922E-2
1.860000000E0	6.908044228E-1	1.772738999E-2
1.870000000E0	6.818501113E-1	1.632434791E-2
1.880000000E0	6.725266885E-1	1.520030277E-2
1.890000000E0	6.634455159E-1	1.431738503E-2
1.900000000E0	6.539585715E-1	1.350917625E-2
1.910000000E0	6.447035267E-1	1.277094388E-2
1.920000000E0	6.349799001E-1	1.214584997E-2
1.930000000E0	6.252550425E-1	1.219326615E-2
1.940000000E0	6.158161417E-1	1.304188183E-2
1.950000000E0	6.062538476E-1	1.210220456E-2
1.960000000E0	5.969892445E-1	1.195303627E-2
1.970000000E0	5.875087208E-1	1.122603646E-2
1.980000000E0	5.781997062E-1	1.135010544E-2
1.990000000E0	5.687282533E-1	1.090007241E-2
2.000000000E0	5.595335870E-1	1.088529898E-2
2.010000000E0	5.502048642E-1	1.088465431E-2
2.020000000E0	5.409777338E-1	1.074208568E-2
2.030000000E0	5.317471650E-1	1.082261645E-2
2.040000000E0	5.225326365E-1	1.093132549E-2
2.050000000E0	5.133849901E-1	1.069843176E-2
2.060000000E0	5.042124675E-1	1.074987295E-2
2.070000000E0	4.950533637E-1	1.081831121E-2
2.080000000E0	4.856690904E-1	1.070790220E-2
2.090000000E0	4.765239145E-1	1.075389777E-2
2.100000000E0	4.675227168E-1	1.091080997E-2
2.110000000E0	4.583444157E-1	1.101792370E-2
2.120000000E0	4.489709831E-1	1.131332491E-2
2.130000000E0	4.400264805E-1	1.175881748E-2
2.140000000E0	4.311360994E-1	1.224034212E-2
2.150000000E0	4.223060908E-1	1.322792545E-2
2.160000000E0	4.135012334E-1	1.312267111E-2
2.170000000E0	4.047281244E-1	1.371844419E-2
2.180000000E0	3.958162636E-1	1.439729598E-2
2.190000000E0	3.870172652E-1	1.522367712E-2
2.200000000E0	3.783058687E-1	1.597262325E-2
2.210000000E0	3.694702540E-1	1.671094412E-2
2.220000000E0	3.608347726E-1	1.744551369E-2
2.230000000E0	3.525024629E-1	1.861582293E-2
2.240000000E0	3.441308009E-1	1.964511405E-2
2.250000000E0	3.360997133E-1	2.095838773E-2
2.260000000E0	3.282590556E-1	2.202407131E-2
2.270000000E0	3.205510904E-1	2.313730959E-2
2.280000000E0	3.127556241E-1	2.451275249E-2
2.290000000E0	3.051363572E-1	2.584985415E-2
2.300000000E0	2.974955401E-1	2.736777111E-2
2.310000000E0	2.898902266E-1	2.881499696E-2
2.320000000E0	2.828130557E-1	3.050907603E-2
2.330000000E0	2.753503921E-1	3.196989852E-2
2.340000000E0	2.683754871E-1	3.383464679E-2
2.350000000E0	2.612804866E-1	3.523429853E-2
2.360000000E0	2.542577873E-1	3.678664396E-2
2.370000000E0	2.475997000E-1	3.833990212E-2
2.380000000E0	2.411490731E-1	4.012605701E-2
2.390000000E0	2.347030974E-1	4.195327059E-2
2.400000000E0	2.286776982E-1	4.322780917E-2
2.410000000E0	2.228002906E-1	4.494403240E-2
2.420000000E0	2.170923999E-1	4.624665232E-2
2.430000000E0	2.113025842E-1	4.790354641E-2
2.440000000E0	2.059755209E-1	4.919127402E-2
2.450000000E0	2.008367921E-1	5.086223578E-2
2.460000000E0	1.957411206E-1	5.213070642E-2
2.470000000E0	1.908434723E-1	5.372393627E-2
2.480000000E0	1.858959309E-1	5.500273608E-2
2.490000000E0	1.812552524E-1	5.643016703E-2
2.500000000E0	1.767863570E-1	5.800282031E-2
2.510000000E0	1.723895489E-1	5.943240902E-2
2.520000000E0	1.680079772E-1	6.071000868E-2
2.530000000E0	1.639455895E-1	6.190366912E-2
2.540000000E0	1.600910389E-1	6.336005954E-2
2.550000000E0	1.565587374E-1	6.453349514E-2
2.560000000E0	1.528148660E-1	6.563854443E-2
2.570000000E0	1.494019376E-1	6.698607483E-2
2.580000000E0	1.462298539E-1	6.807278016E-2
2.590000000E0	1.433749634E-1	6.928256053E-2
2.600000000E0	1.404755254E-1	7.021851560E-2
2.610000000E0	1.380230545E-1	7.131513378E-2
2.620000000E0	1.357225317E-1	7.224621828E-2
2.630000000E0	1.336028287E-1	7.283936909E-2
2.640000000E0	1.315645904E-1	7.367264898E-2
2.650000000E0	1.299530445E-1	7.431103468E-2
2.660000000E0	1.284078503E-1	7.471350641E-2
2.670000000E0	1.270037813E-1	7.517192777E-2
2.680000000E0	1.259257607E-1	7.574973323E-2
2.690000000E0	1.248752227E-1	7.611391434E-2
2.700000000E0	1.241173787E-1	7.620609089E-2
2.710000000E0	1.235764617E-1	7.658925477E-2
2.720000000E0	1.234926801E-1	7.674958975E-2
2.730000000E0	1.234470579E-1	7.693467115E-2
2.740000000E0	1.235901122E-1	7.696068455E-2
2.750000000E0	1.237480407E-1	7.683847876E-2
2.760000000E0	1.240377548E-1	7.628846841E-2
2.770000000E0	1.248236212E-1	7.614812144E-2
2.780000000E0	1.258075367E-1	7.595527483E-2
2.790000000E0	1.268790973E-1	7.530365451E-2
2.800000000E0	1.281755330E-1	7.480754246E-2
2.810000000E0	1.295786100E-1	7.405545578E-2
2.820000000E0	1.313912271E-1	7.370251335E-2
2.830000000E0	1.334394647E-1	7.284407688E-2
2.840000000E0	1.356195961E-1	7.190450115E-2
2.850000000E0	1.379638846E-1	7.090515101E-2
2.860000000E0	1.403357184E-1	6.972305790E-2
2.870000000E0	1.433837570E-1	6.906459189E-2
2.880000000E0	1.460932181E-1	6.782783873E-2
2.890000000E0	1.491951067E-1	6.698897107E-2
2.900000000E0	1.524815821E-1	6.577479909E-2
2.910000000E0	1.558783617E-1	6.453292923E-2
2.920000000E0	1.597954755E-1	6.379785013E-2
2.930000000E0	1.635095681E-1	6.228956356E-2
2.940000000E0	1.676530769E-1	6.095423063E-2
2.950000000E0	1.716504077E-1	5.931678809E-2
2.960000000E0	1.758636229E-1	5.809481530E-2
2.970000000E0	1.802010027E-1	5.662050629E-2
2.980000000E0	1.848271499E-1	5.508057637E-2
2.990000000E0	1.897250086E-1	5.388595921E-2
3.000000000E0	1.945969966E-1	5.250346225E-2
3.010000000E0	1.997849413E-1	5.108496434E-2
3.020000000E0	2.047307940E-1	4.942694654E-2
3.030000000E0	2.099910458E-1	4.789437134E-2
3.040000000E0	2.155088218E-1	4.642596003E-2
3.050000000E0	2.210860692E-1	4.493831215E-2
3.060000000E0	2.266757879E-1	4.355818343E-2
3.070000000E0	2.327618773E-1	4.243420516E-2
3.080000000E0	2.388430708E-1	4.095092006E-2
3.090000000E0	2.450583215E-1	3.937614771E-2
3.100000000E0	2.512479430E-1	3.796768785E-2
3.110000000E0	2.577694049E-1	3.639725965E-2
3.120000000E0	2.641879839E-1	3.464424550E-2
3.130000000E0	2.709609956E-1	3.357325092E-2
3.140000000E0	2.776492674E-1	3.209311303E-2
3.150000000E0	2.844315428E-1	3.053790122E-2
3.160000000E0	2.912031693E-1	2.906693677E-2
3.170000000E0	2.983467957E-1	2.758728956E-2
3.180000000E0	3.052925026E-1	2.625897946E-2
3.190000000E0	3.126796436E-1	2.511170726E-2
3.200000000E0	3.197291354E-1	2.386079258E-2
3.210000000E0	3.272019410E-1	2.271556235E-2
3.220000000E0	3.347800053E-1	2.166763459E-2
3.230000000E0	3.421710345E-1	2.050696083E-2
3.240000000E0	3.496559389E-1	1.949115626E-2
3.250000000E0	3.573011864E-1	1.844610191E-2
3.260000000E0	3.649839680E-1	1.752021788E-2
3.270000000E0	3.728127080E-1	1.653392823E-2
3.280000000E0	3.808140684E-1	1.568645748E-2
3.290000000E0	3.887965206E-1	1.513722717E-2
3.300000000E0	3.968673901E-1	1.417929749E-2
3.310000000E0	4.047111524E-1	1.347007058E-2
3.320000000E0	4.125873253E-1	1.302850006E-2
3.330000000E0	4.205175415E-1	1.316720673E-2
3.340000000E0	4.286002376E-1	1.287771863E-2
3.350000000E0	4.367470676E-1	1.198834959E-2
3.360000000E0	4.449597220E-1	1.158450965E-2
3.370000000E0	4.531151897E-1	1.128712765E-2
3.380000000E0	4.612565518E-1	1.096748809E-2
3.390000000E0	4.693852115E-1	1.082219189E-2
3.400000000E0	4.774367233E-1	1.072156500E-2
3.410000000E0	4.854747466E-1	1.074606736E-2
3.420000000E0	4.936377738E-1	1.078591862E-2
3.430000000E0	5.018451470E-1	1.079403557E-2
3.440000000E0	5.098676517E-1	1.091023101E-2
3.450000000E0	5.178302489E-1	1.078710057E-2
3.460000000E0	5.260171926E-1	1.088209751E-2
3.470000000E0	5.341065041E-1	1.104292186E-2
3.480000000E0	5.419374076E-1	1.107196793E-2
3.490000000E0	5.498369694E-1	1.125230682E-2
3.500000000E0	5.576061038E-1	1.118566336E-2
3.510000000E0	5.654228455E-1	1.121872369E-2
3.520000000E0	5.732615896E-1	1.139310276E-2
3.530000000E0	5.809348607E-1	1.151601188E-2
3.540000000E0	5.886890334E-1	1.171519896E-2
3.550000000E0	5.964094914E-1	1.200719523E-2
3.560000000E0	6.041180311E-1	1.222131898E-2
3.570000000E0	6.117807038E-1	1.287076137E-2
3.580000000E0	6.195569199E-1	1.315368779E-2
3.590000000E0	6.272176900E-1	1.330820927E-2
3.600000000E0	6.348440490E-1	1.366039805E-2
3.610000000E0	6.426229425E-1	1.390022332E-2
3.620000000E0	6.502225344E-1	1.452469823E-2
3.630000000E0	6.576889713E-1	1.503419510E-2
3.640000000E0	6.648634130E-1	1.571417388E-2
3.650000000E0	6.723030845E-1	1.638343131E-2
3.660000000E0	6.794500747E-1	1.711983400E-2
3.670000000E0	6.866858343E-1	1.801024365E-2
3.680000000E0	6.936367798E-1	1.874231983E-2
3.690000000E0	7.007446268E-1	1.970944204E-2
3.700000000E0	7.077807592E-1	2.080606428E-2
3.710000000E0	7.144996141E-1	2.193281628E-2
3.720000000E0	7.212659946E-1	2.310299372E-2
3.730000000E0	7.278569206E-1	2.424063348E-2
3.740000000E0	7.344087527E-1	2.543494730E-2
3.750000000E0	7.408208979E-1	2.681917911E-2
3.760000000E0	7.467291473E-1	2.794804293E-2
3.770000000E0	7.523676479E-1	2.941075955E-2
3.780000000E0	7.578878638E-1	3.064260606E-2
3.790000000E0	7.632078385E-1	3.187923295E-2
3.800000000E0	7.686382536E-1	3.309899639E-2
3.810000000E0	7.738127088E-1	3.439081365E-2
3.820000000E0	7.787614391E-1	3.584812594E-2
3.830000000E0	7.839841496E-1	3.729413563E-2
3.840000000E0	7.887119593E-1	3.862313973E-2
3.850000000E0	7.934373146E-1	4.011326420E-2
3.860000000E0	7.978193294E-1	4.172624227E-2
3.870000000E0	8.022090150E-1	4.274943348E-2
3.880000000E0	8.064853375E-1	4.404703485E-2
3.890000000E0	8.107215309E-1	4.525523423E-2
3.900000000E0	8.147622316E-1	4.619879488E-2
3.910000000E0	8.187443311E-1	4.730370718E-2
3.920000000E0	8.225848075E-1	4.841729575E-2
3.930000000E0	8.261095380E-1	4.951701654E-2
3.940000000E0	8.297145642E-1	5.044398786E-2
3.950000000E0	8.332863260E-1	5.153246043E-2
3.960000000E0	8.364081242E-1	5.252912670E-2
3.970000000E0	8.395130313E-1	5.350703762E-2
3.980000000E0	8.425534379E-1	5.425380179E-2
3.990000000E0	8.452171611E-1	5.512132589E-2
4.000000000E0	8.479827034E-1	5.594861591E-2
4.010000000E0	8.505327465E-1	5.663589382E-2
4.020000000E0	8.527596819E-1	5.726680553E-2
4.030000000E0	8.549789684E-1	5.783641511E-2
4.040000000E0	8.569917767E-1	5.842228619E-2
4.050000000E0	8.585217824E-1	5.915788443E-2
4.060000000E0	8.603068264E-1	5.964364068E-2
4.070000000E0	8.616753366E-1	6.033431246E-2
4.080000000E0	8.628535844E-1	6.065461356E-2
4.090000000E0	8.639620598E-1	6.081901624E-2
4.100000000E0	8.648921596E-1	6.147024076E-2
4.110000000E0	8.657775214E-1	6.168064423E-2
4.120000000E0	8.661893625E-1	6.183634479E-2
4.130000000E0	8.667561910E-1	6.192516548E-2
4.140000000E0	8.671006036E-1	6.192260707E-2
4.150000000E0	8.671454627E-1	6.185277855E-2
4.160000000E0	8.670977542E-1	6.181967339E-2
4.170000000E0	8.668839054E-1	6.178642623E-2
4.180000000E0	8.661745696E-1	6.174678657E-2
4.190000000E0	8.657416556E-1	6.161964295E-2
4.200000000E0	8.648966301E-1	6.161080413E-2
4.210000000E0	8.638823390E-1	6.142373236E-2
4.220000000E0	8.628041716E-1	6.094768748E-2
4.230000000E0	8.616064578E-1	6.061349472E-2
4.240000000E0	8.603482181E-1	5.981266598E-2
4.250000000E0	8.585744762E-1	5.938475638E-2
4.260000000E0	8.570681469E-1	5.858897770E-2
4.270000000E0	8.550482763E-1	5.785684348E-2
4.280000000E0	8.529929365E-1	5.724129884E-2
4.290000000E0	8.507151925E-1	5.635227760E-2
4.300000000E0	8.483691029E-1	5.555989977E-2
4.310000000E0	8.460000481E-1	5.491025879E-2
4.320000000E0	8.430695744E-1	5.402529569E-2
4.330000000E0	8.403977436E-1	5.300941920E-2
4.340000000E0	8.373602071E-1	5.210299956E-2
4.350000000E0	8.341615716E-1	5.109517277E-2
4.360000000E0	8.307395613E-1	4.995255984E-2
4.370000000E0	8.272496302E-1	4.882997693E-2
4.380000000E0	8.238035317E-1	4.755145659E-2
4.390000000E0	8.199087924E-1	4.639650485E-2
4.400000000E0	8.161043689E-1	4.512756725E-2
4.410000000E0	8.121023410E-1	4.416053658E-2
4.420000000E0	8.080694421E-1	4.326036494E-2
4.430000000E0	8.038487396E-1	4.244927459E-2
4.440000000E0	7.994715431E-1	4.169528575E-2
4.450000000E0	7.950930224E-1	4.038825485E-2
4.460000000E0	7.905387684E-1	3.874453540E-2
4.470000000E0	7.860014099E-1	3.729827417E-2
4.480000000E0	7.810071834E-1	3.605351041E-2
4.490000000E0	7.762079720E-1	3.489313288E-2
4.500000000E0	7.710485954E-1	3.358499248E-2
4.510000000E0	7.656269536E-1	3.257853637E-2
4.520000000E0	7.602265761E-1	3.120249477E-2
4.530000000E0	7.545642073E-1	2.980080717E-2
4.540000000E0	7.489513925E-1	2.853365611E-2
4.550000000E0	7.432415298E-1	2.725718967E-2
4.560000000E0	7.375016450E-1	2.606642006E-2
4.570000000E0	7.314013334E-1	2.488046806E-2
4.580000000E0	7.253582106E-1	2.383128115E-2
4.590000000E0	7.190025954E-1	2.272200074E-2
4.600000000E0	7.126621689E-1	2.160325499E-2
4.610000000E0	7.062816090E-1	2.061426906E-2
4.620000000E0	6.999809292E-1	1.964707650E-2
4.630000000E0	6.934198976E-1	1.853233518E-2
4.640000000E0	6.868222632E-1	1.758639780E-2
4.650000000E0	6.801129157E-1	1.668539090E-2
4.660000000E0	6.734864557E-1	1.576076671E-2
4.670000000E0	6.668268360E-1	1.498103816E-2
4.680000000E0	6.601445736E-1	1.425064155E-2
4.690000000E0	6.534236308E-1	1.372101028E-2
4.700000000E0	6.464217555E-1	1.307879737E-2
4.710000000E0	6.391847445E-1	1.242872326E-2
4.720000000E0	6.322539439E-1	1.200409985E-2
4.730000000E0	6.250731981E-1	1.194627445E-2
4.740000000E0	6.182147673E-1	1.252321456E-2
4.750000000E0	6.109566942E-1	1.227925169E-2
4.760000000E0	6.039166133E-1	1.179322333E-2
4.770000000E0	5.970881416E-1	1.177529973E-2
4.780000000E0	5.899612968E-1	1.119397027E-2
4.790000000E0	5.828168808E-1	1.090683030E-2
4.800000000E0	5.759705567E-1	1.086456602E-2
4.810000000E0	5.689805559E-1	1.061444966E-2
4.820000000E0	5.618159711E-1	1.062088993E-2
4.830000000E0	5.550104056E-1	1.063284806E-2
4.840000000E0	5.481345482E-1	1.060480952E-2
4.850000000E0	5.410445278E-1	1.054683000E-2
4.860000000E0	5.341658242E-1	1.060117460E-2
4.870000000E0	5.273988938E-1	1.059432752E-2
4.880000000E0	5.204702840E-1	1.064160690E-2
4.890000000E0	5.133880776E-1	1.050391177E-2
4.900000000E0	5.064937110E-1	1.058316537E-2
4.910000000E0	4.996764670E-1	1.076197044E-2
4.920000000E0	4.927664146E-1	1.084954120E-2
4.930000000E0	4.857279332E-1	1.078548088E-2
4.940000000E0	4.787597908E-1	1.090250857E-2
4.950000000E0	4.719719957E-1	1.097348238E-2
4.960000000E0	4.652656313E-1	1.098082760E-2
4.970000000E0	4.584293145E-1	1.111631904E-2
4.980000000E0	4.514480152E-1	1.112179716E-2
4.990000000E0	4.446838244E-1	1.153697610E-2
5.000000000E0	4.379290849E-1	1.189448291E-2
5.010000000E0	4.312911069E-1	1.221386731E-2
5.020000000E0	4.247314578E-1	1.319598776E-2
5.030000000E0	4.181148073E-1	1.324372092E-2
5.040000000E0	4.115438642E-1	1.334612118E-2
5.050000000E0	4.049633281E-1	1.381108826E-2
5.060000000E0	3.985523150E-1	1.419175974E-2
5.070000000E0	3.923117602E-1	1.476330471E-2
5.080000000E0	3.858885964E-1	1.538787469E-2
5.090000000E0	3.797012126E-1	1.608717336E-2
5.100000000E0	3.734275470E-1	1.681553982E-2
5.110000000E0	3.671201343E-1	1.741980895E-2
5.120000000E0	3.611940709E-1	1.832401870E-2
5.130000000E0	3.550750831E-1	1.882350796E-2
5.140000000E0	3.492997266E-1	1.958785007E-2
5.150000000E0	3.436833045E-1	2.052346100E-2
5.160000000E0	3.380258917E-1	2.159287553E-2
5.170000000E0	3.325677968E-1	2.265722227E-2
5.180000000E0	3.270362129E-1	2.330332722E-2
5.190000000E0	3.216585025E-1	2.408286390E-2
5.200000000E0	3.162605425E-1	2.503825438E-2
5.210000000E0	3.113563481E-1	2.618566027E-2
5.220000000E0	3.062878883E-1	2.697223398E-2
5.230000000E0	3.016754390E-1	2.803651300E-2
5.240000000E0	2.968051840E-1	2.864177751E-2
5.250000000E0	2.919669709E-1	2.956211553E-2
5.260000000E0	2.873968636E-1	3.050056098E-2
5.270000000E0	2.829306286E-1	3.129294608E-2
5.280000000E0	2.785172395E-1	3.190315019E-2
5.290000000E0	2.741296947E-1	3.292370907E-2
5.300000000E0	2.697552220E-1	3.349015442E-2
5.310000000E0	2.655433829E-1	3.423244591E-2
5.320000000E0	2.616205891E-1	3.530478356E-2
5.330000000E0	2.577837603E-1	3.604347983E-2
5.340000000E0	2.541693137E-1	3.698888696E-2
5.350000000E0	2.502691248E-1	3.752391274E-2
5.360000000E0	2.466899209E-1	3.845305888E-2
5.370000000E0	2.433949799E-1	3.945742430E-2
5.380000000E0	2.402164560E-1	4.036246668E-2
5.390000000E0	2.371425343E-1	4.123130035E-2
5.400000000E0	2.342475959E-1	4.191481173E-2
5.410000000E0	2.313574865E-1	4.235602907E-2
5.420000000E0	2.287283782E-1	4.290312850E-2
5.430000000E0	2.264021173E-1	4.357512182E-2
5.440000000E0	2.240166710E-1	4.418845651E-2
5.450000000E0	2.220087854E-1	4.471987502E-2
5.460000000E0	2.199122448E-1	4.515956738E-2
5.470000000E0	2.178045976E-1	4.562450731E-2
5.480000000E0	2.163236716E-1	4.623736067E-2
5.490000000E0	2.147150983E-1	4.627947373E-2
5.500000000E0	2.132859019E-1	4.691455398E-2
5.510000000E0	2.120426090E-1	4.738097054E-2
5.520000000E0	2.109475731E-1	4.757806023E-2
5.530000000E0	2.100027938E-1	4.798833799E-2
5.540000000E0	2.090192452E-1	4.823925881E-2
5.550000000E0	2.082044466E-1	4.836605618E-2
5.560000000E0	2.077112214E-1	4.855013116E-2
5.570000000E0	2.070461827E-1	4.852388938E-2
5.580000000E0	2.067032852E-1	4.857414576E-2
5.590000000E0	2.066366167E-1	4.862389884E-2
5.600000000E0	2.066390022E-1	4.864367064E-2
5.610000000E0	2.067096859E-1	4.851078770E-2
5.620000000E0	2.068692495E-1	4.846832770E-2
5.630000000E0	2.075842775E-1	4.852348439E-2
5.640000000E0	2.080035544E-1	4.832301351E-2
5.650000000E0	2.088526041E-1	4.830844413E-2
5.660000000E0	2.098380154E-1	4.835834460E-2
5.670000000E0	2.109260353E-1	4.812196131E-2
5.680000000E0	2.121322860E-1	4.796963282E-2
5.690000000E0	2.132881704E-1	4.752619019E-2
5.700000000E0	2.146321202E-1	4.716376331E-2
5.710000000E0	2.164735350E-1	4.715600431E-2
5.720000000E0	2.178374127E-1	4.640384762E-2
5.730000000E0	2.198685659E-1	4.604102004E-2
5.740000000E0	2.217820254E-1	4.553379756E-2
5.750000000E0	2.239238249E-1	4.504796836E-2
5.760000000E0	2.263642417E-1	4.428852096E-2
5.770000000E0	2.287607265E-1	4.369277303E-2
5.780000000E0	2.310364463E-1	4.311332166E-2
5.790000000E0	2.335667469E-1	4.231136505E-2
5.800000000E0	2.363418589E-1	4.188423055E-2
5.810000000E0	2.392764461E-1	4.091897795E-2
5.820000000E0	2.421428072E-1	4.005911019E-2
5.830000000E0	2.453216392E-1	3.932185976E-2
5.840000000E0	2.485858502E-1	3.857387008E-2
5.850000000E0	2.519653390E-1	3.760444147E-2
5.860000000E0	2.554940214E-1	3.671337680E-2
5.870000000E0	2.593646844E-1	3.608811255E-2
5.880000000E0	2.630117111E-1	3.507011466E-2
5.890000000E0	2.671645504E-1	3.429816516E-2
5.900000000E0	2.710248079E-1	3.324192714E-2
5.910000000E0	2.751598451E-1	3.236282449E-2
5.920000000E0	2.795149254E-1	3.147850257E-2
5.930000000E0	2.839136435E-1	3.064673700E-2
5.940000000E0	2.882834920E-1	2.974557984E-2
5.950000000E0	2.928570108E-1	2.877269011E-2
5.960000000E0	2.973903071E-1	2.784720992E-2
5.970000000E0	3.020473144E-1	2.708912346E-2
5.980000000E0	3.070368096E-1	2.625644021E-2
5.990000000E0	3.118442199E-1	2.534431334E-2
6.000000000E0	3.169777656E-1	2.449115596E-2
6.010000000E0	3.219488982E-1	2.348789055E-2
6.020000000E0	3.272410962E-1	2.264932930E-2
6.030000000E0	3.325155395E-1	2.198297406E-2
6.040000000E0	3.378413231E-1	2.120234499E-2
6.050000000E0	3.433102765E-1	2.050776656E-2
6.060000000E0	3.489651597E-1	1.977015825E-2
6.070000000E0	3.546265961E-1	1.893529365E-2
6.080000000E0	3.603050213E-1	1.828580820E-2
6.090000000E0	3.659363698E-1	1.763354502E-2
6.100000000E0	3.716442907E-1	1.704529643E-2
6.110000000E0	3.772887323E-1	1.644876256E-2
6.120000000E0	3.832877144E-1	1.612054203E-2
6.130000000E0	3.891238670E-1	1.552868642E-2
6.140000000E0	3.949810719E-1	1.496071847E-2
6.150000000E0	4.009838766E-1	1.457606587E-2
6.160000000E0	4.069325797E-1	1.411567808E-2
6.170000000E0	4.129878489E-1	1.371329886E-2
6.180000000E0	4.189095782E-1	1.363302148E-2
6.190000000E0	4.249895863E-1	1.354064158E-2
6.200000000E0	4.311052135E-1	1.289545407E-2
6.210000000E0	4.369662731E-1	1.273130002E-2
6.220000000E0	4.433014439E-1	1.274521636E-2
6.230000000E0	4.493772844E-1	1.242121603E-2
6.240000000E0	4.556693709E-1	1.206152595E-2
6.250000000E0	4.619829480E-1	1.199050613E-2
6.260000000E0	4.680486657E-1	1.181219491E-2
6.270000000E0	4.742411131E-1	1.180227949E-2
6.280000000E0	4.802659639E-1	1.173258501E-2
6.290000000E0	4.864663278E-1	1.174099343E-2
6.300000000E0	4.926560502E-1	1.166034020E-2
6.310000000E0	4.988154862E-1	1.167134079E-2
6.320000000E0	5.051094472E-1	1.179042357E-2
6.330000000E0	5.111388809E-1	1.171010573E-2
6.340000000E0	5.174088953E-1	1.181741752E-2
6.350000000E0	5.233932508E-1	1.183177186E-2
6.360000000E0	5.296106953E-1	1.187336647E-2
6.370000000E0	5.356419345E-1	1.179931841E-2
6.380000000E0	5.417682892E-1	1.193332968E-2
6.390000000E0	5.476844336E-1	1.191775342E-2
6.400000000E0	5.539184103E-1	1.198462569E-2
6.410000000E0	5.597610901E-1	1.199238577E-2
6.420000000E0	5.660008385E-1	1.205208874E-2
6.430000000E0	5.718345949E-1	1.204603243E-2
6.440000000E0	5.778544582E-1	1.211661628E-2
6.450000000E0	5.839181727E-1	1.201227948E-2
6.460000000E0	5.898035500E-1	1.203107503E-2
6.470000000E0	5.957746987E-1	1.219876636E-2
6.480000000E0	6.016622410E-1	1.218179824E-2
6.490000000E0	6.075320403E-1	1.234910707E-2
6.500000000E0	6.133751632E-1	1.283753974E-2
6.510000000E0	6.193342535E-1	1.306112354E-2
6.520000000E0	6.250636603E-1	1.284399442E-2
6.530000000E0	6.311041442E-1	1.309527630E-2
6.540000000E0	6.369494547E-1	1.314262611E-2
6.550000000E0	6.427855673E-1	1.351964270E-2
6.560000000E0	6.485565626E-1	1.416177970E-2
6.570000000E0	6.540158789E-1	1.439741272E-2
6.580000000E0	6.594554397E-1	1.494968624E-2
6.590000000E0	6.647978590E-1	1.539281296E-2
6.600000000E0	6.702378021E-1	1.612566315E-2
6.610000000E0	6.757015576E-1	1.663492537E-2
6.620000000E0	6.810886356E-1	1.737618099E-2
6.630000000E0	6.861339893E-1	1.803417979E-2
6.640000000E0	6.912421546E-1	1.861447461E-2
6.650000000E0	6.963673864E-1	1.941530220E-2
6.660000000E0	7.012149743E-1	2.013956807E-2
6.670000000E0	7.059589367E-1	2.080423727E-2
6.680000000E0	7.108460042E-1	2.175165167E-2
6.690000000E0	7.155453210E-1	2.246323547E-2
6.700000000E0	7.200206869E-1	2.327392729E-2
6.710000000E0	7.244497975E-1	2.411136921E-2
6.720000000E0	7.288406864E-1	2.510754716E-2
6.730000000E0	7.331307256E-1	2.589600406E-2
6.740000000E0	7.371403012E-1	2.671335074E-2
6.750000000E0	7.410209337E-1	2.747705800E-2
6.760000000E0	7.449642134E-1	2.839443969E-2
6.770000000E0	7.487887574E-1	2.939781788E-2
6.780000000E0	7.522351087E-1	2.994254182E-2
6.790000000E0	7.556913221E-1	3.072037944E-2
6.800000000E0	7.589757444E-1	3.163974006E-2
6.810000000E0	7.621410743E-1	3.241351610E-2
6.820000000E0	7.653136938E-1	3.294887946E-2
6.830000000E0	7.684344551E-1	3.378216856E-2
6.840000000E0	7.710872023E-1	3.431607765E-2
6.850000000E0	7.739133115E-1	3.505204793E-2
6.860000000E0	7.764779199E-1	3.583241930E-2
6.870000000E0	7.787599050E-1	3.640752479E-2
6.880000000E0	7.810104976E-1	3.696267972E-2
6.890000000E0	7.831279766E-1	3.751651457E-2
6.900000000E0	7.852526766E-1	3.823434417E-2
6.910000000E0	7.871355927E-1	3.863402526E-2
6.920000000E0	7.887197880E-1	3.922812434E-2
6.930000000E0	7.905746819E-1	3.970613641E-2
6.940000000E0	7.919455803E-1	4.006004760E-2
6.950000000E0	7.931920152E-1	4.055284189E-2
6.960000000E0	7.943075751E-1	4.088202701E-2
6.970000000E0	7.954026035E-1	4.116149203E-2
6.980000000E0	7.963231236E-1	4.140787036E-2
6.990000000E0	7.972510688E-1	4.178775276E-2
7.000000000E0	7.977468353E-1	4.194024597E-2
7.010000000E0	7.984296724E-1	4.200567317E-2
7.020000000E0	7.986555661E-1	4.204166194E-2
7.030000000E0	7.989216125E-1	4.209443478E-2
7.040000000E0	7.989121657E-1	4.212330292E-2
7.050000000E0	7.988173694E-1	4.208044993E-2
7.060000000E0	7.986682283E-1	4.199413455E-2
7.070000000E0	7.985505393E-1	4.192557696E-2
7.080000000E0	7.981583302E-1	4.184503664E-2
7.090000000E0	7.975674733E-1	4.183450826E-2
7.100000000E0	7.969665345E-1	4.168825351E-2
7.110000000E0	7.962789504E-1	4.155793396E-2
7.120000000E0	7.952827406E-1	4.141489634E-2
7.130000000E0	7.942381675E-1	4.109454371E-2
7.140000000E0	7.930470806E-1	4.076017434E-2
7.150000000E0	7.917842833E-1	4.059353946E-2
7.160000000E0	7.902259591E-1	4.005285573E-2
7.170000000E0	7.885457870E-1	3.962307655E-2
7.180000000E0	7.866806076E-1	3.932034992E-2
7.190000000E0	7.848846686E-1	3.865739565E-2
7.200000000E0	7.829919033E-1	3.819341243E-2
7.210000000E0	7.808456803E-1	3.752443609E-2
7.220000000E0	7.786310471E-1	3.715766257E-2
7.230000000E0	7.763178184E-1	3.650814725E-2
7.240000000E0	7.739176709E-1	3.589163366E-2
7.250000000E0	7.710651226E-1	3.513010557E-2
7.260000000E0	7.684743200E-1	3.455598697E-2
7.270000000E0	7.654529543E-1	3.370564202E-2
7.280000000E0	7.623508998E-1	3.290687260E-2
7.290000000E0	7.591266910E-1	3.211387304E-2
7.300000000E0	7.559940591E-1	3.157240307E-2
7.310000000E0	7.527273880E-1	3.076033648E-2
7.320000000E0	7.491895305E-1	2.978436446E-2
7.330000000E0	7.454920480E-1	2.893897939E-2
7.340000000E0	7.419482560E-1	2.799096638E-2
7.350000000E0	7.379953984E-1	2.697953965E-2
7.360000000E0	7.342151870E-1	2.629984000E-2
7.370000000E0	7.300464578E-1	2.531050557E-2
7.380000000E0	7.258706195E-1	2.449551821E-2
7.390000000E0	7.216438768E-1	2.375836382E-2
7.400000000E0	7.174159983E-1	2.298240193E-2
7.410000000E0	7.131308716E-1	2.204887654E-2
7.420000000E0	7.087303099E-1	2.142170179E-2
7.430000000E0	7.042294690E-1	2.075280475E-2
7.440000000E0	6.995270002E-1	1.982524505E-2
7.450000000E0	6.946528424E-1	1.916312949E-2
7.460000000E0	6.899708000E-1	1.861073994E-2
7.470000000E0	6.848815750E-1	1.777971052E-2
7.480000000E0	6.800857494E-1	1.727796234E-2
7.490000000E0	6.748086113E-1	1.655843593E-2
7.500000000E0	6.698041158E-1	1.615602008E-2
7.510000000E0	6.646760508E-1	1.538537108E-2
7.520000000E0	6.594459434E-1	1.481342889E-2
7.530000000E0	6.541444878E-1	1.444190416E-2
7.540000000E0	6.488959065E-1	1.404326336E-2
7.550000000E0	6.434892992E-1	1.336237624E-2
7.560000000E0	6.379342254E-1	1.300318381E-2
7.570000000E0	6.325421904E-1	1.277160276E-2
7.580000000E0	6.270223107E-1	1.242885752E-2
7.590000000E0	6.216755926E-1	1.235457804E-2
7.600000000E0	6.161570342E-1	1.258931030E-2
7.610000000E0	6.105718699E-1	1.221934199E-2
7.620000000E0	6.051479072E-1	1.193123276E-2
7.630000000E0	5.996818565E-1	1.184846310E-2
7.640000000E0	5.941543224E-1	1.176400755E-2
7.650000000E0	5.887401507E-1	1.184489536E-2
7.660000000E0	5.833166016E-1	1.159670842E-2
7.670000000E0	5.777880157E-1	1.148199268E-2
7.680000000E0	5.722061512E-1	1.153912550E-2
7.690000000E0	5.667320698E-1	1.156191454E-2
7.700000000E0	5.611345805E-1	1.152928236E-2
7.710000000E0	5.556399668E-1	1.142430328E-2
7.720000000E0	5.500665582E-1	1.150314630E-2
7.730000000E0	5.445636785E-1	1.145493484E-2
7.740000000E0	5.389068546E-1	1.154305856E-2
7.750000000E0	5.332642920E-1	1.167981720E-2
7.760000000E0	5.277709863E-1	1.152308169E-2
7.770000000E0	5.222939082E-1	1.143346231E-2
7.780000000E0	5.167267605E-1	1.159510583E-2
7.790000000E0	5.112501462E-1	1.163621108E-2
7.800000000E0	5.057149134E-1	1.174449620E-2
7.810000000E0	5.004195005E-1	1.190704195E-2
7.820000000E0	4.952569678E-1	1.191370540E-2
7.830000000E0	4.898540086E-1	1.191586056E-2
7.840000000E0	4.843429893E-1	1.193232058E-2
7.850000000E0	4.788792917E-1	1.195442821E-2
7.860000000E0	4.735762068E-1	1.194475903E-2
7.870000000E0	4.683773380E-1	1.228320258E-2
7.880000000E0	4.632502791E-1	1.216246401E-2
7.890000000E0	4.578269932E-1	1.223342841E-2
7.900000000E0	4.524789997E-1	1.229111312E-2
7.910000000E0	4.470787417E-1	1.245529505E-2
7.920000000E0	4.420774734E-1	1.272455950E-2
7.930000000E0	4.368399024E-1	1.278526725E-2
7.940000000E0	4.315803966E-1	1.305683984E-2
7.950000000E0	4.266285609E-1	1.343116475E-2
7.960000000E0	4.215105984E-1	1.378351610E-2
7.970000000E0	4.166787634E-1	1.410777622E-2
7.980000000E0	4.116107717E-1	1.427177454E-2
7.990000000E0	4.067893661E-1	1.440340641E-2
8.000000000E0	4.017048429E-1	1.456997949E-2
8.010000000E0	3.969461505E-1	1.481402109E-2
8.020000000E0	3.922633888E-1	1.526384908E-2
8.030000000E0	3.873489307E-1	1.551708802E-2
8.040000000E0	3.827339997E-1	1.596529466E-2
8.050000000E0	3.781319218E-1	1.646351411E-2
8.060000000E0	3.736696700E-1	1.681087981E-2
8.070000000E0	3.692599738E-1	1.727027226E-2
8.080000000E0	3.648372820E-1	1.758970552E-2
8.090000000E0	3.604905473E-1	1.827055157E-2
8.100000000E0	3.561039887E-1	1.865578860E-2
8.110000000E0	3.519841331E-1	1.923603469E-2
8.120000000E0	3.478909655E-1	1.987415782E-2
8.130000000E0	3.438756950E-1	2.040964297E-2
8.140000000E0	3.399556515E-1	2.079477760E-2
8.150000000E0	3.360517375E-1	2.154368065E-2
8.160000000E0	3.320794751E-1	2.200174525E-2
8.170000000E0	3.283933005E-1	2.276900898E-2
8.180000000E0	3.248441926E-1	2.334323129E-2
8.190000000E0	3.214689105E-1	2.401886610E-2
8.200000000E0	3.180939450E-1	2.447645696E-2
8.210000000E0	3.149094472E-1	2.509023802E-2
8.220000000E0	3.115846574E-1	2.556667824E-2
8.230000000E0	3.085093365E-1	2.609847672E-2
8.240000000E0	3.052794299E-1	2.644313370E-2
8.250000000E0	3.026493478E-1	2.736173439E-2
8.260000000E0	2.996400749E-1	2.758725191E-2
8.270000000E0	2.972235785E-1	2.824167209E-2
8.280000000E0	2.943903504E-1	2.847960062E-2
8.290000000E0	2.918561950E-1	2.887135848E-2
8.300000000E0	2.895988642E-1	2.941721691E-2
8.310000000E0	2.872705929E-1	2.982326261E-2
8.320000000E0	2.851886158E-1	3.026682575E-2
8.330000000E0	2.830284408E-1	3.066411694E-2
8.340000000E0	2.809681108E-1	3.091976169E-2
8.350000000E0	2.793984140E-1	3.155318758E-2
8.360000000E0	2.775540005E-1	3.178922319E-2
8.370000000E0	2.760601356E-1	3.218144975E-2
8.380000000E0	2.743486017E-1	3.215233347E-2
8.390000000E0	2.731143618E-1	3.249857283E-2
8.400000000E0	2.718787215E-1	3.290873766E-2
8.410000000E0	2.707268876E-1	3.307790311E-2
8.420000000E0	2.696530592E-1	3.315015903E-2
8.430000000E0	2.686776597E-1	3.316557263E-2
8.440000000E0	2.676996440E-1	3.314462677E-2
8.450000000E0	2.673754124E-1	3.369519730E-2
8.460000000E0	2.666713694E-1	3.363840340E-2
8.470000000E0	2.663374922E-1	3.399619898E-2
8.480000000E0	2.659722301E-1	3.420227036E-2
8.490000000E0	2.656437862E-1	3.395514740E-2
8.500000000E0	2.654391132E-1	3.401918459E-2
8.510000000E0	2.654194530E-1	3.401918908E-2
8.520000000E0	2.655108675E-1	3.401141072E-2
8.530000000E0	2.658863378E-1	3.422614658E-2
8.540000000E0	2.663696111E-1	3.399121364E-2
8.550000000E0	2.668363425E-1	3.382388503E-2
8.560000000E0	2.674853154E-1	3.394348562E-2
8.570000000E0	2.683504826E-1	3.397032188E-2
8.580000000E0	2.688291643E-1	3.342831425E-2
8.590000000E0	2.697956142E-1	3.313249928E-2
8.600000000E0	2.708461136E-1	3.296758344E-2
8.610000000E0	2.720427202E-1	3.286299886E-2
8.620000000E0	2.733559589E-1	3.253655749E-2
8.630000000E0	2.750038011E-1	3.261183583E-2
8.640000000E0	2.763235664E-1	3.209764619E-2
8.650000000E0	2.779215112E-1	3.170591364E-2
8.660000000E0	2.796355952E-1	3.153305475E-2
8.670000000E0	2.813840796E-1	3.128421604E-2
8.680000000E0	2.832953982E-1	3.065531526E-2
8.690000000E0	2.851927697E-1	3.006318720E-2
8.700000000E0	2.874240757E-1	2.961226695E-2
8.710000000E0	2.897122705E-1	2.913630905E-2
8.720000000E0	2.919649510E-1	2.865027569E-2
8.730000000E0	2.944245083E-1	2.824728007E-2
8.740000000E0	2.970791961E-1	2.783672743E-2
8.750000000E0	2.996913827E-1	2.724494254E-2
8.760000000E0	3.025926719E-1	2.679857092E-2
8.770000000E0	3.053392613E-1	2.611832234E-2
8.780000000E0	3.083454663E-1	2.557310168E-2
8.790000000E0	3.115565942E-1	2.517395796E-2
8.800000000E0	3.148475923E-1	2.474025053E-2
8.810000000E0	3.181061609E-1	2.421057689E-2
8.820000000E0	3.215893397E-1	2.368925986E-2
8.830000000E0	3.249442007E-1	2.313304864E-2
8.840000000E0	3.283611869E-1	2.233586859E-2
8.850000000E0	3.318775118E-1	2.179101546E-2
8.860000000E0	3.354193370E-1	2.104889379E-2
8.870000000E0	3.392855772E-1	2.069705195E-2
8.880000000E0	3.428904609E-1	2.008894166E-2
8.890000000E0	3.469619180E-1	1.967639877E-2
8.900000000E0	3.506548741E-1	1.901750456E-2
8.910000000E0	3.547990408E-1	1.846478504E-2
8.920000000E0	3.589432704E-1	1.799082387E-2
8.930000000E0	3.629408310E-1	1.736682781E-2
8.940000000E0	3.671311912E-1	1.702085271E-2
8.950000000E0	3.714323045E-1	1.647532703E-2
8.960000000E0	3.757920046E-1	1.627354872E-2
8.970000000E0	3.801863804E-1	1.580012088E-2
8.980000000E0	3.846506394E-1	1.528446286E-2
8.990000000E0	3.891746402E-1	1.505578442E-2
9.000000000E0	3.936118198E-1	1.469731877E-2
9.010000000E0	3.980702406E-1	1.421675817E-2
9.020000000E0	4.025750518E-1	1.397097949E-2
9.030000000E0	4.071307259E-1	1.384840879E-2
9.040000000E0	4.116546031E-1	1.354332779E-2
9.050000000E0	4.162895659E-1	1.317065462E-2
9.060000000E0	4.209975608E-1	1.332113789E-2
9.070000000E0	4.257948756E-1	1.320473648E-2
9.080000000E0	4.304263788E-1	1.283082389E-2
9.090000000E0	4.352044586E-1	1.221751309E-2
9.100000000E0	4.401388428E-1	1.205581682E-2
9.110000000E0	4.448617462E-1	1.185549413E-2
9.120000000E0	4.499672679E-1	1.169097720E-2
9.130000000E0	4.548530641E-1	1.177748882E-2
9.140000000E0	4.597265654E-1	1.181153849E-2
9.150000000E0	4.645548988E-1	1.173438406E-2
9.160000000E0	4.693002719E-1	1.168468880E-2
9.170000000E0	4.741972199E-1	1.167136722E-2
9.180000000E0	4.789822518E-1	1.164730775E-2
9.190000000E0	4.839151590E-1	1.181603457E-2
9.200000000E0	4.888471288E-1	1.178984172E-2
9.210000000E0	4.937668365E-1	1.185825660E-2
9.220000000E0	4.987185579E-1	1.185914395E-2
9.230000000E0	5.034028754E-1	1.187301595E-2
9.240000000E0	5.083672239E-1	1.195826963E-2
9.250000000E0	5.131481607E-1	1.190080198E-2
9.260000000E0	5.178233953E-1	1.187522561E-2
9.270000000E0	5.227600816E-1	1.205250722E-2
9.280000000E0	5.274934640E-1	1.196526742E-2
9.290000000E0	5.322246953E-1	1.190129687E-2
9.300000000E0	5.372601809E-1	1.204992205E-2
9.310000000E0	5.419405793E-1	1.195965632E-2
9.320000000E0	5.465063796E-1	1.188393109E-2
9.330000000E0	5.514499392E-1	1.204216981E-2
9.340000000E0	5.562549855E-1	1.202594270E-2
9.350000000E0	5.608795607E-1	1.198194510E-2
9.360000000E0	5.656156201E-1	1.190366008E-2
9.370000000E0	5.700342032E-1	1.197657153E-2
9.380000000E0	5.747414057E-1	1.217346111E-2
9.390000000E0	5.794839581E-1	1.206823985E-2
9.400000000E0	5.840085834E-1	1.204360504E-2
9.410000000E0	5.885405385E-1	1.201787064E-2
9.420000000E0	5.931048895E-1	1.215426681E-2
9.430000000E0	5.977731620E-1	1.215409522E-2
9.440000000E0	6.025112148E-1	1.211673394E-2
9.450000000E0	6.069602192E-1	1.238464861E-2
9.460000000E0	6.115125335E-1	1.246297363E-2
9.470000000E0	6.160893445E-1	1.287898330E-2
9.480000000E0	6.204993928E-1	1.295736335E-2
9.490000000E0	6.249719691E-1	1.286442311E-2
9.500000000E0	6.294629790E-1	1.306097186E-2
9.510000000E0	6.338706812E-1	1.314154133E-2
9.520000000E0	6.384422034E-1	1.313851712E-2
9.530000000E0	6.429586898E-1	1.378705522E-2
9.540000000E0	6.471607141E-1	1.423927607E-2
9.550000000E0	6.514659209E-1	1.454955925E-2
9.560000000E0	6.557648082E-1	1.486238263E-2
9.570000000E0	6.598287393E-1	1.538344499E-2
9.580000000E0	6.638031502E-1	1.554855290E-2
9.590000000E0	6.679600301E-1	1.613189509E-2
9.600000000E0	6.717597047E-1	1.644618081E-2
9.610000000E0	6.757336287E-1	1.712302091E-2
9.620000000E0	6.793724064E-1	1.756660205E-2
9.630000000E0	6.831999447E-1	1.825228248E-2
9.640000000E0	6.868159489E-1	1.868801033E-2
9.650000000E0	6.902990041E-1	1.926369618E-2
9.660000000E0	6.936106046E-1	1.973725731E-2
9.670000000E0	6.969758241E-1	2.028692627E-2
9.680000000E0	7.001946748E-1	2.088472154E-2
9.690000000E0	7.034368276E-1	2.158585683E-2
9.700000000E0	7.066564799E-1	2.204867168E-2
9.710000000E0	7.096395944E-1	2.272769811E-2
9.720000000E0	7.124231202E-1	2.308105990E-2
