mass_A
t	x	y
0.000000000E0	-1.238066983E-4	1.361030708E-1
1.000000000E-2	-2.262758381E-5	1.361792265E-1
2.000000000E-2	6.695341203E-4	1.361046330E-1
3.000000000E-2	1.485623273E-3	1.353020381E-1
4.000000000E-2	2.390544834E-3	1.342927420E-1
5.000000000E-2	4.036172469E-3	1.331748201E-1
6.000000000E-2	6.158649391E-3	1.319429065E-1
7.000000000E-2	8.602571850E-3	1.306764201E-1
8.000000000E-2	1.105473037E-2	1.288368904E-1
9.000000000E-2	1.411945701E-2	1.271107614E-1
1.000000000E-1	1.705927229E-2	1.252446817E-1
1.100000000E-1	2.035570222E-2	1.230571494E-1
1.200000000E-1	2.427217818E-2	1.205964773E-1
1.300000000E-1	2.847929644E-2	1.182077757E-1
1.400000000E-1	3.270496839E-2	1.155472357E-1
1.500000000E-1	3.730136057E-2	1.129461024E-1
1.600000000E-1	4.255367904E-2	1.113193185E-1
1.700000000E-1	4.849118719E-2	1.098855271E-1
1.800000000E-1	5.385937226E-2	1.070733733E-1
1.900000000E-1	5.952545133E-2	1.031484352E-1
2.000000000E-1	6.497953257E-2	9.891629840E-2
2.100000000E-1	7.156134292E-2	9.567367223E-2
2.200000000E-1	7.822970778E-2	9.210227692E-2
2.300000000E-1	8.505713150E-2	8.857294269E-2
2.400000000E-1	9.197184352E-2	8.506043795E-2
2.500000000E-1	9.932281278E-2	8.192523781E-2
2.600000000E-1	1.068560321E-1	7.886545602E-2
2.700000000E-1	1.146456356E-1	7.556313377E-2
2.800000000E-1	1.223580976E-1	7.232259739E-2
2.900000000E-1	1.302843856E-1	6.887856368E-2
3.000000000E-1	1.383875346E-1	6.552521914E-2
3.100000000E-1	1.467236961E-1	6.295785950E-2
3.200000000E-1	1.552199573E-1	5.993597315E-2
3.300000000E-1	1.637611160E-1	5.659701493E-2
3.400000000E-1	1.722834338E-1	5.370389892E-2
3.500000000E-1	1.813426052E-1	5.078395681E-2
3.600000000E-1	1.902119331E-1	4.782336509E-2
3.700000000E-1	1.991880073E-1	4.536235940E-2
3.800000000E-1	2.085691054E-1	4.296004989E-2
3.900000000E-1	2.175680274E-1	4.027370392E-2
4.000000000E-1	2.267566385E-1	3.891044203E-2
4.100000000E-1	2.361947879E-1	3.792637360E-2
4.200000000E-1	2.453924195E-1	3.467523335E-2
4.300000000E-1	2.551182641E-1	3.152181878E-2
4.400000000E-1	2.650089304E-1	2.927495361E-2
4.500000000E-1	2.749905705E-1	2.711480434E-2
4.600000000E-1	2.849254224E-1	2.499121069E-2
4.700000000E-1	2.950817248E-1	2.273394539E-2
4.800000000E-1	3.051784375E-1	2.070619178E-2
4.900000000E-1	3.157433190E-1	1.909068610E-2
5.000000000E-1	3.260481487E-1	1.735965074E-2
5.100000000E-1	3.365488099E-1	1.583056878E-2
5.200000000E-1	3.470906872E-1	1.426018954E-2
5.300000000E-1	3.577880804E-1	1.282764602E-2
5.400000000E-1	3.681812760E-1	1.166182710E-2
5.500000000E-1	3.789227758E-1	1.027390318E-2
5.600000000E-1	3.896165163E-1	9.342240525E-3
5.700000000E-1	4.003394478E-1	8.274699316E-3
5.800000000E-1	4.109604504E-1	7.768485447E-3
5.900000000E-1	4.218759182E-1	9.337077502E-3
6.000000000E-1	4.326215371E-1	8.023440472E-3
6.100000000E-1	4.439729263E-1	6.538956958E-3
6.200000000E-1	4.550542763E-1	6.645962595E-3
6.300000000E-1	4.660209361E-1	6.509664943E-3
6.400000000E-1	4.767159420E-1	5.948106006E-3
6.500000000E-1	4.872717106E-1	5.938022326E-3
6.600000000E-1	4.982147717E-1	5.787176128E-3
6.700000000E-1	5.090473163E-1	5.742045595E-3
6.800000000E-1	5.197772996E-1	5.689898888E-3
6.900000000E-1	5.304444352E-1	5.760222708E-3
7.000000000E-1	5.413119078E-1	5.777784497E-3
7.100000000E-1	5.521582446E-1	5.889260016E-3
7.200000000E-1	5.628209224E-1	5.845434458E-3
7.300000000E-1	5.734568009E-1	6.373385795E-3
7.400000000E-1	5.839062211E-1	6.734536015E-3
7.500000000E-1	5.943977731E-1	6.798211680E-3
7.600000000E-1	6.045380514E-1	7.319680614E-3
7.700000000E-1	6.149451979E-1	9.248402186E-3
7.800000000E-1	6.254991800E-1	8.168200492E-3
7.900000000E-1	6.361626490E-1	8.139671284E-3
8.000000000E-1	6.467777622E-1	8.894941330E-3
8.100000000E-1	6.571725334E-1	9.724382540E-3
8.200000000E-1	6.673755532E-1	1.092704204E-2
8.300000000E-1	6.774690675E-1	1.217990078E-2
8.400000000E-1	6.874022416E-1	1.346052704E-2
8.500000000E-1	6.972916441E-1	1.475498417E-2
8.600000000E-1	7.070898744E-1	1.644386842E-2
8.700000000E-1	7.167690414E-1	1.801265465E-2
8.800000000E-1	7.261209301E-1	1.987071766E-2
8.900000000E-1	7.356539679E-1	2.139998285E-2
9.000000000E-1	7.448443461E-1	2.337190972E-2
9.100000000E-1	7.537934623E-1	2.531959952E-2
9.200000000E-1	7.627395282E-1	2.731539498E-2
9.300000000E-1	7.715677642E-1	2.944230889E-2
9.400000000E-1	7.801164526E-1	3.133066107E-2
9.500000000E-1	7.885643084E-1	3.355848840E-2
9.600000000E-1	7.961963907E-1	3.716974058E-2
9.700000000E-1	8.047420534E-1	3.907771961E-2
9.800000000E-1	8.128623666E-1	4.024039988E-2
9.900000000E-1	8.208898325E-1	4.229478926E-2
1.000000000E0	8.285018511E-1	4.443895802E-2
1.010000000E0	8.362279659E-1	4.665791524E-2
1.020000000E0	8.433984844E-1	4.874323889E-2
1.030000000E0	8.502328427E-1	5.097627082E-2
1.040000000E0	8.567115565E-1	5.315445450E-2
1.050000000E0	8.630877695E-1	5.493956214E-2
1.060000000E0	8.692939742E-1	5.728331350E-2
1.070000000E0	8.752517194E-1	5.957409933E-2
1.080000000E0	8.810144930E-1	6.185258147E-2
1.090000000E0	8.865594576E-1	6.428637487E-2
1.100000000E0	8.919431830E-1	6.638493155E-2
1.110000000E0	8.972581690E-1	6.826239677E-2
1.120000000E0	9.025894619E-1	7.021191540E-2
1.130000000E0	9.073865990E-1	7.230019561E-2
1.140000000E0	9.119106661E-1	7.430918243E-2
1.150000000E0	9.161866166E-1	7.623949322E-2
1.160000000E0	9.204214107E-1	7.838223222E-2
1.170000000E0	9.242806495E-1	8.055362699E-2
1.180000000E0	9.279674447E-1	8.202431578E-2
1.190000000E0	9.313431166E-1	8.371168268E-2
1.200000000E0	9.347737319E-1	8.518753560E-2
1.210000000E0	9.379420137E-1	8.638320807E-2
1.220000000E0	9.408348681E-1	8.764100632E-2
1.230000000E0	9.432163240E-1	8.879372450E-2
1.240000000E0	9.457909684E-1	8.985587366E-2
1.250000000E0	9.480286791E-1	9.077727718E-2
1.260000000E0	9.501205547E-1	9.178479191E-2
1.270000000E0	9.517634508E-1	9.270094170E-2
1.280000000E0	9.534522456E-1	9.335275849E-2
1.290000000E0	9.547121339E-1	9.398829374E-2
1.300000000E0	9.558121652E-1	9.446693787E-2
1.310000000E0	9.567394341E-1	9.485298338E-2
1.320000000E0	9.575778051E-1	9.535718882E-2
1.330000000E0	9.581244330E-1	9.525878786E-2
1.340000000E0	9.582433586E-1	9.527545273E-2
1.350000000E0	9.581719234E-1	9.518956052E-2
1.360000000E0	9.580150927E-1	9.513034777E-2
1.370000000E0	9.577554688E-1	9.502180196E-2
1.380000000E0	9.569654199E-1	9.456665051E-2
1.390000000E0	9.559594872E-1	9.401300457E-2
1.400000000E0	9.548977404E-1	9.335361520E-2
1.410000000E0	9.534387348E-1	9.286072522E-2
1.420000000E0	9.516473573E-1	9.192499197E-2
1.430000000E0	9.496475452E-1	9.098182910E-2
1.440000000E0	9.474135912E-1	8.981840015E-2
1.450000000E0	9.450509435E-1	8.874845599E-2
1.460000000E0	9.425962375E-1	8.754120738E-2
1.470000000E0	9.399889990E-1	8.638610435E-2
1.480000000E0	9.370269991E-1	8.512741049E-2
1.490000000E0	9.339500186E-1	8.371239849E-2
1.500000000E0	9.306092221E-1	8.228141027E-2
1.510000000E0	9.270930574E-1	8.083345014E-2
1.520000000E0	9.235728673E-1	7.901444299E-2
1.530000000E0	9.195069664E-1	7.720565589E-2
1.540000000E0	9.154115376E-1	7.580786830E-2
1.550000000E0	9.110410512E-1	7.426252448E-2
1.560000000E0	9.065531819E-1	7.242290683E-2
1.570000000E0	9.018443844E-1	7.061909054E-2
1.580000000E0	8.970350268E-1	6.856302362E-2
1.590000000E0	8.919362180E-1	6.657094234E-2
1.600000000E0	8.866479365E-1	6.462516189E-2
1.610000000E0	8.811177164E-1	6.245767992E-2
1.620000000E0	8.752765723E-1	6.041341934E-2
1.630000000E0	8.695623470E-1	5.868344485E-2
1.640000000E0	8.634628434E-1	5.686840206E-2
1.650000000E0	8.573037536E-1	5.468563822E-2
1.660000000E0	8.507769559E-1	5.271113524E-2
1.670000000E0	8.442943245E-1	5.099400846E-2
1.680000000E0	8.376910707E-1	4.890533730E-2
1.690000000E0	8.309188255E-1	4.664931574E-2
1.700000000E0	8.240677324E-1	4.458225406E-2
1.710000000E0	8.169599861E-1	4.253578386E-2
1.720000000E0	8.097863069E-1	4.073515171E-2
1.730000000E0	8.024258187E-1	3.930360196E-2
1.740000000E0	7.951759479E-1	3.734743087E-2
1.750000000E0	7.878702675E-1	3.482461021E-2
1.760000000E0	7.802311278E-1	3.256722733E-2
1.770000000E0	7.726151728E-1	3.054665217E-2
1.780000000E0	7.646211804E-1	2.855204688E-2
1.790000000E0	7.566392595E-1	2.662079369E-2
1.800000000E0	7.485584549E-1	2.489878377E-2
1.810000000E0	7.400326395E-1	2.278040385E-2
1.820000000E0	7.315902274E-1	2.115558007E-2
1.830000000E0	7.229742551E-1	1.936426734E-2
1.840000000E0	7.143157253E-1	1.781028974E-2
1.850000000E0	7.056797099E-1	1.605026277E-2
1.860000000E0	6.969986020E-1	1.460151177E-2
1.870000000E0	6.882796982E-1	1.342193022E-2
1.880000000E0	6.794399001E-1	1.224628499E-2
1.890000000E0	6.706100940E-1	1.113350356E-2
1.900000000E0	6.617409030E-1	9.985454178E-3
1.910000000E0	6.527610502E-1	9.141018354E-3
1.920000000E0	6.433786622E-1	8.226086479E-3
1.930000000E0	6.341675184E-1	7.984973505E-3
1.940000000E0	6.248437469E-1	8.172108875E-3
1.950000000E0	6.154604666E-1	9.072938406E-3
1.960000000E0	6.064814625E-1	8.015967143E-3
1.970000000E0	5.972793392E-1	7.760458267E-3
1.980000000E0	5.886218387E-1	7.811842940E-3
1.990000000E0	5.793897573E-1	7.759353448E-3
2.000000000E0	5.701896311E-1	7.192110787E-3
2.010000000E0	5.613696534E-1	6.932233233E-3
2.020000000E0	5.524316397E-1	6.754730481E-3
2.030000000E0	5.434713671E-1	6.790621774E-3
2.040000000E0	5.344791958E-1	6.642466521E-3
2.050000000E0	5.255320476E-1	6.673793766E-3
2.060000000E0	5.165490291E-1	6.850797880E-3
2.070000000E0	5.073288073E-1	6.728678258E-3
2.080000000E0	4.983492136E-1	6.763326930E-3
2.090000000E0	4.892954200E-1	6.788885461E-3
2.100000000E0	4.804583418E-1	6.872659653E-3
2.110000000E0	4.716467002E-1	7.002592218E-3
2.120000000E0	4.628149018E-1	7.236593332E-3
2.130000000E0	4.541425929E-1	7.543533216E-3
2.140000000E0	4.453057682E-1	7.889524007E-3
2.150000000E0	4.365622994E-1	8.146817010E-3
2.160000000E0	4.281193853E-1	9.227276017E-3
2.170000000E0	4.193969282E-1	9.386317356E-3
2.180000000E0	4.106991861E-1	9.493470872E-3
2.190000000E0	4.024960965E-1	9.926614523E-3
2.200000000E0	3.937426435E-1	1.068285272E-2
2.210000000E0	3.852745449E-1	1.130697161E-2
2.220000000E0	3.769617725E-1	1.201770812E-2
2.230000000E0	3.687570169E-1	1.266620933E-2
2.240000000E0	3.606851640E-1	1.349978264E-2
2.250000000E0	3.524355875E-1	1.454104738E-2
2.260000000E0	3.445296140E-1	1.573171370E-2
2.270000000E0	3.368190809E-1	1.675327862E-2
2.280000000E0	3.291639744E-1	1.782002345E-2
2.290000000E0	3.215153318E-1	1.885305341E-2
2.300000000E0	3.139913349E-1	1.996005134E-2
2.310000000E0	3.066502935E-1	2.132628786E-2
2.320000000E0	2.993495137E-1	2.233901205E-2
2.330000000E0	2.921983839E-1	2.360241673E-2
2.340000000E0	2.852201932E-1	2.520806238E-2
2.350000000E0	2.783752423E-1	2.664501529E-2
2.360000000E0	2.716011782E-1	2.792052830E-2
2.370000000E0	2.649930680E-1	2.921761921E-2
2.380000000E0	2.584897634E-1	3.081212211E-2
2.390000000E0	2.519647684E-1	3.221232749E-2
2.400000000E0	2.460902521E-1	3.429019513E-2
2.410000000E0	2.402644379E-1	3.648981894E-2
2.420000000E0	2.345670740E-1	3.801275419E-2
2.430000000E0	2.286552378E-1	3.907137917E-2
2.440000000E0	2.230750353E-1	4.017177542E-2
2.450000000E0	2.176907960E-1	4.152297186E-2
2.460000000E0	2.127430447E-1	4.315083041E-2
2.470000000E0	2.076868363E-1	4.429172993E-2
2.480000000E0	2.026877250E-1	4.580332452E-2
2.490000000E0	1.984807786E-1	4.751446513E-2
2.500000000E0	1.938353810E-1	4.837418612E-2
2.510000000E0	1.890058801E-1	4.978817306E-2
2.520000000E0	1.845463934E-1	5.103430200E-2
2.530000000E0	1.802588924E-1	5.233477660E-2
2.540000000E0	1.766264305E-1	5.387621235E-2
2.550000000E0	1.729733767E-1	5.540374548E-2
2.560000000E0	1.692791350E-1	5.628130559E-2
2.570000000E0	1.656861482E-1	5.752998141E-2
2.580000000E0	1.624455576E-1	5.854478188E-2
2.590000000E0	1.594780335E-1	5.954495747E-2
2.600000000E0	1.566581520E-1	6.059886146E-2
2.610000000E0	1.542367317E-1	6.192455276E-2
2.620000000E0	1.513970287E-1	6.257113071E-2
2.630000000E0	1.490972364E-1	6.323116138E-2
2.640000000E0	1.471702127E-1	6.395841219E-2
2.650000000E0	1.448744443E-1	6.454044785E-2
2.660000000E0	1.434593048E-1	6.528188838E-2
2.670000000E0	1.417785754E-1	6.552143246E-2
2.680000000E0	1.403026526E-1	6.628423519E-2
2.690000000E0	1.391575575E-1	6.663349054E-2
2.700000000E0	1.380175691E-1	6.678662444E-2
2.710000000E0	1.377179259E-1	6.745848654E-2
2.720000000E0	1.369514445E-1	6.752796507E-2
2.730000000E0	1.367190056E-1	6.763641116E-2
2.740000000E0	1.365998633E-1	6.779383757E-2
2.750000000E0	1.367264599E-1	6.764941142E-2
2.760000000E0	1.368904710E-1	6.752636779E-2
2.770000000E0	1.374614976E-1	6.732197142E-2
2.780000000E0	1.378975362E-1	6.724928816E-2
2.790000000E0	1.387289115E-1	6.690399335E-2
2.800000000E0	1.398679534E-1	6.652002279E-2
2.810000000E0	1.410650778E-1	6.590995436E-2
2.820000000E0	1.425223744E-1	6.515193339E-2
2.830000000E0	1.442202917E-1	6.457586965E-2
2.840000000E0	1.462427523E-1	6.373115713E-2
2.850000000E0	1.480029250E-1	6.316170010E-2
2.860000000E0	1.502050631E-1	6.214595743E-2
2.870000000E0	1.525057599E-1	6.114752494E-2
2.880000000E0	1.554139546E-1	6.070141037E-2
2.890000000E0	1.581610537E-1	5.953691522E-2
2.900000000E0	1.610962127E-1	5.857001227E-2
2.910000000E0	1.643097373E-1	5.762421224E-2
2.920000000E0	1.676790763E-1	5.658926687E-2
2.930000000E0	1.711410310E-1	5.534823882E-2
2.940000000E0	1.747052777E-1	5.420918324E-2
2.950000000E0	1.787019961E-1	5.305646602E-2
2.960000000E0	1.825534371E-1	5.143934776E-2
2.970000000E0	1.866536794E-1	5.003513798E-2
2.980000000E0	1.910629299E-1	4.868749092E-2
2.990000000E0	1.954310079E-1	4.750729095E-2
3.000000000E0	1.999623322E-1	4.616933875E-2
3.010000000E0	2.045478230E-1	4.490196291E-2
3.020000000E0	2.095793959E-1	4.351155207E-2
3.030000000E0	2.145142569E-1	4.203045097E-2
3.040000000E0	2.197374369E-1	4.089452640E-2
3.050000000E0	2.249651666E-1	3.976699826E-2
3.060000000E0	2.304959330E-1	3.885569144E-2
3.070000000E0	2.360903149E-1	3.784904640E-2
3.080000000E0	2.419126830E-1	3.605810763E-2
3.090000000E0	2.475691583E-1	3.425414207E-2
3.100000000E0	2.537260085E-1	3.286112143E-2
3.110000000E0	2.598020135E-1	3.136097794E-2
3.120000000E0	2.660758324E-1	2.997946483E-2
3.130000000E0	2.727612885E-1	2.884653655E-2
3.140000000E0	2.790346795E-1	2.743771708E-2
3.150000000E0	2.858910399E-1	2.598761239E-2
3.160000000E0	2.927359651E-1	2.449410233E-2
3.170000000E0	2.994873749E-1	2.323768311E-2
3.180000000E0	3.064313459E-1	2.188229154E-2
3.190000000E0	3.134203582E-1	2.092532194E-2
3.200000000E0	3.204421936E-1	1.991780667E-2
3.210000000E0	3.275926214E-1	1.889844840E-2
3.220000000E0	3.348036960E-1	1.781339780E-2
3.230000000E0	3.420401812E-1	1.679243531E-2
3.240000000E0	3.493716543E-1	1.569509068E-2
3.250000000E0	3.567794742E-1	1.480822972E-2
3.260000000E0	3.643414234E-1	1.388638131E-2
3.270000000E0	3.717948051E-1	1.273431174E-2
3.280000000E0	3.798911476E-1	1.216825475E-2
3.290000000E0	3.874799379E-1	1.160118227E-2
3.300000000E0	3.954280692E-1	1.087603237E-2
3.310000000E0	4.032783574E-1	1.014858519E-2
3.320000000E0	4.109247093E-1	9.878452043E-3
3.330000000E0	4.187925378E-1	9.353532685E-3
3.340000000E0	4.266308755E-1	9.216505597E-3
3.350000000E0	4.343578891E-1	8.419174874E-3
3.360000000E0	4.423091556E-1	7.995289583E-3
3.370000000E0	4.500326125E-1	7.619279488E-3
3.380000000E0	4.577799599E-1	7.419097624E-3
3.390000000E0	4.657949877E-1	7.571654348E-3
3.400000000E0	4.736775611E-1	7.388603059E-3
3.410000000E0	4.815977181E-1	7.253537970E-3
3.420000000E0	4.894769912E-1	6.832875646E-3
3.430000000E0	4.973321466E-1	6.840547676E-3
3.440000000E0	5.052391915E-1	6.999089081E-3
3.450000000E0	5.132663642E-1	7.063671056E-3
3.460000000E0	5.213930701E-1	6.899064567E-3
3.470000000E0	5.292145953E-1	6.977256752E-3
3.480000000E0	5.370469212E-1	6.845052871E-3
3.490000000E0	5.447543592E-1	6.770835913E-3
3.500000000E0	5.525283492E-1	7.005623372E-3
3.510000000E0	5.602140133E-1	7.191892089E-3
3.520000000E0	5.679192067E-1	7.090783873E-3
3.530000000E0	5.755468989E-1	7.432155053E-3
3.540000000E0	5.832369225E-1	7.705563744E-3
3.550000000E0	5.909995883E-1	7.801635182E-3
3.560000000E0	5.981938616E-1	7.940931658E-3
3.570000000E0	6.057370570E-1	8.028543190E-3
3.580000000E0	6.132911996E-1	9.096683276E-3
3.590000000E0	6.209650528E-1	9.095927293E-3
3.600000000E0	6.286991094E-1	8.970512689E-3
3.610000000E0	6.362637923E-1	9.394391394E-3
3.620000000E0	6.439846506E-1	9.811772118E-3
3.630000000E0	6.513380492E-1	1.016987023E-2
3.640000000E0	6.586374708E-1	1.080957859E-2
3.650000000E0	6.660374592E-1	1.147854692E-2
3.660000000E0	6.730813754E-1	1.229458435E-2
3.670000000E0	6.801266081E-1	1.324154106E-2
3.680000000E0	6.870999291E-1	1.417654681E-2
3.690000000E0	6.939433436E-1	1.525546418E-2
3.700000000E0	7.006600721E-1	1.644019970E-2
3.710000000E0	7.073573614E-1	1.748706323E-2
3.720000000E0	7.139065438E-1	1.868664764E-2
3.730000000E0	7.204405548E-1	1.981454655E-2
3.740000000E0	7.268976044E-1	2.099848594E-2
3.750000000E0	7.332329048E-1	2.231913315E-2
3.760000000E0	7.395074634E-1	2.347497252E-2
3.770000000E0	7.456881858E-1	2.463231733E-2
3.780000000E0	7.515451014E-1	2.588653194E-2
3.790000000E0	7.571758677E-1	2.717349314E-2
3.800000000E0	7.627633423E-1	2.802280790E-2
3.810000000E0	7.681735779E-1	2.907435463E-2
3.820000000E0	7.735780990E-1	3.031069853E-2
3.830000000E0	7.788373297E-1	3.151159989E-2
3.840000000E0	7.837737332E-1	3.267186715E-2
3.850000000E0	7.887268724E-1	3.419885210E-2
3.860000000E0	7.930099946E-1	3.590477178E-2
3.870000000E0	7.977517759E-1	3.762432926E-2
3.880000000E0	8.021679150E-1	3.892395768E-2
3.890000000E0	8.065373130E-1	3.957847042E-2
3.900000000E0	8.107524342E-1	4.067737704E-2
3.910000000E0	8.148581797E-1	4.170857450E-2
3.920000000E0	8.185807076E-1	4.268754403E-2
3.930000000E0	8.222007601E-1	4.350570434E-2
3.940000000E0	8.258275157E-1	4.441847288E-2
3.950000000E0	8.289719018E-1	4.535407692E-2
3.960000000E0	8.321091643E-1	4.639531190E-2
3.970000000E0	8.350271435E-1	4.716810330E-2
3.980000000E0	8.377900207E-1	4.803815337E-2
3.990000000E0	8.404391535E-1	4.871128827E-2
4.000000000E0	8.430788601E-1	4.974537371E-2
4.010000000E0	8.453491495E-1	5.072884011E-2
4.020000000E0	8.474819457E-1	5.158072869E-2
4.030000000E0	8.497253331E-1	5.230156477E-2
4.040000000E0	8.517733809E-1	5.308109809E-2
4.050000000E0	8.534813622E-1	5.360781774E-2
4.060000000E0	8.548633935E-1	5.422802955E-2
4.070000000E0	8.563867942E-1	5.463159504E-2
4.080000000E0	8.575280953E-1	5.519887584E-2
4.090000000E0	8.587375322E-1	5.540708933E-2
4.100000000E0	8.598209169E-1	5.570714096E-2
4.110000000E0	8.604502070E-1	5.621670923E-2
4.120000000E0	8.611520852E-1	5.644740049E-2
4.130000000E0	8.617239465E-1	5.659976394E-2
4.140000000E0	8.619342489E-1	5.680705792E-2
4.150000000E0	8.620684004E-1	5.691850957E-2
4.160000000E0	8.620060341E-1	5.677283625E-2
4.170000000E0	8.619253271E-1	5.657024179E-2
4.180000000E0	8.618270328E-1	5.646515566E-2
4.190000000E0	8.615115836E-1	5.627007586E-2
4.200000000E0	8.608579884E-1	5.619901606E-2
4.210000000E0	8.603398434E-1	5.568497487E-2
4.220000000E0	8.595886704E-1	5.537903270E-2
4.230000000E0	8.584624326E-1	5.521675653E-2
4.240000000E0	8.573730164E-1	5.456582614E-2
4.250000000E0	8.559544747E-1	5.415720827E-2
4.260000000E0	8.544402065E-1	5.356016039E-2
4.270000000E0	8.527637415E-1	5.299500793E-2
4.280000000E0	8.508819539E-1	5.220657955E-2
4.290000000E0	8.488109650E-1	5.139579562E-2
4.300000000E0	8.464939883E-1	5.080573162E-2
4.310000000E0	8.442423234E-1	4.993894817E-2
4.320000000E0	8.418787352E-1	4.902615172E-2
4.330000000E0	8.392274819E-1	4.847733017E-2
4.340000000E0	8.364620169E-1	4.759182880E-2
4.350000000E0	8.335173965E-1	4.660669902E-2
4.360000000E0	8.304941119E-1	4.560079417E-2
4.370000000E0	8.274250306E-1	4.481386763E-2
4.380000000E0	8.241942012E-1	4.392888527E-2
4.390000000E0	8.208276465E-1	4.319377826E-2
4.400000000E0	8.170456893E-1	4.210261232E-2
4.410000000E0	8.132472426E-1	4.100599996E-2
4.420000000E0	8.092784883E-1	3.992376381E-2
4.430000000E0	8.053378851E-1	3.912624778E-2
4.440000000E0	8.009940102E-1	3.821606686E-2
4.450000000E0	7.966386913E-1	3.695046577E-2
4.460000000E0	7.923949896E-1	3.556327807E-2
4.470000000E0	7.879732489E-1	3.425284680E-2
4.480000000E0	7.833596890E-1	3.306608794E-2
4.490000000E0	7.785990629E-1	3.164990057E-2
4.500000000E0	7.737240722E-1	3.012749324E-2
4.510000000E0	7.685985133E-1	2.898467396E-2
4.520000000E0	7.634494263E-1	2.779883106E-2
4.530000000E0	7.580137542E-1	2.663056984E-2
4.540000000E0	7.524173034E-1	2.540167950E-2
4.550000000E0	7.468941094E-1	2.415590015E-2
4.560000000E0	7.410936890E-1	2.317135325E-2
4.570000000E0	7.352602177E-1	2.195107116E-2
4.580000000E0	7.292481887E-1	2.064175727E-2
4.590000000E0	7.232257642E-1	1.963940933E-2
4.600000000E0	7.171042694E-1	1.873219487E-2
4.610000000E0	7.107803670E-1	1.779226978E-2
4.620000000E0	7.046353454E-1	1.686449974E-2
4.630000000E0	6.982928258E-1	1.572798672E-2
4.640000000E0	6.918685141E-1	1.487470147E-2
4.650000000E0	6.852385980E-1	1.389240882E-2
4.660000000E0	6.787199561E-1	1.313664657E-2
4.670000000E0	6.720838231E-1	1.222301454E-2
4.680000000E0	6.653083780E-1	1.129637020E-2
4.690000000E0	6.585772544E-1	1.085766398E-2
4.700000000E0	6.517374806E-1	1.014220897E-2
4.710000000E0	6.449256988E-1	9.791736843E-3
4.720000000E0	6.378991066E-1	9.407713937E-3
4.730000000E0	6.309077021E-1	8.968364628E-3
4.740000000E0	6.239461573E-1	8.867960468E-3
4.750000000E0	6.169691148E-1	9.087888504E-3
4.760000000E0	6.099033331E-1	8.771609857E-3
4.770000000E0	6.032583196E-1	8.092044188E-3
4.780000000E0	5.962791920E-1	8.044718466E-3
4.790000000E0	5.897915758E-1	7.982044921E-3
4.800000000E0	5.826446783E-1	7.886290974E-3
4.810000000E0	5.757413551E-1	7.820239155E-3
4.820000000E0	5.690739821E-1	7.733589337E-3
4.830000000E0	5.623112967E-1	7.563214342E-3
4.840000000E0	5.555498647E-1	7.646244289E-3
4.850000000E0	5.487658343E-1	7.322704919E-3
4.860000000E0	5.418405078E-1	6.981039365E-3
4.870000000E0	5.348056006E-1	6.923816748E-3
4.880000000E0	5.279691011E-1	6.862256355E-3
4.890000000E0	5.209852212E-1	6.772803586E-3
4.900000000E0	5.138710517E-1	6.752587030E-3
4.910000000E0	5.070812853E-1	6.777618097E-3
4.920000000E0	5.003169895E-1	6.742991271E-3
4.930000000E0	4.934936338E-1	6.698049402E-3
4.940000000E0	4.865587321E-1	6.723714709E-3
4.950000000E0	4.797087786E-1	6.846725959E-3
4.960000000E0	4.729605450E-1	6.882365489E-3
4.970000000E0	4.663115061E-1	7.063555107E-3
4.980000000E0	4.595933699E-1	7.031686735E-3
4.990000000E0	4.530239919E-1	7.537211483E-3
5.000000000E0	4.464357070E-1	7.736994458E-3
5.010000000E0	4.397775823E-1	7.925012952E-3
5.020000000E0	4.331178824E-1	8.225354280E-3
5.030000000E0	4.267457668E-1	9.236579137E-3
5.040000000E0	4.200903751E-1	9.284593805E-3
5.050000000E0	4.134083930E-1	9.277797210E-3
5.060000000E0	4.069586444E-1	9.733286018E-3
5.070000000E0	4.006770565E-1	1.011460095E-2
5.080000000E0	3.943374641E-1	1.067369168E-2
5.090000000E0	3.879985721E-1	1.127841336E-2
5.100000000E0	3.818639453E-1	1.182550496E-2
5.110000000E0	3.758255567E-1	1.228887904E-2
5.120000000E0	3.698739196E-1	1.301199904E-2
5.130000000E0	3.639306345E-1	1.349853324E-2
5.140000000E0	3.580317468E-1	1.441693552E-2
5.150000000E0	3.523821183E-1	1.533077766E-2
5.160000000E0	3.468496986E-1	1.598312587E-2
5.170000000E0	3.413678704E-1	1.664482191E-2
5.180000000E0	3.358842864E-1	1.753106541E-2
5.190000000E0	3.304556552E-1	1.811558718E-2
5.200000000E0	3.251285188E-1	1.896519109E-2
5.210000000E0	3.200409669E-1	1.981074561E-2
5.220000000E0	3.149068549E-1	2.058831423E-2
5.230000000E0	3.101911875E-1	2.127978232E-2
5.240000000E0	3.052370699E-1	2.208855927E-2
5.250000000E0	3.004190930E-1	2.325652003E-2
5.260000000E0	2.957095723E-1	2.436565926E-2
5.270000000E0	2.912962131E-1	2.520450835E-2
5.280000000E0	2.869427706E-1	2.600487984E-2
5.290000000E0	2.825524806E-1	2.676695805E-2
5.300000000E0	2.782642108E-1	2.766904051E-2
5.310000000E0	2.740825054E-1	2.867535886E-2
5.320000000E0	2.701679096E-1	2.949419770E-2
5.330000000E0	2.664150633E-1	3.019493588E-2
5.340000000E0	2.628046610E-1	3.106460727E-2
5.350000000E0	2.591825886E-1	3.196983973E-2
5.360000000E0	2.559410054E-1	3.271089450E-2
5.370000000E0	2.527938010E-1	3.336929711E-2
5.380000000E0	2.495555695E-1	3.423800805E-2
5.390000000E0	2.465144885E-1	3.489933036E-2
5.400000000E0	2.438751562E-1	3.573965235E-2
5.410000000E0	2.411560168E-1	3.652633679E-2
5.420000000E0	2.384406254E-1	3.733287044E-2
5.430000000E0	2.361845006E-1	3.802074291E-2
5.440000000E0	2.339404039E-1	3.869768742E-2
5.450000000E0	2.318214026E-1	3.906719955E-2
5.460000000E0	2.297189323E-1	3.936861578E-2
5.470000000E0	2.279449999E-1	3.981429956E-2
5.480000000E0	2.262229877E-1	4.020877506E-2
5.490000000E0	2.246315146E-1	4.053648958E-2
5.500000000E0	2.231210563E-1	4.100849967E-2
5.510000000E0	2.218726439E-1	4.125972249E-2
5.520000000E0	2.207824612E-1	4.154389013E-2
5.530000000E0	2.198128054E-1	4.173292655E-2
5.540000000E0	2.187828698E-1	4.199562711E-2
5.550000000E0	2.181934974E-1	4.231265007E-2
5.560000000E0	2.175942346E-1	4.230292867E-2
5.570000000E0	2.171609899E-1	4.251989073E-2
5.580000000E0	2.168302851E-1	4.225436516E-2
5.590000000E0	2.164800616E-1	4.228057086E-2
5.600000000E0	2.164857824E-1	4.222479942E-2
5.610000000E0	2.164818752E-1	4.218975366E-2
5.620000000E0	2.165895480E-1	4.216352020E-2
5.630000000E0	2.170192254E-1	4.189222363E-2
5.640000000E0	2.175009933E-1	4.201537882E-2
5.650000000E0	2.181387834E-1	4.186251351E-2
5.660000000E0	2.186130465E-1	4.156714507E-2
5.670000000E0	2.196716889E-1	4.118137378E-2
5.680000000E0	2.208009355E-1	4.103020159E-2
5.690000000E0	2.219494524E-1	4.071825215E-2
5.700000000E0	2.231174309E-1	4.048440149E-2
5.710000000E0	2.244951011E-1	3.988538825E-2
5.720000000E0	2.261600029E-1	3.938358238E-2
5.730000000E0	2.278181627E-1	3.902896251E-2
5.740000000E0	2.297607013E-1	3.887209314E-2
5.750000000E0	2.317650378E-1	3.872770679E-2
5.760000000E0	2.340755444E-1	3.809057636E-2
5.770000000E0	2.362552223E-1	3.778146431E-2
5.780000000E0	2.390397392E-1	3.700718735E-2
5.790000000E0	2.415869961E-1	3.604130942E-2
5.800000000E0	2.441247820E-1	3.528876837E-2
5.810000000E0	2.471671674E-1	3.448991199E-2
5.820000000E0	2.499847972E-1	3.375088774E-2
5.830000000E0	2.531375390E-1	3.274551164E-2
5.840000000E0	2.563195521E-1	3.210488546E-2
5.850000000E0	2.596504611E-1	3.120536240E-2
5.860000000E0	2.630574340E-1	3.067213190E-2
5.870000000E0	2.669437690E-1	2.990723939E-2
5.880000000E0	2.707066017E-1	2.901032079E-2
5.890000000E0	2.746634586E-1	2.839528307E-2
5.900000000E0	2.786817552E-1	2.768299118E-2
5.910000000E0	2.828425733E-1	2.670700322E-2
5.920000000E0	2.871665737E-1	2.573654418E-2
5.930000000E0	2.915230556E-1	2.469633493E-2
5.940000000E0	2.959565393E-1	2.414076803E-2
5.950000000E0	3.004557496E-1	2.329688928E-2
5.960000000E0	3.050343425E-1	2.230391307E-2
5.970000000E0	3.095878280E-1	2.141173096E-2
5.980000000E0	3.144339404E-1	2.072671321E-2
5.990000000E0	3.192660202E-1	2.002611394E-2
6.000000000E0	3.243425743E-1	1.911127308E-2
6.010000000E0	3.293856619E-1	1.825671362E-2
6.020000000E0	3.343905917E-1	1.770279283E-2
6.030000000E0	3.395202712E-1	1.684872435E-2
6.040000000E0	3.447096634E-1	1.613567151E-2
6.050000000E0	3.500969831E-1	1.538114202E-2
6.060000000E0	3.554825841E-1	1.467453085E-2
6.070000000E0	3.610807408E-1	1.396529383E-2
6.080000000E0	3.665924085E-1	1.319697696E-2
6.090000000E0	3.722831536E-1	1.241769756E-2
6.100000000E0	3.778855151E-1	1.203560272E-2
6.110000000E0	3.835771366E-1	1.170535239E-2
6.120000000E0	3.895884222E-1	1.121080295E-2
6.130000000E0	3.954595386E-1	1.060317493E-2
6.140000000E0	4.013264689E-1	9.950100236E-3
6.150000000E0	4.070871968E-1	9.712984946E-3
6.160000000E0	4.130872680E-1	9.189101033E-3
6.170000000E0	4.189790540E-1	9.181002642E-3
6.180000000E0	4.250702315E-1	9.218000502E-3
6.190000000E0	4.309368188E-1	8.846485778E-3
6.200000000E0	4.369442660E-1	8.100363102E-3
6.210000000E0	4.430319989E-1	7.909628235E-3
6.220000000E0	4.489481468E-1	7.740162206E-3
6.230000000E0	4.549442147E-1	7.688604038E-3
6.240000000E0	4.608928841E-1	7.554020194E-3
6.250000000E0	4.670948388E-1	7.506974826E-3
6.260000000E0	4.729327639E-1	7.487621430E-3
6.270000000E0	4.788988665E-1	7.584299620E-3
6.280000000E0	4.850123961E-1	7.199088285E-3
6.290000000E0	4.909992969E-1	7.035058426E-3
6.300000000E0	4.971248817E-1	7.011461251E-3
6.310000000E0	5.031700968E-1	7.027294817E-3
6.320000000E0	5.093454699E-1	6.985847544E-3
6.330000000E0	5.154146041E-1	6.859021035E-3
6.340000000E0	5.214827501E-1	6.803861699E-3
6.350000000E0	5.275458678E-1	6.826948754E-3
6.360000000E0	5.335316708E-1	6.781635411E-3
6.370000000E0	5.395157244E-1	6.795853405E-3
6.380000000E0	5.455841159E-1	6.828070447E-3
6.390000000E0	5.514561778E-1	7.029107336E-3
6.400000000E0	5.575376905E-1	6.987672283E-3
6.410000000E0	5.635101626E-1	7.068443499E-3
6.420000000E0	5.692189064E-1	7.190676467E-3
6.430000000E0	5.750038660E-1	7.323956060E-3
6.440000000E0	5.806616873E-1	7.549742922E-3
6.450000000E0	5.863787078E-1	7.554571179E-3
6.460000000E0	5.922999737E-1	7.775453225E-3
6.470000000E0	5.980157427E-1	7.805424339E-3
6.480000000E0	6.037004641E-1	7.876646929E-3
6.490000000E0	6.093104056E-1	8.450962646E-3
6.500000000E0	6.153103222E-1	9.191531626E-3
6.510000000E0	6.210794211E-1	9.177295159E-3
6.520000000E0	6.268472438E-1	9.116579284E-3
6.530000000E0	6.325903322E-1	9.141097000E-3
6.540000000E0	6.381393532E-1	9.322366112E-3
6.550000000E0	6.439216401E-1	9.733029378E-3
6.560000000E0	6.496835612E-1	1.014673725E-2
6.570000000E0	6.552916721E-1	1.037414728E-2
6.580000000E0	6.606805225E-1	1.098233319E-2
6.590000000E0	6.660621585E-1	1.136897413E-2
6.600000000E0	6.712309539E-1	1.214071847E-2
6.610000000E0	6.763912791E-1	1.266440200E-2
6.620000000E0	6.816075426E-1	1.310201994E-2
6.630000000E0	6.864889729E-1	1.405363843E-2
6.640000000E0	6.916510943E-1	1.472833679E-2
6.650000000E0	6.962764457E-1	1.547480239E-2
6.660000000E0	7.009238576E-1	1.641424895E-2
6.670000000E0	7.057862001E-1	1.672750219E-2
6.680000000E0	7.104401592E-1	1.768692285E-2
6.690000000E0	7.150127909E-1	1.821147309E-2
6.700000000E0	7.193450414E-1	1.886695449E-2
6.710000000E0	7.236640600E-1	1.969567738E-2
6.720000000E0	7.281700127E-1	2.030907121E-2
6.730000000E0	7.323671035E-1	2.112260828E-2
6.740000000E0	7.362752480E-1	2.217964887E-2
6.750000000E0	7.397055535E-1	2.313984011E-2
6.760000000E0	7.435813743E-1	2.371460254E-2
6.770000000E0	7.470336631E-1	2.444871767E-2
6.780000000E0	7.504015846E-1	2.536408186E-2
6.790000000E0	7.537412213E-1	2.625653655E-2
6.800000000E0	7.570741126E-1	2.714137158E-2
6.810000000E0	7.602130697E-1	2.767796007E-2
6.820000000E0	7.630058697E-1	2.869318118E-2
6.830000000E0	7.658123221E-1	2.896589073E-2
6.840000000E0	7.682518750E-1	2.987799405E-2
6.850000000E0	7.711628932E-1	3.013392218E-2
6.860000000E0	7.735121204E-1	3.097098783E-2
6.870000000E0	7.758331565E-1	3.135913104E-2
6.880000000E0	7.779984271E-1	3.210479631E-2
6.890000000E0	7.800472596E-1	3.239145871E-2
6.900000000E0	7.816822487E-1	3.325570541E-2
6.910000000E0	7.835012270E-1	3.344133131E-2
6.920000000E0	7.847717718E-1	3.416627239E-2
6.930000000E0	7.862076717E-1	3.449674268E-2
6.940000000E0	7.877028159E-1	3.453249867E-2
6.950000000E0	7.886204331E-1	3.503560389E-2
6.960000000E0	7.899726338E-1	3.548510722E-2
6.970000000E0	7.909077587E-1	3.563100125E-2
6.980000000E0	7.915884015E-1	3.584308804E-2
6.990000000E0	7.921885744E-1	3.593802181E-2
7.000000000E0	7.925140832E-1	3.622869116E-2
7.010000000E0	7.927081399E-1	3.649118283E-2
7.020000000E0	7.928244400E-1	3.657892141E-2
7.030000000E0	7.927770233E-1	3.665373039E-2
7.040000000E0	7.925801388E-1	3.664207343E-2
7.050000000E0	7.924295846E-1	3.660217070E-2
7.060000000E0	7.922357028E-1	3.649778567E-2
7.070000000E0	7.915024453E-1	3.646374581E-2
7.080000000E0	7.910595865E-1	3.621941935E-2
7.090000000E0	7.902350415E-1	3.616000401E-2
7.100000000E0	7.895898683E-1	3.571385399E-2
7.110000000E0	7.886602811E-1	3.549597583E-2
7.120000000E0	7.874189661E-1	3.522287097E-2
7.130000000E0	7.860589462E-1	3.503081702E-2
7.140000000E0	7.847400033E-1	3.459763673E-2
7.150000000E0	7.831546952E-1	3.426735328E-2
7.160000000E0	7.815478447E-1	3.377376176E-2
7.170000000E0	7.794932234E-1	3.327443857E-2
7.180000000E0	7.776793150E-1	3.241003458E-2
7.190000000E0	7.756053680E-1	3.193662102E-2
7.200000000E0	7.734338317E-1	3.122497259E-2
7.210000000E0	7.708928849E-1	3.062681291E-2
7.220000000E0	7.686350949E-1	2.992613147E-2
7.230000000E0	7.658707442E-1	2.963135769E-2
7.240000000E0	7.631538717E-1	2.883476724E-2
7.250000000E0	7.602836065E-1	2.857732567E-2
7.260000000E0	7.571805027E-1	2.774829813E-2
7.270000000E0	7.541377935E-1	2.688125165E-2
7.280000000E0	7.505425812E-1	2.617871608E-2
7.290000000E0	7.471575289E-1	2.557741019E-2
7.300000000E0	7.438549899E-1	2.458507586E-2
7.310000000E0	7.403856180E-1	2.374270381E-2
7.320000000E0	7.363424567E-1	2.305115552E-2
7.330000000E0	7.326311515E-1	2.215675631E-2
7.340000000E0	7.284549079E-1	2.119154417E-2
7.350000000E0	7.247507782E-1	2.011146186E-2
7.360000000E0	7.205968874E-1	1.940718508E-2
7.370000000E0	7.163087872E-1	1.884535328E-2
7.380000000E0	7.119577874E-1	1.800460409E-2
7.390000000E0	7.074580853E-1	1.759929257E-2
7.400000000E0	7.030839265E-1	1.684929327E-2
7.410000000E0	6.984390801E-1	1.622487661E-2
7.420000000E0	6.940049152E-1	1.553573864E-2
7.430000000E0	6.895116873E-1	1.457775328E-2
7.440000000E0	6.848471175E-1	1.416481872E-2
7.450000000E0	6.800785207E-1	1.354294677E-2
7.460000000E0	6.751753486E-1	1.282879457E-2
7.470000000E0	6.701281117E-1	1.223734947E-2
7.480000000E0	6.652053058E-1	1.146955680E-2
7.490000000E0	6.599246709E-1	1.106253303E-2
7.500000000E0	6.550675283E-1	1.026530731E-2
7.510000000E0	6.497874793E-1	1.002315317E-2
7.520000000E0	6.443925687E-1	9.775095721E-3
7.530000000E0	6.390180909E-1	9.398295984E-3
7.540000000E0	6.338507479E-1	8.934775946E-3
7.550000000E0	6.286275275E-1	8.927837804E-3
7.560000000E0	6.232154487E-1	8.926838846E-3
7.570000000E0	6.179020571E-1	9.076587699E-3
7.580000000E0	6.124272403E-1	8.984670239E-3
7.590000000E0	6.069331886E-1	8.255638671E-3
7.600000000E0	6.018290441E-1	7.939002826E-3
7.610000000E0	5.966633350E-1	7.984049955E-3
7.620000000E0	5.913794386E-1	8.030862907E-3
7.630000000E0	5.861621935E-1	7.961535809E-3
7.640000000E0	5.808619352E-1	7.735111532E-3
7.650000000E0	5.756899588E-1	7.808146911E-3
7.660000000E0	5.703021137E-1	7.828154777E-3
7.670000000E0	5.650327802E-1	7.709124970E-3
7.680000000E0	5.597685407E-1	7.636802269E-3
7.690000000E0	5.546816240E-1	7.642205583E-3
7.700000000E0	5.493257558E-1	7.622957798E-3
7.710000000E0	5.439359424E-1	7.692783816E-3
7.720000000E0	5.387377316E-1	7.552941366E-3
7.730000000E0	5.335395701E-1	7.628440089E-3
7.740000000E0	5.281881800E-1	7.707872225E-3
7.750000000E0	5.227828564E-1	7.801414643E-3
7.760000000E0	5.173906888E-1	7.821846365E-3
7.770000000E0	5.119254112E-1	7.912377037E-3
7.780000000E0	5.067019261E-1	7.861782126E-3
7.790000000E0	5.015215630E-1	7.821212848E-3
7.800000000E0	4.962168759E-1	7.854521017E-3
7.810000000E0	4.909431469E-1	7.827932981E-3
7.820000000E0	4.857101056E-1	7.720719534E-3
7.830000000E0	4.806393903E-1	7.939658601E-3
7.840000000E0	4.754407636E-1	8.028954207E-3
7.850000000E0	4.705578421E-1	8.109117144E-3
7.860000000E0	4.653161155E-1	8.250454298E-3
7.870000000E0	4.602717978E-1	8.167605761E-3
7.880000000E0	4.554067210E-1	8.412469013E-3
7.890000000E0	4.502835971E-1	8.259426439E-3
7.900000000E0	4.454082124E-1	8.661116999E-3
7.910000000E0	4.405351579E-1	8.803133332E-3
7.920000000E0	4.355572235E-1	9.001548289E-3
7.930000000E0	4.306800300E-1	9.241831849E-3
7.940000000E0	4.258972982E-1	9.414383762E-3
7.950000000E0	4.209067545E-1	9.505586440E-3
7.960000000E0	4.158419988E-1	9.941416709E-3
7.970000000E0	4.110588295E-1	1.011600664E-2
7.980000000E0	4.064144052E-1	1.025804844E-2
7.990000000E0	4.015811294E-1	1.097921130E-2
8.000000000E0	3.967813079E-1	1.120650299E-2
8.010000000E0	3.922689103E-1	1.139909455E-2
8.020000000E0	3.877162066E-1	1.219131868E-2
8.030000000E0	3.833204923E-1	1.227763608E-2
8.040000000E0	3.789597795E-1	1.262788761E-2
8.050000000E0	3.745941837E-1	1.319582088E-2
8.060000000E0	3.703061276E-1	1.336801388E-2
8.070000000E0	3.660628227E-1	1.368056777E-2
8.080000000E0	3.616785532E-1	1.442411137E-2
8.090000000E0	3.579437500E-1	1.470074638E-2
8.100000000E0	3.539141150E-1	1.536382207E-2
8.110000000E0	3.502052723E-1	1.564550406E-2
8.120000000E0	3.466316211E-1	1.617643200E-2
8.130000000E0	3.427478897E-1	1.668978159E-2
8.140000000E0	3.392903065E-1	1.707439542E-2
8.150000000E0	3.358668762E-1	1.764900912E-2
8.160000000E0	3.325378362E-1	1.792786231E-2
8.170000000E0	3.292111944E-1	1.857175546E-2
8.180000000E0	3.260337975E-1	1.904388062E-2
8.190000000E0	3.228576296E-1	1.947545744E-2
8.200000000E0	3.196623167E-1	2.003394185E-2
8.210000000E0	3.169153207E-1	2.016633159E-2
8.220000000E0	3.139406344E-1	2.088235740E-2
8.230000000E0	3.112186774E-1	2.111410599E-2
8.240000000E0	3.084517746E-1	2.145660754E-2
8.250000000E0	3.059700019E-1	2.200035521E-2
8.260000000E0	3.035979172E-1	2.231305792E-2
8.270000000E0	3.009743215E-1	2.312921581E-2
8.280000000E0	2.985972702E-1	2.335770727E-2
8.290000000E0	2.963620350E-1	2.364994338E-2
8.300000000E0	2.940468359E-1	2.423156032E-2
8.310000000E0	2.920536372E-1	2.456644987E-2
8.320000000E0	2.903085300E-1	2.458304728E-2
8.330000000E0	2.883786176E-1	2.520610237E-2
8.340000000E0	2.867359925E-1	2.546255286E-2
8.350000000E0	2.852555285E-1	2.569227026E-2
8.360000000E0	2.838473132E-1	2.584109195E-2
8.370000000E0	2.826388113E-1	2.596267126E-2
8.380000000E0	2.812127318E-1	2.628031359E-2
8.390000000E0	2.802990067E-1	2.666012434E-2
8.400000000E0	2.793333175E-1	2.679870595E-2
8.410000000E0	2.783788781E-1	2.684210672E-2
8.420000000E0	2.775957272E-1	2.688301466E-2
8.430000000E0	2.768639018E-1	2.693677809E-2
8.440000000E0	2.763243307E-1	2.688163825E-2
8.450000000E0	2.759089797E-1	2.695874327E-2
8.460000000E0	2.755326455E-1	2.690022212E-2
8.470000000E0	2.752085043E-1	2.680703014E-2
8.480000000E0	2.751255383E-1	2.675852695E-2
8.490000000E0	2.751110871E-1	2.671627304E-2
8.500000000E0	2.751654138E-1	2.671803662E-2
8.510000000E0	2.753095886E-1	2.674175275E-2
8.520000000E0	2.757395738E-1	2.662706466E-2
8.530000000E0	2.762496765E-1	2.666528471E-2
8.540000000E0	2.769925107E-1	2.660779613E-2
8.550000000E0	2.775561861E-1	2.649119457E-2
8.560000000E0	2.784150107E-1	2.646160589E-2
8.570000000E0	2.794692915E-1	2.614762708E-2
8.580000000E0	2.805517496E-1	2.575192750E-2
8.590000000E0	2.817013014E-1	2.559794102E-2
8.600000000E0	2.829244848E-1	2.557998613E-2
8.610000000E0	2.842044139E-1	2.536783044E-2
8.620000000E0	2.858934522E-1	2.483262433E-2
8.630000000E0	2.873980037E-1	2.456382034E-2
8.640000000E0	2.889730128E-1	2.434897967E-2
8.650000000E0	2.909557595E-1	2.405958925E-2
8.660000000E0	2.928481038E-1	2.358831557E-2
8.670000000E0	2.948914416E-1	2.331166976E-2
8.680000000E0	2.970247200E-1	2.285895988E-2
8.690000000E0	2.992858803E-1	2.247568640E-2
8.700000000E0	3.015715989E-1	2.212132730E-2
8.710000000E0	3.039173392E-1	2.164633563E-2
8.720000000E0	3.063182755E-1	2.120183205E-2
8.730000000E0	3.086648595E-1	2.102113397E-2
8.740000000E0	3.114754389E-1	2.026963807E-2
8.750000000E0	3.141225396E-1	2.002429759E-2
8.760000000E0	3.170654412E-1	1.931727720E-2
8.770000000E0	3.197838920E-1	1.904170586E-2
8.780000000E0	3.227246614E-1	1.828162212E-2
8.790000000E0	3.258754499E-1	1.792453268E-2
8.800000000E0	3.289541750E-1	1.730438118E-2
8.810000000E0	3.322451024E-1	1.690992469E-2
8.820000000E0	3.355738921E-1	1.656032395E-2
8.830000000E0	3.390049586E-1	1.605016998E-2
8.840000000E0	3.423993615E-1	1.551472850E-2
8.850000000E0	3.458611001E-1	1.487119903E-2
8.860000000E0	3.493451065E-1	1.462720755E-2
8.870000000E0	3.528627929E-1	1.432876975E-2
8.880000000E0	3.567835288E-1	1.349845666E-2
8.890000000E0	3.604607523E-1	1.325939479E-2
8.900000000E0	3.644641391E-1	1.253833688E-2
8.910000000E0	3.682203864E-1	1.216980231E-2
8.920000000E0	3.723487708E-1	1.150420857E-2
8.930000000E0	3.765277825E-1	1.116760005E-2
8.940000000E0	3.806056188E-1	1.110269486E-2
8.950000000E0	3.846715232E-1	1.059997569E-2
8.960000000E0	3.889622588E-1	1.017576472E-2
8.970000000E0	3.933252096E-1	9.913923147E-3
8.980000000E0	3.976789969E-1	9.613548240E-3
8.990000000E0	4.021523953E-1	9.119836450E-3
9.000000000E0	4.065442754E-1	8.792515458E-3
9.010000000E0	4.109501336E-1	8.568433049E-3
9.020000000E0	4.154409972E-1	8.738806720E-3
9.030000000E0	4.198909145E-1	9.145455980E-3
9.040000000E0	4.243690628E-1	9.231048074E-3
9.050000000E0	4.288071355E-1	9.093877562E-3
9.060000000E0	4.333089088E-1	8.295384677E-3
9.070000000E0	4.378905166E-1	7.911287199E-3
9.080000000E0	4.425206293E-1	7.624739168E-3
9.090000000E0	4.472191349E-1	7.571177099E-3
9.100000000E0	4.518420092E-1	7.514757827E-3
9.110000000E0	4.564124587E-1	7.297543539E-3
9.120000000E0	4.609936971E-1	6.914292419E-3
9.130000000E0	4.655524338E-1	6.799330758E-3
9.140000000E0	4.700658935E-1	6.880900001E-3
9.150000000E0	4.746869425E-1	6.543043439E-3
9.160000000E0	4.794776016E-1	6.630584387E-3
9.170000000E0	4.840163025E-1	6.585791762E-3
9.180000000E0	4.886344220E-1	6.698822705E-3
9.190000000E0	4.933218655E-1	6.742028443E-3
9.200000000E0	4.981094669E-1	6.695646332E-3
9.210000000E0	5.028099521E-1	6.780679107E-3
9.220000000E0	5.074643469E-1	6.854266400E-3
9.230000000E0	5.121932879E-1	6.800666702E-3
9.240000000E0	5.170914232E-1	6.841816233E-3
9.250000000E0	5.216783883E-1	6.838743250E-3
9.260000000E0	5.263206881E-1	7.005250223E-3
9.270000000E0	5.310891523E-1	6.781788512E-3
9.280000000E0	5.357544227E-1	6.776964278E-3
9.290000000E0	5.403817376E-1	6.925872149E-3
9.300000000E0	5.448840817E-1	6.975113134E-3
9.310000000E0	5.493381946E-1	7.041760205E-3
9.320000000E0	5.538183942E-1	7.230351602E-3
9.330000000E0	5.581984360E-1	7.377069701E-3
9.340000000E0	5.625756259E-1	7.501205573E-3
9.350000000E0	5.669723431E-1	7.779760574E-3
9.360000000E0	5.714053358E-1	7.895922654E-3
9.370000000E0	5.758145238E-1	7.877122575E-3
9.380000000E0	5.802874547E-1	7.939661164E-3
9.390000000E0	5.846265432E-1	8.014218927E-3
9.400000000E0	5.890498874E-1	8.076982081E-3
9.410000000E0	5.933948803E-1	8.075587926E-3
9.420000000E0	5.978113646E-1	8.021142111E-3
9.430000000E0	6.022654574E-1	8.044890088E-3
9.440000000E0	6.066296553E-1	8.109403719E-3
9.450000000E0	6.109474814E-1	8.982837067E-3
9.460000000E0	6.153682897E-1	9.156411009E-3
9.470000000E0	6.198334240E-1	9.134264823E-3
9.480000000E0	6.242618404E-1	9.060277321E-3
9.490000000E0	6.286800220E-1	9.133409568E-3
9.500000000E0	6.331187778E-1	9.219235575E-3
9.510000000E0	6.374189630E-1	9.167630020E-3
9.520000000E0	6.418053135E-1	9.340488785E-3
9.530000000E0	6.461419578E-1	9.281282403E-3
9.540000000E0	6.500516311E-1	9.858828649E-3
9.550000000E0	6.541654300E-1	1.001336910E-2
9.560000000E0	6.581014826E-1	1.026349197E-2
9.570000000E0	6.619317379E-1	1.082297261E-2
9.580000000E0	6.658004472E-1	1.113380257E-2
9.590000000E0	6.697195090E-1	1.141623139E-2
9.600000000E0	6.732681648E-1	1.216687912E-2
9.610000000E0	6.769143766E-1	1.224497757E-2
9.620000000E0	6.805747634E-1	1.249516420E-2
9.630000000E0	6.839924099E-1	1.318900838E-2
9.640000000E0	6.873225193E-1	1.345171085E-2
9.650000000E0	6.906306342E-1	1.368390859E-2
9.660000000E0	6.937948408E-1	1.423658893E-2
9.670000000E0	6.970644627E-1	1.466004911E-2
9.680000000E0	6.998991704E-1	1.526076119E-2
9.690000000E0	7.029289971E-1	1.555464702E-2
9.700000000E0	7.059032995E-1	1.573652330E-2
9.710000000E0	7.085153539E-1	1.641799845E-2
9.720000000E0	7.111885304E-1	1.679668709E-2
9.730000000E0	7.136882579E-1	1.737254561E-2
9.740000000E0	7.161668852E-1	1.779025568E-2
9.750000000E0	7.183696681E-1	1.803299224E-2
9.760000000E0	7.206058198E-1	1.839403372E-2
9.770000000E0	7.227268135E-1	1.886372540E-2
9.780000000E0	7.248434950E-1	1.908355414E-2
9.790000000E0	7.266646640E-1	1.952683832E-2
9.800000000E0	7.286709381E-1	2.016544223E-2
9.810000000E0	7.304111641E-1	2.039939413E-2
9.820000000E0	7.317661019E-1	2.103338043E-2
9.830000000E0	7.335246026E-1	2.119653113E-2
9.840000000E0	7.349737911E-1	2.143475405E-2
9.850000000E0	7.360947555E-1	2.204515524E-2
9.860000000E0	7.373748085E-1	2.230204867E-2
9.870000000E0	7.384572928E-1	2.255347451E-2
9.880000000E0	7.394804077E-1	2.277365472E-2
9.890000000E0	7.402602271E-1	2.304964315E-2
9.900000000E0	7.412384863E-1	2.323581783E-2
9.910000000E0	7.418574644E-1	2.339123302E-2
9.920000000E0	7.425113856E-1	2.335467786E-2
9.930000000E0	7.429876256E-1	2.345627416E-2
9.940000000E0	7.436146931E-1	2.344541521E-2
9.950000000E0	7.438006220E-1	2.343472316E-2
9.960000000E0	7.439059781E-1	2.340049162E-2
9.970000000E0	7.440354638E-1	2.346213237E-2
9.980000000E0	7.440066933E-1	2.343120627E-2
9.990000000E0	7.438292412E-1	2.334989420E-2
1.000000000E1	7.436953389E-1	2.330265442E-2
1.001000000E1	7.434370887E-1	2.318622892E-2
1.002000000E1	7.430143296E-1	2.333489994E-2
1.003000000E1	7.424689401E-1	2.315050177E-2
1.004000000E1	7.416816133E-1	2.312541510E-2
1.005000000E1	7.413624000E-1	2.251442309E-2
1.006000000E1	7.404448597E-1	2.232868773E-2
1.007000000E1	7.394089047E-1	2.223775544E-2
1.008000000E1	7.382815967E-1	2.218818896E-2
1.009000000E1	7.370982021E-1	2.207017121E-2
